date,open,high,low,close,volume
2006-02-13 00:00:00-05:00,80.95277314445626,83.05364869129863,80.95277314445626,82.02349090576172,1570700
2006-02-14 00:00:00-05:00,82.08835927647635,84.254133998352,82.08835927647635,84.1162338256836,2046600
2006-02-15 00:00:00-05:00,83.7512636961526,84.76520151329731,83.1834609939857,84.60297393798828,1410700
2006-02-16 00:00:00-05:00,84.31906880927552,85.08966528549054,83.35380418799173,84.87065124511719,1326000
2006-02-17 00:00:00-05:00,84.92741148889263,85.29243274057167,84.28660836720744,85.21131896972656,1248700
2006-02-21 00:00:00-05:00,85.10586106085566,85.49521580463058,84.68406576130123,85.20320129394531,1784000
2006-02-22 00:00:00-05:00,85.17079231189366,86.72819960033611,85.17079231189366,86.30640411376953,2249800
2006-02-23 00:00:00-05:00,86.50918790625677,87.19866448071261,86.08738624967204,86.57408142089844,1179500
2006-02-24 00:00:00-05:00,87.11752586237716,87.304086928089,86.59027703614977,86.9228515625,1325600
2006-02-27 00:00:00-05:00,87.09317899992297,88.27745727458986,86.69571103833775,88.12333679199219,1276500
2006-02-28 00:00:00-05:00,87.969261354853,88.04226811136643,86.65520162347777,86.9877700805664,1551800
2006-03-01 00:00:00-05:00,89.02374257830147,89.68888555548887,88.1071449965022,89.57532501220703,2693400
2006-03-02 00:00:00-05:00,89.2265112111301,89.30762498360521,88.12334657743303,88.73982238769531,1884100
2006-03-03 00:00:00-05:00,88.56947505877943,91.14893243966297,88.4559145479958,90.44322967529297,1874400
2006-03-06 00:00:00-05:00,90.27292909264767,90.71905810114653,89.2508778520618,90.50816345214844,1433200
2006-03-07 00:00:00-05:00,89.85918911553745,91.16514101042725,89.85918911553745,90.84879302978516,1314200
2006-03-08 00:00:00-05:00,90.9218189504815,91.00293891778331,89.21840484308196,90.67036437988281,1445100
2006-03-09 00:00:00-05:00,90.76776631983066,91.96101196152978,90.61353543761972,91.19798278808594,2125000
2006-03-10 00:00:00-05:00,90.97881799635792,91.8717209169359,90.64600529165155,90.9219970703125,1251600
2006-03-13 00:00:00-05:00,90.94635367180823,91.63632387188167,90.71095090839177,91.17363739013672,1208000
2006-03-14 00:00:00-05:00,91.31975974587655,93.18674397788816,91.27917070878247,93.1542739868164,1674500
2006-03-15 00:00:00-05:00,92.82958132335175,94.16082000732422,92.72405849593333,94.16082000732422,1573300
2006-03-16 00:00:00-05:00,94.1608483678686,94.1608483678686,92.5373854649743,92.95137023925781,1471800
2006-03-17 00:00:00-05:00,93.51143781757126,93.51143781757126,92.17208620526355,93.3003921508789,1732300
2006-03-20 00:00:00-05:00,93.04064441302468,93.32474913118456,92.05845027709003,92.53736877441406,1389000
2006-03-21 00:00:00-05:00,92.00970523186724,92.78085337773366,91.84736151327216,91.90418243408203,1590900
2006-03-22 00:00:00-05:00,91.49021084453068,93.24355297989203,90.42684509335419,92.8945083618164,2797400
2006-03-23 00:00:00-05:00,92.52923622515013,92.74028806770798,90.59731823055638,91.72562408447266,2004300
2006-03-24 00:00:00-05:00,91.76620219457587,91.76620219457587,90.61353934017271,90.75965118408203,972000
2006-03-27 00:00:00-05:00,90.67036340823307,91.72561633889617,90.67036340823307,91.51456451416016,1009700
2006-03-28 00:00:00-05:00,91.35219718699152,92.00969724112053,91.03562262811346,91.4171371459961,896200
2006-03-29 00:00:00-05:00,91.01130596010475,91.37658252926565,90.49991133165825,90.76778411865234,1199300
2006-03-30 00:00:00-05:00,90.3051078475093,91.62011479351696,89.70442841474855,90.47557067871094,1175200
2006-03-31 00:00:00-05:00,90.78399370052017,91.83924649671017,90.6460009143616,91.6769027709961,1393200
2006-04-03 00:00:00-04:00,92.21265385654883,93.25978774295686,91.96913823672038,93.08932495117188,1476400
2006-04-04 00:00:00-04:00,93.08930947428978,94.98875700382361,92.90260862307997,94.90758514404297,1879000
2006-04-05 00:00:00-04:00,94.68841681778513,95.75990142702567,94.53418595509388,95.55696868896484,1460700
2006-04-06 00:00:00-04:00,95.5570048488264,96.57978796973016,94.9725573511671,95.9466323852539,1294200
2006-04-07 00:00:00-04:00,96.75832171681608,96.79891073940561,94.90757623821555,95.0536880493164,1458900
2006-04-10 00:00:00-04:00,95.25661984513104,96.0277679156871,94.76146350085234,95.62190246582031,1325100
2006-04-11 00:00:00-04:00,96.10898817384047,96.23074910873035,94.0147199113935,94.20953369140625,1391700
2006-04-12 00:00:00-04:00,93.99848135914681,94.44492983146269,92.82146732918393,92.87828826904297,1859600
2006-04-13 00:00:00-04:00,92.78084663169156,93.2760029883247,92.38309402192694,93.227294921875,971900
2006-04-17 00:00:00-04:00,92.78083312020505,93.17857947903121,91.6444087591157,91.96098327636719,1020100
2006-04-18 00:00:00-04:00,92.1233706714778,93.64942926645126,92.1233706714778,93.57637023925781,2126000
2006-04-19 00:00:00-04:00,94.1932899184461,94.78585023093152,93.51955153091981,93.88483428955078,1012100
2006-04-20 00:00:00-04:00,94.07964580464527,94.98066791758716,93.53578739572143,93.57637023925781,1278800
2006-04-21 00:00:00-04:00,94.23386637210186,94.56667911674899,93.30038050261639,93.66565704345703,1519300
2006-04-24 00:00:00-04:00,93.30846656639476,94.16078650767906,92.71590646421956,93.89291381835938,1091100
2006-04-25 00:00:00-04:00,93.75493540293905,93.83610726858075,92.19641328775958,92.35875701904297,1241500
2006-04-26 00:00:00-04:00,92.88639617399367,93.34908268392374,92.4074715728985,92.78898620605469,819200
2006-04-27 00:00:00-04:00,92.58604068165116,93.57635354391172,91.77430963953809,93.51141357421875,1191500
2006-04-28 00:00:00-04:00,93.008156685694,93.54389602451153,92.51300018858029,93.45460510253906,1201100
2006-05-01 00:00:00-04:00,93.45460173810804,93.58448169012573,92.08278035476883,92.21265411376953,1197100
2006-05-02 00:00:00-04:00,92.69967273458367,94.51795453571269,92.13146354236568,94.2257308959961,1511000
2006-05-03 00:00:00-04:00,92.74028498374395,93.1542696091823,91.72562103425003,92.68346405029297,2104800
2006-05-04 00:00:00-04:00,92.95134824927705,96.01969141897033,92.84581922202199,95.9466323852539,2298300
2006-05-05 00:00:00-04:00,96.5878720544989,97.415841160577,96.11707277096215,96.84762573242188,2298600
2006-05-08 00:00:00-04:00,96.92071383406396,97.18046758994916,96.35249823536518,96.64472198486328,773300
2006-05-09 00:00:00-04:00,96.23071811851334,97.07491295770959,95.86543543147964,96.93692016601562,875800
2006-05-10 00:00:00-04:00,96.31191165158711,96.31191165158711,95.44335948344695,95.85733795166016,1281300
2006-05-11 00:00:00-04:00,95.5245165215183,95.77615118187457,94.3637407956235,95.19170379638672,1308500
2006-05-12 00:00:00-04:00,95.35406414749744,95.37029604641525,93.3490871116939,93.39778900146484,991000
2006-05-15 00:00:00-04:00,92.78085730378974,93.94163290060938,92.66721545736121,93.70623016357422,991400
2006-05-16 00:00:00-04:00,94.24194776732521,94.33935769604146,93.26787325222178,93.69808959960938,893000
2006-05-17 00:00:00-04:00,93.69807906661364,93.70619810801432,88.72217188641478,89.2254409790039,3206800
2006-05-18 00:00:00-04:00,89.49336419007325,89.69629698869021,88.12153648965709,88.68163299560547,2257100
2006-05-19 00:00:00-04:00,89.12810922621462,89.47715397213277,87.21242264764325,88.75470733642578,2277100
2006-05-22 00:00:00-04:00,88.64104010084482,89.59077026373134,87.5857933097736,89.33101654052734,1822200
2006-05-23 00:00:00-04:00,89.89921001615932,90.09402372594214,87.40719604492188,87.40719604492188,1565800
2006-05-24 00:00:00-04:00,87.4153023785119,87.74810882629016,86.04347517926625,87.11495971679688,2329900
2006-05-25 00:00:00-04:00,87.91045688654559,88.0646815426801,86.89579328532976,87.43965148925781,1346200
2006-05-26 00:00:00-04:00,87.43964576160978,87.61010849228624,86.81460955611473,87.25294494628906,1018500
2006-05-30 00:00:00-04:00,87.0500287494079,87.65882698572447,86.08407309236976,87.10684967041016,1445300
2006-05-31 00:00:00-04:00,87.58579299725122,89.07937535209054,87.50462112023034,88.69786071777344,1517100
2006-06-01 00:00:00-04:00,88.69787370655989,90.42686528608006,88.69787370655989,90.38627624511719,1269300
2006-06-02 00:00:00-04:00,90.37813490169816,90.49178294975314,89.66381378531182,90.20767211914062,1157600
2006-06-05 00:00:00-04:00,89.61512531328094,90.06969280145934,87.33415644034564,87.45591735839844,1288500
2006-06-06 00:00:00-04:00,87.65884754929445,88.09718312543184,86.23020514523633,87.8861312866211,1648000
2006-06-07 00:00:00-04:00,88.65724993105157,89.61509264122778,87.40718360129515,87.46400451660156,1665400
2006-06-08 00:00:00-04:00,87.46405596204262,87.68340391574361,84.93746058610813,87.54529571533203,2169000
2006-06-09 00:00:00-04:00,87.64272263873757,88.0733048213138,86.32662339562904,86.5784683227539,1218700
2006-06-12 00:00:00-04:00,86.36729255701603,87.13095982938611,85.32740889994768,85.38427734375,1144400
2006-06-13 00:00:00-04:00,85.38427539003082,86.57039304662149,84.2793974801281,85.46551513671875,1878900
2006-06-14 00:00:00-04:00,85.4573804911684,86.00169351638996,84.57997650537602,85.80671691894531,1384700
2006-06-15 00:00:00-04:00,86.52160351896939,89.1538083130668,86.15602175802519,88.95883178710938,1738500
2006-06-16 00:00:00-04:00,88.53642170900581,89.23508842660004,88.17083358430979,89.0726089477539,1430000
2006-06-19 00:00:00-04:00,89.24318424810171,90.16121096962095,88.78011107110441,89.1375732421875,1282600
2006-06-20 00:00:00-04:00,89.40565404908163,89.8037329066748,88.00018310546875,88.00018310546875,1944500
2006-06-21 00:00:00-04:00,90.1368388622847,92.6065646865397,89.48691492844482,92.5009536743164,4417000
2006-06-22 00:00:00-04:00,92.20851384064771,92.94780974613364,91.23362454363692,92.19226837158203,1703100
2006-06-23 00:00:00-04:00,92.00536587701595,94.15825205770591,91.9566232957343,93.45957946777344,1507200
2006-06-26 00:00:00-04:00,93.45963393187617,94.11768395542816,92.54973262915352,93.4433822631836,1230900
2006-06-27 00:00:00-04:00,93.71145929385398,94.45887474335552,92.62283325195312,92.62283325195312,1720800
2006-06-28 00:00:00-04:00,93.0208862186271,93.10212592765114,91.56667249378424,91.77790069580078,1988500
2006-06-29 00:00:00-04:00,92.69597372003587,95.05196380615234,92.27352327477031,95.05196380615234,2672000
2006-06-30 00:00:00-04:00,95.05189293986567,95.35248662752012,94.20698648106168,94.93815612792969,1102500
2006-07-03 00:00:00-04:00,95.04380996906355,96.09994506835938,94.96257023793176,96.09994506835938,549100
2006-07-05 00:00:00-04:00,95.90494969925913,96.46550807306723,94.15826792998935,95.19002532958984,1675200
2006-07-06 00:00:00-04:00,95.37690832649308,95.62062753880333,93.92269409305496,94.6944808959961,1353000
2006-07-07 00:00:00-04:00,94.69446839822174,94.69446839822174,92.83404952494325,92.93966674804688,1434100
2006-07-10 00:00:00-04:00,93.75209735926349,93.75209735926349,92.35475143405353,93.41900634765625,895300
2006-07-11 00:00:00-04:00,92.9396563864915,93.42710089063007,91.42857408492674,93.23212432861328,1512400
2006-07-12 00:00:00-04:00,93.38648687917376,93.48397826861846,91.38795988201059,91.47732543945312,1635000
2006-07-13 00:00:00-04:00,91.47732571872774,91.51794868066882,89.49505037951714,89.8118896484375,1820500
2006-07-14 00:00:00-04:00,89.60880808537472,89.76316174063967,87.25281830305498,88.56079864501953,2450500
2006-07-17 00:00:00-04:00,88.5526594735914,89.24320649590258,87.95959765082885,88.40642547607422,1289300
2006-07-18 00:00:00-04:00,88.97510328794583,89.30006839177433,87.17155904817557,88.0652084350586,1948200
2006-07-19 00:00:00-04:00,88.55266514535609,91.55045918736887,87.85399224560138,91.35547637939453,2646400
2006-07-20 00:00:00-04:00,92.20851390496524,92.50910776754749,87.80525419988965,87.84587097167969,2446700
2006-07-21 00:00:00-04:00,88.04895536576998,88.43891472377996,84.71807705061826,88.13832092285156,3207100
2006-07-24 00:00:00-04:00,88.91822894780348,90.09622659608698,88.16268776586766,89.72251892089844,1627900
2006-07-25 00:00:00-04:00,86.854726027617,89.59254281361964,84.98618119476421,88.80450439453125,4954000
2006-07-26 00:00:00-04:00,88.63390215474772,88.63390215474772,85.3436463984374,86.65162658691406,3561400
2006-07-27 00:00:00-04:00,85.45738174571508,86.65974467883493,82.34585098265094,82.71955871582031,4047300
2006-07-28 00:00:00-04:00,82.76831464481371,86.0342057663938,82.61396098555366,85.53863525390625,2999600
2006-07-31 00:00:00-04:00,85.46546932602621,85.46546932602621,84.61244314574402,85.06739044189453,2174600
2006-08-01 00:00:00-04:00,84.8968253187976,84.91307078782506,82.74393807825129,83.84881591796875,2563100
2006-08-02 00:00:00-04:00,84.16566041502539,84.57999117990116,83.13390261808632,83.93818664550781,1663300
2006-08-03 00:00:00-04:00,82.54893881145749,86.2941475115736,82.54893881145749,85.58734893798828,1806200
2006-08-04 00:00:00-04:00,86.15604165849149,89.04009205637138,84.0275262479854,84.9049301147461,2705700
2006-08-07 00:00:00-04:00,84.89682316637908,85.26240509308077,83.48323186541909,83.80819702148438,1423200
2006-08-08 00:00:00-04:00,84.28747926114615,84.84804375724417,82.66266038382285,83.18260192871094,1750700
2006-08-09 00:00:00-04:00,83.67818376993654,84.47434785728261,79.55926759346059,79.94110107421875,4002400
2006-08-10 00:00:00-04:00,79.94111679894772,81.62280465272492,79.63239714193537,81.46844482421875,2848800
2006-08-11 00:00:00-04:00,81.36280691971278,81.36280691971278,79.44552013923459,79.89234161376953,2025100
2006-08-14 00:00:00-04:00,80.71287057395378,81.85024494433222,79.55112491391301,79.81922149658203,3220700
2006-08-15 00:00:00-04:00,80.22542218116699,81.52527588319826,79.67298358302978,81.3302993774414,3193500
2006-08-16 00:00:00-04:00,82.70334078435458,84.91309078602092,81.46034827328444,84.61250305175781,3961600
2006-08-17 00:00:00-04:00,83.80004826548875,85.04303391410312,83.47508319831411,84.67745208740234,1974200
2006-08-18 00:00:00-04:00,84.89676234721838,85.17297850316886,83.86500537891051,84.39306640625,1342000
2006-08-21 00:00:00-04:00,84.00318489216193,84.05192750273498,82.11026833776346,82.3702392578125,1771500
2006-08-22 00:00:00-04:00,82.37832419596978,83.06887102845042,81.54966303843896,81.79338836669922,1857800
2006-08-23 00:00:00-04:00,81.89093039396722,82.1996439622949,80.04675622489843,80.55857849121094,2377700
2006-08-24 00:00:00-04:00,81.24095846404398,81.4440608602041,79.46177949025959,79.71363067626953,3731900
2006-08-25 00:00:00-04:00,79.71361902214201,80.96473034335907,79.55113341005337,80.55039978027344,1433300
2006-08-28 00:00:00-04:00,80.91597980105179,82.84139242463426,80.89973433929237,81.97211456298828,1958300
2006-08-29 00:00:00-04:00,81.97210297089049,82.33768469160468,80.72911768263265,81.33842468261719,2141900
2006-08-30 00:00:00-04:00,81.85026224430923,82.1833531352748,80.70476180253168,81.67965698242188,1419100
2006-08-31 00:00:00-04:00,81.59840965634369,82.17521963983832,81.32218721177036,82.07772827148438,1227400
2006-09-01 00:00:00-04:00,82.3783481157345,82.93890661639138,81.5903096834927,82.71955871582031,1164000
2006-09-05 00:00:00-04:00,82.71956153108319,83.43447988866978,82.0452599425876,82.50021362304688,1881300
2006-09-06 00:00:00-04:00,82.50020280766857,82.6220592971614,81.20034240326987,81.8583984375,2193600
2006-09-07 00:00:00-04:00,82.00477308631743,82.19179711586435,80.86638132442108,81.72017669677734,2049400
2006-09-08 00:00:00-04:00,81.99662034957952,81.99662034957952,81.1103052053289,81.89091491699219,1511200
2006-09-11 00:00:00-04:00,81.89092534482685,82.9317384262464,80.77692679788561,82.73658752441406,2216400
2006-09-12 00:00:00-04:00,83.30579824972178,85.26545939991392,83.20822587957888,85.22480010986328,2539200
2006-09-13 00:00:00-04:00,85.20849568238472,87.24946814463497,84.97268557127957,86.64774322509766,2625000
2006-09-14 00:00:00-04:00,86.59896087646484,86.60709397133905,84.96455621583542,85.37925720214844,1907200
2006-09-15 00:00:00-04:00,86.02979451025395,86.87545052270491,85.21665847973637,86.1111068725586,2554600
2006-09-18 00:00:00-04:00,86.59897692501791,88.3878734973741,86.51766457240805,87.47716522216797,2430400
2006-09-19 00:00:00-04:00,87.53406378564542,88.20896793977381,86.07855006437096,86.87541961669922,2505500
2006-09-20 00:00:00-04:00,87.57471687768574,88.12764943005274,86.72906116581471,87.43648529052734,2590600
2006-09-21 00:00:00-04:00,89.03025614512636,89.16036087888916,85.05402172459421,86.19241333007812,4931200
2006-09-22 00:00:00-04:00,86.6803147628343,87.08688284915505,85.22480026935766,86.21682739257812,1782600
2006-09-25 00:00:00-04:00,87.00554700483822,87.00554700483822,84.39538133914128,85.68013763427734,2549800
2006-09-26 00:00:00-04:00,86.151774136211,89.19290785774061,85.98101628613634,89.09532928466797,3451100
2006-09-27 00:00:00-04:00,89.0952859033084,89.61569229883168,87.94876769570459,89.60755920410156,2525000
2006-09-28 00:00:00-04:00,89.09531558673261,89.45309742925528,88.13581481211462,89.18476104736328,1634800
2006-09-29 00:00:00-04:00,88.85948519141007,89.46120398672325,87.69670067127012,88.3716049194336,1697600
2006-10-02 00:00:00-04:00,88.55046818731252,88.7374859014475,87.63162098781807,88.09510803222656,1184000
2006-10-03 00:00:00-04:00,87.81869260150023,89.46122467792163,87.30641912800299,89.0709228515625,1789400
2006-10-04 00:00:00-04:00,88.95706415948607,90.98990380570955,87.95690432390104,90.58333587646484,2376500
2006-10-05 00:00:00-04:00,90.58334893366421,92.23401397173645,90.07106929858305,91.82744598388672,1762400
2006-10-06 00:00:00-04:00,91.19322151162002,91.65670887429889,89.94912418041551,91.31519317626953,1630400
2006-10-09 00:00:00-04:00,91.31517998410992,91.31517998410992,89.79461335245794,90.8272933959961,1245000
2006-10-10 00:00:00-04:00,91.39647113585195,92.56738254586207,91.13626791099036,91.92501068115234,1895300
2006-10-11 00:00:00-04:00,91.59974718190884,91.59974718190884,89.6075607916185,90.25807189941406,1832100
2006-10-12 00:00:00-04:00,91.06310758763931,91.43714943886343,90.40446935002032,91.22573852539062,1739700
2006-10-13 00:00:00-04:00,91.60790462594429,93.1528580610697,90.8598147920188,92.68124389648438,2231900
2006-10-16 00:00:00-04:00,92.6893731817642,95.136914338984,92.38038372751228,94.84418487548828,2347300
2006-10-17 00:00:00-04:00,94.43760956917947,94.48639574141434,92.33971731078992,94.17740631103516,2965600
2006-10-18 00:00:00-04:00,94.66527939650604,95.12063971619503,91.61601979059418,92.29092407226562,2438900
2006-10-19 00:00:00-04:00,92.53488156141357,94.32377832399514,92.48608918167136,93.73831939697266,1756300
2006-10-20 00:00:00-04:00,94.28309757204345,94.73845785811157,93.11218618836536,94.48638153076172,1603000
2006-10-23 00:00:00-04:00,94.48637758213023,94.80350004817932,92.998343781336,93.22602081298828,1655400
2006-10-24 00:00:00-04:00,92.73816540549586,94.32377816031733,92.73816540549586,93.74645233154297,1964200
2006-10-25 00:00:00-04:00,93.68140014908391,94.64903399838225,92.50235540120896,93.6407470703125,2187300
2006-10-26 00:00:00-04:00,93.64072195556305,94.08794292451564,92.77066069165784,93.87652587890625,1271100
2006-10-27 00:00:00-04:00,93.46996152928105,93.51062080242792,92.56738025828064,92.72187805175781,1333600
2006-10-30 00:00:00-05:00,92.23397825458214,94.29934357750437,92.1445328355937,94.22615814208984,1362900
2006-10-31 00:00:00-05:00,94.40507136738903,95.12063488898617,92.72188039849412,93.13658142089844,1504400
2006-11-01 00:00:00-05:00,93.42117738998598,93.72203988808725,90.84353823218082,91.477783203125,2228300
2006-11-02 00:00:00-05:00,90.88419069855462,92.27465845328865,90.25807882732343,91.14439392089844,1298900
2006-11-03 00:00:00-05:00,92.03071698303263,92.69748814080837,90.95737789481475,91.12813568115234,1419900
2006-11-06 00:00:00-05:00,91.85996172940656,92.91703465546058,91.85996172940656,92.6487045288086,1243400
2006-11-07 00:00:00-05:00,92.57553344033322,93.84402983368652,92.04699379341395,93.5350341796875,1550600
2006-11-08 00:00:00-05:00,93.38864691872237,94.0472911460483,92.20960247090615,93.42117309570312,1418000
2006-11-09 00:00:00-05:00,93.8115232325673,93.8115232325673,92.27469635009766,92.27469635009766,1527700
2006-11-10 00:00:00-05:00,92.53483565738485,93.54312208499799,91.91685085167828,93.30731201171875,1103700
2006-11-13 00:00:00-05:00,93.59191785501713,95.06369769096075,93.51060552574135,93.843994140625,1414300
2006-11-14 00:00:00-05:00,94.31561771892787,94.32375081380208,92.73000542381001,93.91718292236328,1626400
2006-11-15 00:00:00-05:00,94.23432548170233,95.9419097492287,94.07982766480619,95.38897705078125,1856300
2006-11-16 00:00:00-05:00,95.93381287021654,96.29158858439156,95.00683188255941,96.06391143798828,2077000
2006-11-17 00:00:00-05:00,96.0720234089971,96.33222669105369,95.13691573157213,95.49469757080078,1287800
2006-11-20 00:00:00-05:00,96.18585392720601,96.18585392720601,95.03120234720805,95.60852813720703,944500
2006-11-21 00:00:00-05:00,96.17772083052009,96.39727101489447,95.44589722216396,95.60852813720703,967000
2006-11-22 00:00:00-05:00,96.13706899360226,96.93393877451082,95.47029774266981,96.46231842041016,1074200
2006-11-24 00:00:00-05:00,96.12083682342849,96.16962301397125,95.21012197629383,95.42967224121094,725600
2006-11-27 00:00:00-05:00,95.169447864365,95.98258394707105,93.88469136479279,94.40509796142578,1812200
2006-11-28 00:00:00-05:00,94.4050792315909,94.67341557454299,93.03901063552138,94.2424545288086,1484900
2006-11-29 00:00:00-05:00,94.57583112101038,95.2670015739839,93.74643526267027,94.32376098632812,1436000
2006-11-30 00:00:00-05:00,94.32377780807884,94.40509016889044,93.01462832668513,93.86029052734375,1511900
2006-12-01 00:00:00-05:00,93.91715750963338,94.25054606819488,92.26649330963696,93.4048843383789,1568300
2006-12-04 00:00:00-05:00,93.83589398183474,95.26701505358004,93.66513616930179,94.3481674194336,1412000
2006-12-05 00:00:00-05:00,94.42136374512879,95.73864022297313,93.88469095509149,95.52722930908203,1442400
2006-12-06 00:00:00-05:00,95.27514825148,95.60853700544068,94.6165100447346,94.7059555053711,1156600
2006-12-07 00:00:00-05:00,95.54348741753978,95.54348741753978,94.46201496468294,94.99868774414062,1337500
2006-12-08 00:00:00-05:00,94.62432724342936,94.819628556101,93.54202134544818,93.82684326171875,1376800
2006-12-11 00:00:00-05:00,93.82686240773651,94.23374384713082,93.42811412699709,93.63969421386719,1320300
2006-12-12 00:00:00-05:00,93.63964873631134,93.9244643638586,92.7689231272297,93.33855438232422,1894700
2006-12-13 00:00:00-05:00,93.9082080717707,93.9082080717707,91.91448591742649,92.10165405273438,2247600
2006-12-14 00:00:00-05:00,92.1017128373659,93.761790395267,91.6866918957606,93.558349609375,1481000
2006-12-15 00:00:00-05:00,93.7454799547951,94.36394147315438,93.37928914742807,93.63155364990234,1883800
2006-12-18 00:00:00-05:00,93.58272986452486,94.030301925545,93.09447338519615,93.63155364990234,2312400
2006-12-19 00:00:00-05:00,93.57462095593107,93.58276032564933,91.95523405911631,92.76899719238281,2285000
2006-12-20 00:00:00-05:00,89.5871467176381,91.44253117987094,89.18840467046682,91.01937103271484,5224900
2006-12-21 00:00:00-05:00,91.14145539802152,91.30420551353897,87.9352272124722,88.32583618164062,4037900
2006-12-22 00:00:00-05:00,88.7001340592581,88.7001340592581,86.82034421408541,87.455078125,2362800
2006-12-26 00:00:00-05:00,88.29327891666289,88.29327891666289,86.82036998321223,87.41441345214844,1607900
2006-12-27 00:00:00-05:00,87.88638634450086,88.61877413907526,87.21910106689259,87.83756256103516,1427900
2006-12-28 00:00:00-05:00,87.56087214059278,88.27698734616664,87.15399075870478,87.84568786621094,1328800
2006-12-29 00:00:00-05:00,87.72365997656242,88.61065872808292,87.5853155384788,88.39094543457031,1462200
2007-01-03 00:00:00-05:00,88.49671627429763,90.3765066056741,88.42348059264215,89.32675170898438,2596700
2007-01-04 00:00:00-05:00,89.32677224493519,89.32677224493519,88.08171570241124,88.27702331542969,2248200
2007-01-05 00:00:00-05:00,88.08982409537786,88.3176766885897,87.1051718412738,87.50391387939453,1346800
2007-01-08 00:00:00-05:00,87.88638604029467,88.13865053201799,87.00752068984747,87.76432037353516,1456700
2007-01-09 00:00:00-05:00,88.53740911554274,89.08262878766313,87.30862535496527,88.02473449707031,1627100
2007-01-10 00:00:00-05:00,87.48763044745904,87.79685804133402,86.77151529119755,87.55272674560547,1252800
2007-01-11 00:00:00-05:00,87.75615889657753,88.08980455442338,87.04005001840646,87.6178207397461,1613900
2007-01-12 00:00:00-05:00,87.48766384269375,88.87105849050481,87.47952447412474,88.58624267578125,1541700
2007-01-16 00:00:00-05:00,91.06004073720953,91.87380337792005,90.43344002709335,90.88101196289062,3118300
2007-01-17 00:00:00-05:00,90.42532574059652,91.10074415485887,90.36836259220047,90.53111267089844,1801900
2007-01-18 00:00:00-05:00,91.81688526133546,91.81688526133546,89.8801252533562,90.17308044433594,1857200
2007-01-19 00:00:00-05:00,90.5311145989608,90.83220908033383,89.94520436954178,90.3114013671875,1401200
2007-01-22 00:00:00-05:00,90.04284069459457,90.42531014293107,88.40717598919404,89.20466613769531,2168500
2007-01-23 00:00:00-05:00,89.2046260364844,90.00210961796698,88.42341496934255,88.87911987304688,1866900
2007-01-24 00:00:00-05:00,88.93614601730214,90.24630475250834,88.70015403676929,89.98590087890625,1214100
2007-01-25 00:00:00-05:00,89.90451581682203,90.44973539635606,89.7254870095679,89.96961212158203,1976900
2007-01-26 00:00:00-05:00,89.88010554518199,90.28698697582296,88.64318872778134,89.42440032958984,1879800
2007-01-29 00:00:00-05:00,89.70919043958584,90.79963559035168,89.59526416826172,90.16490173339844,1596200
2007-01-30 00:00:00-05:00,89.20469375176805,89.68481089569723,88.38279146209784,88.87104797363281,2447400
2007-01-31 00:00:00-05:00,88.86288230257885,89.88822501926332,88.2118758827365,89.83940124511719,1974100
2007-02-01 00:00:00-05:00,90.05912643313086,91.06005739606586,89.75803817443618,91.05191802978516,1626400
2007-02-02 00:00:00-05:00,92.52482285435708,93.87567200912154,91.95519140868359,93.56644439697266,2994800
2007-02-05 00:00:00-05:00,93.09446073310258,93.50134211199855,92.41089678812843,92.64688873291016,1450300
2007-02-06 00:00:00-05:00,92.96425645624834,93.66409293023526,92.2237355691563,93.58271789550781,1887700
2007-02-07 00:00:00-05:00,93.58271404231635,94.13607294760291,93.07817891415256,93.76988220214844,1787800
2007-02-08 00:00:00-05:00,93.40369595568423,93.41183532231007,91.96333848879274,92.56552124023438,1463400
2007-02-09 00:00:00-05:00,92.93169829360869,93.08631519406113,92.00400930792753,92.27255249023438,1085200
2007-02-12 00:00:00-05:00,92.56549850017483,92.89914415617528,91.9551765320418,92.10165405273438,961900
2007-02-13 00:00:00-05:00,92.10167532308746,92.54110798664962,91.01122992642932,92.3946304321289,1512100
2007-02-14 00:00:00-05:00,93.66408621641058,96.1460649530514,93.57457182207162,95.68222045898438,3087900
2007-02-15 00:00:00-05:00,95.61710980662421,95.90192548774922,94.56735526032104,95.44622039794922,1357800
2007-02-16 00:00:00-05:00,95.61712919285895,95.6903648649183,94.77081513412986,95.25093841552734,1318100
2007-02-20 00:00:00-05:00,94.64060090423996,96.32508938101645,94.55921967051292,96.2599868774414,1587100
2007-02-21 00:00:00-05:00,96.02400803299116,97.17954969046266,95.73919230171542,96.94355773925781,1573900
2007-02-22 00:00:00-05:00,97.33416553956683,97.40740120887125,96.382064587506,96.84590911865234,1376300
2007-02-23 00:00:00-05:00,96.8459281109761,98.44090270996094,96.04843770722447,98.44090270996094,2038800
2007-02-26 00:00:00-05:00,98.62803519963379,98.80706398417027,95.03934497771417,95.20209503173828,2392200
2007-02-27 00:00:00-05:00,94.396485379767,94.71385237703481,91.54831556227403,92.54110717773438,2766200
2007-02-28 00:00:00-05:00,93.33858663634082,93.98959933156809,92.60620511485665,92.95612335205078,1697200
2007-03-01 00:00:00-05:00,91.99587755140698,93.37927168556416,90.56365343248551,92.89915466308594,2307000
2007-03-02 00:00:00-05:00,92.52482985301874,92.89102684595157,91.34487625122071,91.5483169555664,1590900
2007-03-05 00:00:00-05:00,89.83943913848623,91.47510455597063,89.82316040122696,90.46603393554688,2008200
2007-03-06 00:00:00-05:00,91.34487416785414,91.93078437636932,90.74269143511019,91.60527801513672,1558700
2007-03-07 00:00:00-05:00,91.30420384258635,91.89011418135681,91.05193930559527,91.42626953125,1128600
2007-03-08 00:00:00-05:00,92.19180846519791,92.72932553979057,91.90676435601797,92.50942993164062,1267800
2007-03-09 00:00:00-05:00,94.3662865979097,95.09111559147773,92.93291417999667,93.38898468017578,1478400
2007-03-12 00:00:00-04:00,93.0469224828597,94.21968218124618,92.71300931904369,93.7717514038086,1105200
2007-03-13 00:00:00-04:00,93.3319964332095,93.6984870631758,91.7764663696289,91.7764663696289,2088900
2007-03-14 00:00:00-04:00,92.10219888633836,92.49312086067744,89.5367963419972,91.71942901611328,2464700
2007-03-15 00:00:00-04:00,91.29595550542479,92.02893053111512,90.95390256460122,91.11678314208984,1268900
2007-03-16 00:00:00-04:00,91.11677227149069,91.51584020167019,89.93587269184484,90.51410675048828,2563600
2007-03-19 00:00:00-04:00,91.41808951908567,92.0289008076319,90.91314995036304,91.60540771484375,1528100
2007-03-20 00:00:00-04:00,91.56471650253366,91.75203476380814,91.0027679322061,91.45069885253906,1698100
2007-03-21 00:00:00-04:00,88.93413336759481,91.30408447582505,88.77125282029486,90.39193725585938,5472500
2007-03-22 00:00:00-04:00,90.41636101364502,90.68511948593839,89.66710061830662,90.09873962402344,2338200
2007-03-23 00:00:00-04:00,90.09871725478715,91.93115076157734,89.82996506271223,91.7927017211914,2005400
2007-03-26 00:00:00-04:00,91.37738735717468,92.02892203396365,90.02546129105608,90.26164245605469,2476000
2007-03-27 00:00:00-04:00,90.19648433974092,90.19648433974092,89.58567293337698,89.62639617919922,1995000
2007-03-28 00:00:00-04:00,89.58568425969504,89.58568425969504,87.64737805529829,87.68809509277344,2774300
2007-03-29 00:00:00-04:00,88.4455148054527,88.93416282268791,86.88998455901267,87.71253967285156,2261500
2007-03-30 00:00:00-04:00,87.90798351954498,88.16859614936345,86.56419712281107,87.49263000488281,2228800
2007-04-02 00:00:00-04:00,85.96150146182694,86.59674413608695,85.63573423532377,86.38499450683594,3368900
2007-04-03 00:00:00-04:00,87.1831310674578,87.75321910057922,86.75963177414455,87.65548706054688,2025200
2007-04-04 00:00:00-04:00,87.9649998357823,88.31519866946499,87.75325011428919,88.04644012451172,1799500
2007-04-05 00:00:00-04:00,87.95685921621677,88.72241164586185,87.6310918282723,88.62467956542969,1367300
2007-04-09 00:00:00-04:00,88.77126725106552,89.87887255054379,88.71425842889366,88.98301696777344,2094900
2007-04-10 00:00:00-04:00,88.77125789578584,89.07259376036366,88.00570561001756,88.22560119628906,1369400
2007-04-11 00:00:00-04:00,88.11973838987483,88.69797875628592,86.91440715136046,87.31346893310547,1711500
2007-04-12 00:00:00-04:00,87.22387169088074,88.40477752685547,86.57234322152817,88.40477752685547,1556000
2007-04-13 00:00:00-04:00,88.37220045824405,88.40477781384173,87.0446996249939,87.88355255126953,1028600
2007-04-16 00:00:00-04:00,88.2011429275884,88.71422211712591,87.736926647485,88.33959197998047,2039000
2007-04-17 00:00:00-04:00,88.52693484308111,88.93414246648717,88.05457872218645,88.40477752685547,1686100
2007-04-18 00:00:00-04:00,87.91612672227762,88.36405761030872,87.61479704623441,87.86726379394531,1769300
2007-04-19 00:00:00-04:00,89.12956608895277,89.12956608895277,87.27270116434832,87.38671875,1570600
2007-04-20 00:00:00-04:00,88.89341687151695,89.78927231403745,87.59849352277348,88.79568481445312,2921300
2007-04-23 00:00:00-04:00,88.97486383503092,89.40650291256567,87.73695541995964,87.9079818725586,1210500
2007-04-24 00:00:00-04:00,87.79397386110665,87.89169972273545,86.83296353628356,87.26460266113281,1287000
2007-04-25 00:00:00-04:00,87.36230760360253,88.31517802078615,87.3215905755056,88.0545654296875,1474300
2007-04-26 00:00:00-04:00,87.89169083423268,88.5025022616243,87.58221528121251,88.1767349243164,1474000
2007-04-27 00:00:00-04:00,87.95683706738657,88.17672642611744,86.38501556384628,87.32159423828125,2145800
2007-04-30 00:00:00-04:00,87.63107421247427,87.72880627326013,85.87194061279297,85.87194061279297,1980300
2007-05-01 00:00:00-04:00,86.24657608245013,86.67821517011402,85.94524020356438,86.4176025390625,2834600
2007-05-02 00:00:00-04:00,86.58047486619799,88.16858817821263,86.31172258194475,87.72065734863281,2245300
2007-05-03 00:00:00-04:00,88.44548364043753,89.37391641008703,88.44548364043753,89.04814910888672,1948100
2007-05-04 00:00:00-04:00,89.15402007976878,89.5693735116423,88.90969306960932,89.17845153808594,1894800
2007-05-07 00:00:00-04:00,89.33321379534732,89.83000761180236,88.70611055198812,88.74683380126953,1458800
2007-05-08 00:00:00-04:00,88.73870136470237,88.82014166211903,87.78583683658508,88.54324340820312,1787300
2007-05-09 00:00:00-04:00,88.812005834066,88.92602349809414,87.76954885602825,88.39665222167969,971500
2007-05-10 00:00:00-04:00,88.39660205944875,88.60835169255276,87.13425636383926,87.33786010742188,2268500
2007-05-11 00:00:00-04:00,87.45191255014961,88.33962845687826,87.17501433102962,88.1686019897461,1013300
2007-05-14 00:00:00-04:00,88.04645245015068,88.44551427023661,87.14245082766249,87.47636413574219,975100
2007-05-15 00:00:00-04:00,87.87540982944888,88.25004011209545,86.94697690865182,87.02027130126953,1393200
2007-05-16 00:00:00-04:00,87.22386960133302,88.91785476535976,87.14242932130185,88.72239685058594,1967900
2007-05-17 00:00:00-04:00,88.36401609664877,88.77122354409876,87.23197988981718,87.3297119140625,2147400
2007-05-18 00:00:00-04:00,87.54964727208518,87.54964727208518,86.49090486618721,86.77595520019531,3950800
2007-05-21 00:00:00-04:00,86.8818015844985,86.91437893354335,85.96965445172509,86.18140411376953,3626000
2007-05-22 00:00:00-04:00,86.34429025175807,86.3687279252489,84.70732029705252,85.09823608398438,5422000
2007-05-23 00:00:00-04:00,85.2285696500131,86.77596009456514,85.1959922896177,86.37689208984375,3424400
2007-05-24 00:00:00-04:00,86.68634724176432,87.26458123054887,86.0918214710454,86.26284790039062,3646900
2007-05-25 00:00:00-04:00,86.3524571282334,87.04470892150547,86.24658537135514,86.29544830322266,3449700
2007-05-29 00:00:00-04:00,86.8574051345837,88.77128011453726,86.75152715413961,88.35592651367188,2881200
2007-05-30 00:00:00-04:00,88.28262431287813,88.66540051776612,87.63108955389909,88.61653137207031,2016800
2007-05-31 00:00:00-04:00,88.70612680438816,90.94576922830457,88.48623737306941,90.9050521850586,3043900
2007-06-01 00:00:00-04:00,91.21451034184335,92.25696089444801,89.8544383306637,90.63627624511719,2766300
2007-06-04 00:00:00-04:00,90.79098414289332,91.09231370699428,89.9765691679296,90.33490753173828,1213300
2007-06-05 00:00:00-04:00,89.74858515832375,90.94577693139684,89.5857045445507,89.99291229248047,1336100
2007-06-06 00:00:00-04:00,89.56941553724687,89.58570111260143,88.37222381003714,88.99932098388672,1469400
2007-06-07 00:00:00-04:00,88.75475208784387,89.52915898440372,87.5483169555664,87.5483169555664,2504500
2007-06-08 00:00:00-04:00,87.62982715237317,89.17863464355469,87.62982715237317,89.17863464355469,2400900
2007-06-11 00:00:00-04:00,88.8688614318879,89.41502410189942,88.07000702722625,88.55094909667969,893100
2007-06-12 00:00:00-04:00,88.55095033284398,88.81995499537103,87.26300048828125,87.26300048828125,1490700
2007-06-13 00:00:00-04:00,87.95592451661099,88.70587158203125,87.32824669725713,88.70587158203125,1440200
2007-06-14 00:00:00-04:00,88.78737299565806,90.47475674607072,88.76291915016024,90.30357360839844,2546300
2007-06-15 00:00:00-04:00,90.84971592279993,91.87682080636328,90.07531524771144,90.78450775146484,1946600
2007-06-18 00:00:00-04:00,90.76818919173937,90.76818919173937,89.1786275002545,89.60250854492188,2143100
2007-06-19 00:00:00-04:00,89.18676068732462,89.21121452025132,87.88249821884683,88.08628845214844,3049300
2007-06-20 00:00:00-04:00,88.45314858233749,91.5833647830951,88.45314858233749,89.50470733642578,6007900
2007-06-21 00:00:00-04:00,89.67584754079542,91.08607233941785,89.49651115734429,90.41764068603516,2235300
2007-06-22 00:00:00-04:00,89.92041407344139,90.86600388336028,89.42316533187807,89.6351089477539,1898100
2007-06-25 00:00:00-04:00,89.65955636845295,91.81973425553964,89.42315893288949,90.9556655883789,2903300
2007-06-26 00:00:00-04:00,91.0534657343176,92.13763117262671,90.59697764205431,91.04531860351562,2288900
2007-06-27 00:00:00-04:00,90.35246063587499,91.12686747492936,89.66772824178345,90.97198486328125,2045900
2007-06-28 00:00:00-04:00,90.8578631319136,92.19472695126615,90.1323701891864,91.59966278076172,2189600
2007-06-29 00:00:00-04:00,91.60778588297137,91.86049000806403,89.83073475232382,90.45841217041016,3282100
2007-07-02 00:00:00-04:00,91.17580620041024,91.17580620041024,89.19496364418163,90.31173706054688,1940500
2007-07-03 00:00:00-04:00,90.31984991078089,90.85785298816953,89.89596266756757,90.48287963867188,743000
2007-07-05 00:00:00-04:00,90.4420965891199,90.64588680785987,89.63508906428117,89.97745513916016,1206300
2007-07-06 00:00:00-04:00,89.97748936972233,90.48289154337618,89.5291544494426,90.35246276855469,1073000
2007-07-09 00:00:00-04:00,92.41483311617138,95.29235133250435,91.7708549826145,94.69728088378906,5535800
2007-07-10 00:00:00-04:00,93.74351761828166,94.55867864104933,91.5670391800964,91.95831298828125,3850400
2007-07-11 00:00:00-04:00,91.95830768156371,93.19735584741137,91.68115593502536,92.53707122802734,1742300
2007-07-12 00:00:00-04:00,93.1729060944533,93.27887478703299,92.3006840609875,93.27072143554688,1578400
2007-07-13 00:00:00-04:00,92.88760266457793,97.08568347431321,92.78978731516581,95.57763671875,4619500
2007-07-16 00:00:00-04:00,95.17007298725896,95.56950024600455,93.8739696251474,94.26524353027344,1765400
2007-07-17 00:00:00-04:00,94.47715815339342,95.60207805888027,93.9880628127115,94.90103912353516,1844400
2007-07-18 00:00:00-04:00,94.55867905173484,95.91184934061505,93.8494867199402,95.01516723632812,2088500
2007-07-19 00:00:00-04:00,95.45540373966736,96.20535077468665,95.38204219500142,95.53691864013672,1974100
2007-07-20 00:00:00-04:00,95.33311652191125,95.37387707671304,93.98810528207683,94.28971099853516,2679300
2007-07-23 00:00:00-04:00,94.28971779805848,94.87663500207881,93.39304150044426,94.25711059570312,2762100
2007-07-24 00:00:00-04:00,93.66202462871553,93.89842212681613,92.25179299361517,92.4311294555664,3223800
2007-07-25 00:00:00-04:00,93.49084134582023,93.49084134582023,91.4121777686262,92.07245635986328,2389100
2007-07-26 00:00:00-04:00,90.1812930403274,96.5966147572026,88.69769971223322,90.4013900756836,5208900
2007-07-27 00:00:00-04:00,90.22204882789275,90.64592994816488,88.86073101143418,89.36612701416016,2819500
2007-07-30 00:00:00-04:00,89.36612665917916,91.33882163417282,89.17864305219872,91.31436157226562,1809100
2007-07-31 00:00:00-04:00,91.78711962970884,91.82788016395166,90.27091979980469,90.27091979980469,2264100
2007-08-01 00:00:00-04:00,89.74923942752208,91.44477607540759,89.26014399195131,90.59700775146484,2498400
2007-08-02 00:00:00-04:00,89.26017563363054,91.73826710072066,88.55913631376744,90.39324951171875,1950600
2007-08-03 00:00:00-04:00,90.52367573129798,90.60519062725656,88.48577223639428,88.4939193725586,2178600
2007-08-06 00:00:00-04:00,88.64881526856391,90.35249985954911,88.48578545229726,90.34435272216797,2034300
2007-08-07 00:00:00-04:00,89.66774400765914,91.39588822198688,89.65959065319511,90.73560333251953,2146300
2007-08-08 00:00:00-04:00,90.51548030806211,91.58333925295447,88.97482647948267,89.74107360839844,3084200
2007-08-09 00:00:00-04:00,88.48574647975269,89.94487948449049,87.8336150635323,89.26014709472656,3530400
2007-08-10 00:00:00-04:00,88.40422168428202,89.38241876762707,88.03740166501878,88.88516998291016,3824100
2007-08-13 00:00:00-04:00,89.34165299017877,90.23832893299695,89.21937758452505,89.7329330444336,2756700
2007-08-14 00:00:00-04:00,89.69216203368022,89.8225907762696,87.65425957460656,87.6868667602539,2459700
2007-08-15 00:00:00-04:00,87.86623759798809,88.54282297209315,86.85543932362536,86.95325469970703,2460500
2007-08-16 00:00:00-04:00,85.35553971981055,85.59193724517111,80.94552028239386,84.91535186767578,5376200
2007-08-17 00:00:00-04:00,87.2222457461887,89.66772927178278,86.40708457099068,88.03740692138672,3066100
2007-08-20 00:00:00-04:00,88.01295533643903,88.90963140829598,87.67873626083444,88.7955093383789,2068700
2007-08-21 00:00:00-04:00,88.52650975634609,89.08897300422181,87.26301356105992,88.69769287109375,1978000
2007-08-22 00:00:00-04:00,90.2872602495065,90.2872602495065,89.06451839538768,90.13237762451172,1678000
2007-08-23 00:00:00-04:00,90.1568152478835,90.52364146964145,89.29274648321977,89.92041778564453,2005700
2007-08-24 00:00:00-04:00,89.70848833105427,90.54810333251953,89.5291518804139,90.54810333251953,1035600
2007-08-27 00:00:00-04:00,90.49104453617382,91.06165487577938,89.74109152230987,90.10791778564453,746700
2007-08-28 00:00:00-04:00,89.54546153154077,89.91228782335249,87.83362416064625,87.85807800292969,1267800
2007-08-29 00:00:00-04:00,88.36346638273697,89.76554449993685,88.078161235443,89.60250854492188,1086600
2007-08-30 00:00:00-04:00,88.68953384107586,90.05085144185526,88.36346814373353,88.82810974121094,1081500
2007-08-31 00:00:00-04:00,89.54545915513243,89.99380031571953,88.59172201626889,89.4068832397461,1298400
2007-09-04 00:00:00-04:00,89.50469549797197,90.71928385300558,88.7710492294602,90.36061096191406,1090500
2007-09-05 00:00:00-04:00,89.58620805901327,90.02639580877502,88.76289358894856,89.60250854492188,1302900
2007-09-06 00:00:00-04:00,89.41486649104465,89.99416348574881,88.54184994706027,89.88809204101562,917700
2007-09-07 00:00:00-04:00,88.81110296130745,89.1701025265325,87.95440794181623,88.28892517089844,1539800
2007-09-10 00:00:00-04:00,88.4031492287306,88.70503578601509,87.08954400289157,88.11758422851562,1528100
2007-09-11 00:00:00-04:00,88.10940648907703,89.21903561189657,87.9217521928518,88.63158416748047,1047300
2007-09-12 00:00:00-04:00,88.04414034419626,88.86819830999129,87.51380188041843,87.97886657714844,1232900
2007-09-13 00:00:00-04:00,88.51737867580684,89.55357972031676,88.19101599505922,88.86821746826172,1116400
2007-09-14 00:00:00-04:00,88.15023075317129,89.33328855117037,88.10127852631226,89.08036041259766,1006700
2007-09-17 00:00:00-04:00,88.40313624912515,88.77029653107985,87.98702375284952,88.20732116699219,1252400
2007-09-18 00:00:00-04:00,88.64788885325477,88.99872749775318,86.89369563076278,88.92529296875,2906100
2007-09-19 00:00:00-04:00,89.16194293482332,89.64332928777014,87.14666008023568,87.7177963256836,4351000
2007-09-20 00:00:00-04:00,86.41235513069621,86.68975937276076,84.52761354108178,85.22113037109375,7240600
2007-09-21 00:00:00-04:00,85.4495853773342,86.15941751388645,84.3970690034684,84.93556213378906,3570000
2007-09-24 00:00:00-04:00,84.94371514454141,85.38430378806684,83.26295590153129,83.92383575439453,3516500
2007-09-25 00:00:00-04:00,83.4506148119491,85.57196281512734,83.4506148119491,85.3353500366211,2522700
2007-09-26 00:00:00-04:00,85.57195787814926,85.67802931834109,84.73973903697755,85.44957733154297,2084300
2007-09-27 00:00:00-04:00,85.66986252070123,85.76777317595636,85.18032169412423,85.37613677978516,1766600
2007-09-28 00:00:00-04:00,85.44142812320425,85.62908246997758,84.89477419150718,85.46590423583984,1852900
2007-10-01 00:00:00-04:00,85.66170618757523,86.87740687688193,85.26191521802757,86.6489486694336,1628500
2007-10-02 00:00:00-04:00,86.48579356592026,87.27722116339594,85.80043743502463,86.89374542236328,1836900
2007-10-03 00:00:00-04:00,86.64894012265228,86.79580298624386,85.32718057517715,85.9064712524414,1741400
2007-10-04 00:00:00-04:00,86.07783195113225,86.17574262652526,85.11506543007818,85.46590423583984,1239400
2007-10-05 00:00:00-04:00,86.00440425596452,86.89373622090746,85.14770295821248,86.53473663330078,2323300
2007-10-08 00:00:00-04:00,86.73052142755644,86.86922349163049,85.669844670271,86.56733703613281,1017600
2007-10-09 00:00:00-04:00,86.70605632658338,87.87279850146132,86.70605632658338,87.39141845703125,2122200
2007-10-10 00:00:00-04:00,87.39141381113548,87.87279382997446,87.06505120564604,87.53827667236328,1571800
2007-10-11 00:00:00-04:00,87.57905305682104,88.23177815562732,85.95540731022145,86.80394744873047,1993000
2007-10-12 00:00:00-04:00,86.80398206787714,88.0523135592192,86.64895839449336,87.7177963256836,1447500
2007-10-15 00:00:00-04:00,87.63620889892756,87.74227412626581,85.80042579400485,86.30628204345703,1919500
2007-10-16 00:00:00-04:00,85.77591607223461,86.93450354833696,85.40060128203329,85.5801010131836,1745200
2007-10-17 00:00:00-04:00,86.48576565413562,86.74685450900319,84.36441793023046,85.56379699707031,1873200
2007-10-18 00:00:00-04:00,85.37615945110196,86.03703943123261,84.98452917578416,85.92281341552734,1269700
2007-10-19 00:00:00-04:00,85.57196375995525,85.71882665082724,84.19309096633238,84.29915618896484,2630000
2007-10-22 00:00:00-04:00,83.14056187033287,84.55207133713445,83.14056187033287,84.06253051757812,3303600
2007-10-23 00:00:00-04:00,84.6499868890372,85.12321240609161,84.19308292766029,85.03346252441406,1637400
2007-10-24 00:00:00-04:00,84.4623210341286,85.49036110739993,83.58115005331668,85.01713562011719,2323900
2007-10-25 00:00:00-04:00,85.27008715450745,85.27008715450745,83.13241747716037,84.28284454345703,3014800
2007-10-26 00:00:00-04:00,85.28637264440073,85.29453342052005,83.77695275443595,84.80499267578125,1686600
2007-10-29 00:00:00-04:00,85.26190016569342,85.66985184112735,83.94829527280824,84.35624694824219,1199900
2007-10-30 00:00:00-04:00,84.03808555490264,84.73976327208703,83.79331194198656,84.22574615478516,1216100
2007-10-31 00:00:00-04:00,84.60917829142744,85.05792764182745,83.58929906310817,84.3154525756836,2180000
2007-11-01 00:00:00-04:00,83.75250942823271,84.03807445568481,82.45521941087792,82.57760620117188,1956200
2007-11-02 00:00:00-04:00,82.81421508218749,84.8539740743596,81.98199615231546,83.57300567626953,2357500
2007-11-05 00:00:00-05:00,82.77341504090543,84.50313285765628,82.63471292737572,83.70354461669922,1503600
2007-11-06 00:00:00-05:00,83.75248942833632,84.80500561376482,83.67090032924054,84.71525573730469,1177500
2007-11-07 00:00:00-05:00,83.55668635273973,84.08701868549635,82.02278367997863,82.11253356933594,1793100
2007-11-08 00:00:00-05:00,82.40624335295348,84.05436548107902,81.23134046567259,83.58114624023438,2976500
2007-11-09 00:00:00-05:00,82.82234910209239,83.50770491410282,81.36188138857672,81.3781967163086,2536000
2007-11-12 00:00:00-05:00,81.9248286020453,82.70809478654023,80.77440230851298,81.1660385131836,2273800
2007-11-13 00:00:00-05:00,82.01460857502106,83.26294602942501,81.49243088716607,83.18135070800781,2021300
2007-11-14 00:00:00-05:00,83.51585973735416,83.9074898234879,82.23489184443908,82.6102066040039,1634100
2007-11-15 00:00:00-05:00,82.12068601415646,83.75249296436384,82.05541224218427,82.70813751220703,1865700
2007-11-16 00:00:00-05:00,79.82799583613657,80.27674525323545,78.40832548226423,78.97946166992188,6216300
2007-11-19 00:00:00-05:00,78.32676586204205,78.72655698650432,75.71587615658149,76.73575592041016,4100200
2007-11-20 00:00:00-05:00,76.62149911181119,77.95141954876897,75.20182256884445,76.16458892822266,3491500
2007-11-21 00:00:00-05:00,75.38947527595306,76.59700881997115,74.7041131842045,74.82649993896484,3165800
2007-11-23 00:00:00-05:00,75.1691742278495,76.3685531616211,75.1691742278495,76.3685531616211,872400
2007-11-26 00:00:00-05:00,76.22169605919412,77.184462344505,74.57357388850045,74.77754974365234,2344000
2007-11-27 00:00:00-05:00,75.31602459871124,76.05033874511719,74.32878244487287,76.05033874511719,2757300
2007-11-28 00:00:00-05:00,76.08299851300654,79.6158620290757,75.96877252529131,79.24054718017578,3489500
2007-11-29 00:00:00-05:00,78.83260452828908,79.11816953047875,78.0819685191546,78.48176574707031,1956100
2007-11-30 00:00:00-05:00,79.26501823619759,80.69284921648219,78.35936494500058,80.34201049804688,3192300
2007-12-03 00:00:00-05:00,79.53427920402878,80.61942617296405,79.13448199062371,79.34661865234375,2228200
2007-12-04 00:00:00-05:00,79.0284227186214,80.18700432968826,78.7918099290626,79.3139877319336,1856800
2007-12-05 00:00:00-05:00,80.21148842182834,80.21148842182834,78.80813310267342,79.45269775390625,1771600
2007-12-06 00:00:00-05:00,79.82796854356278,80.41541986151992,79.06102374498327,80.35830688476562,1165300
2007-12-07 00:00:00-05:00,80.66838317869612,82.16148188784344,80.66838317869612,81.76985168457031,1784200
2007-12-10 00:00:00-05:00,81.91688637156356,82.92144686193893,81.46768860362721,82.38241577148438,1927000
2007-12-11 00:00:00-05:00,82.34152327064936,82.66004284925957,79.76885986328125,79.76885986328125,2238500
2007-12-12 00:00:00-05:00,81.46768178159482,82.23539927302747,78.98485644623705,80.01392364501953,2182300
2007-12-13 00:00:00-05:00,77.91491245353345,79.49117872615265,77.80057241146282,79.37683868408203,2355700
2007-12-14 00:00:00-05:00,78.26612845933722,79.67904785053564,78.24979060137784,78.33963012695312,2568500
2007-12-17 00:00:00-05:00,77.84142091596074,78.96032725511108,77.6209097117095,78.32328796386719,2390700
2007-12-18 00:00:00-05:00,78.81332438716669,79.10734350512747,78.20078559659285,79.02567291259766,2071000
2007-12-19 00:00:00-05:00,79.03384112042468,79.03384112042468,77.10639132428336,77.28606414794922,2020900
2007-12-20 00:00:00-05:00,77.6862523007324,77.6862523007324,75.84863599890856,76.4693374633789,2781800
2007-12-21 00:00:00-05:00,75.63628244915371,77.9802662191534,75.63628244915371,77.00836944580078,3756800
2007-12-24 00:00:00-05:00,76.12632004807425,76.77152832105368,74.95024357772525,75.2442626953125,2206100
2007-12-26 00:00:00-05:00,75.13810032928502,76.11816001506608,75.01559131079551,75.88131713867188,2841200
2007-12-27 00:00:00-05:00,75.71794386436311,75.84045284104555,74.85222456298729,75.05640411376953,2679300
2007-12-28 00:00:00-05:00,74.81957395539995,75.62812343570224,73.0717970584285,74.01102447509766,2736700
2007-12-31 00:00:00-05:00,73.61899240259264,73.68433136678709,72.69610289984564,72.82677459716797,2865100
2008-01-02 00:00:00-05:00,72.33675759116412,72.33675759116412,69.47007389975829,70.36846923828125,6514400
2008-01-03 00:00:00-05:00,70.74413922066064,71.61802752563065,70.49912124574473,71.30767059326172,2623000
2008-01-04 00:00:00-05:00,70.85031715057984,70.85848607881168,67.93463287846723,68.6860122680664,4317400
2008-01-07 00:00:00-05:00,69.24955689313744,69.69058559603145,67.50177993966885,68.18782043457031,3991900
2008-01-08 00:00:00-05:00,68.66150804097296,69.1760383328532,67.50993846455545,67.60794067382812,4566100
2008-01-09 00:00:00-05:00,67.45276220105809,67.71411804196181,66.29302369684578,67.60794067382812,3818100
2008-01-10 00:00:00-05:00,66.97908273644123,70.1234475653187,66.97908273644123,69.4374008178711,4717200
2008-01-11 00:00:00-05:00,68.94738237846938,69.22506994126336,68.14700164379227,68.63703155517578,3546800
2008-01-14 00:00:00-05:00,69.33118601749744,69.7395449909689,68.53896861199269,69.12700653076172,1889700
2008-01-15 00:00:00-05:00,68.408337078912,68.93103637285616,67.96730838132154,68.00814056396484,3182500
2008-01-16 00:00:00-05:00,67.56710675161574,69.51906296271311,67.23224926240744,68.93919372558594,4747700
2008-01-17 00:00:00-05:00,68.9963655388312,69.69873755252821,67.41193002421655,67.60794067382812,3386400
2008-01-18 00:00:00-05:00,67.94279432502391,68.97185485052289,67.23224719269437,68.61250305175781,3553900
2008-01-22 00:00:00-05:00,66.11332332813988,69.20052277596744,65.33744367690234,68.74315643310547,4534700
2008-01-23 00:00:00-05:00,66.61153924752837,73.10445314886627,66.1868484942787,72.67975616455078,7978800
2008-01-24 00:00:00-05:00,73.18614699837255,73.41482718676012,70.97284055923879,72.28775787353516,4091800
2008-01-25 00:00:00-05:00,72.83493795934041,74.68888575144484,72.63075838513628,73.47197723388672,5212300
2008-01-28 00:00:00-05:00,73.51280754901242,75.15440665854213,72.69608934209859,75.09723663330078,3518200
2008-01-29 00:00:00-05:00,75.41577486788348,76.64085248092435,75.20343256799129,75.81597137451172,3317900
2008-01-30 00:00:00-05:00,74.8930812177963,76.35500802704347,74.80324168759743,75.17076873779297,4069700
2008-01-31 00:00:00-05:00,74.11720493876577,77.01655814780575,73.63534400776234,76.21617126464844,2965000
2008-02-01 00:00:00-05:00,76.51835377518714,76.68986390240902,75.0564269981237,76.29783630371094,2749200
2008-02-04 00:00:00-05:00,76.32236407341166,76.87773306813087,74.72976501631152,74.93394470214844,1932500
2008-02-05 00:00:00-05:00,74.44388061588475,74.44388061588475,72.56542587386681,72.68793487548828,3149000
2008-02-06 00:00:00-05:00,73.19429604889395,74.79506316391084,72.41024723119584,73.15345764160156,1952600
2008-02-07 00:00:00-05:00,73.08810901894181,74.22334680363302,72.82675944759703,73.63531494140625,2505200
2008-02-08 00:00:00-05:00,73.10443901009421,73.6843081144325,71.5690049913901,71.8711929321289,2450900
2008-02-11 00:00:00-05:00,71.70787704568232,72.68793662004269,70.5971395381716,72.23873901367188,1762700
2008-02-12 00:00:00-05:00,72.54093441482102,73.21064331244312,71.51186739567133,71.95289611816406,1971000
2008-02-13 00:00:00-05:00,73.91300595320335,73.91300595320335,71.58536005061404,72.8349380493164,1880700
2008-02-14 00:00:00-05:00,72.7124600674149,73.49650921996532,71.84674029646587,71.87940979003906,1928300
2008-02-15 00:00:00-05:00,71.47103398739551,72.23874510060837,71.01366741389778,71.8058853149414,2091500
2008-02-19 00:00:00-05:00,72.48373838365913,73.4474660840873,71.92020084622841,72.89209747314453,3426800
2008-02-20 00:00:00-05:00,72.40207539130365,73.88033345604971,72.1080563176099,73.45564270019531,2354200
2008-02-21 00:00:00-05:00,73.49650262166013,74.06004043083462,72.65528348864603,72.94930267333984,2227900
2008-02-22 00:00:00-05:00,73.3739829324303,73.3739829324303,71.1688455985769,72.76144409179688,2204500
2008-02-25 00:00:00-05:00,72.74514016239758,73.46385043254182,71.78141177028137,73.27600860595703,2074200
2008-02-26 00:00:00-05:00,73.06360594386418,74.88489018477549,72.95743482610521,74.2968521118164,1989300
2008-02-27 00:00:00-05:00,73.7088578419473,74.5664149131454,73.43117649306794,74.18255615234375,1666800
2008-02-28 00:00:00-05:00,73.65164309675599,73.89666103444983,72.73691652457265,72.84309387207031,2049000
2008-02-29 00:00:00-05:00,72.3612527690012,73.33314970964818,71.88755457683146,71.9773941040039,2791100
2008-03-03 00:00:00-05:00,71.87119475187964,72.99826351730535,71.55267518271445,72.86759185791016,2314000
2008-03-04 00:00:00-05:00,72.05088204802415,73.95383698769835,71.5526834375332,73.75782012939453,3327600
2008-03-05 00:00:00-05:00,73.83135050064809,75.2197693990678,73.01463203544417,73.79051208496094,3255600
2008-03-06 00:00:00-05:00,73.5700115463359,73.6271815979764,72.2632630580757,72.56544494628906,2350200
2008-03-07 00:00:00-05:00,72.2138282547051,72.4018878445262,70.52949502989284,70.88925170898438,2982300
2008-03-10 00:00:00-04:00,71.09369872449753,71.78051863333664,69.41754274911723,69.47477722167969,2773100
2008-03-11 00:00:00-04:00,70.89745834814921,72.08303833007812,69.83453166976236,72.08303833007812,2592800
2008-03-12 00:00:00-04:00,71.46981812737066,72.69627645822104,70.1942972213853,71.18363952636719,2693600
2008-03-13 00:00:00-04:00,70.17792519338161,71.72326170686978,70.07162817897925,71.1917953491211,4627400
2008-03-14 00:00:00-04:00,71.57612174680516,71.80505967810869,68.34644382137101,69.3357925415039,4271100
2008-03-17 00:00:00-04:00,67.82311365436753,69.0086932672248,67.4551788106352,67.49606323242188,4669800
2008-03-18 00:00:00-04:00,68.64074283922218,71.06912994384766,68.23192362936835,71.06912994384766,3438200
2008-03-19 00:00:00-04:00,71.77227929893175,72.76162075996974,70.50494384765625,70.50494384765625,2967500
2008-03-20 00:00:00-04:00,68.69800831532083,71.15910281717306,68.51813302171378,71.15092468261719,4250100
2008-03-24 00:00:00-04:00,71.29810858024656,75.21459960463797,71.17546773744625,74.21707916259766,3333700
2008-03-25 00:00:00-04:00,74.40512870526209,75.16553301737788,73.17867053979073,74.77306365966797,2526200
2008-03-26 00:00:00-04:00,74.40507988080586,74.95289600476596,73.79185120046955,74.60948944091797,1969100
2008-03-27 00:00:00-04:00,74.63407995600248,75.5661878299578,74.0290288991397,74.99384307861328,3101100
2008-03-28 00:00:00-04:00,74.85482909682109,75.68063973229633,74.28247823631521,74.62588500976562,1971000
2008-03-31 00:00:00-04:00,74.45420766454949,76.15489833470176,74.05356628872683,75.7706069946289,2480900
2008-04-01 00:00:00-04:00,76.77627792970947,79.89965762614536,76.76809979575161,79.8914794921875,6178800
2008-04-02 00:00:00-04:00,79.89145752711592,80.9462119465044,79.16375975714882,79.58075714111328,2924500
2008-04-03 00:00:00-04:00,78.57506472356381,80.25122627437538,78.32977689730733,79.85875701904297,2189400
2008-04-04 00:00:00-04:00,79.62164972962574,80.16947236771234,78.64866397511297,79.20465850830078,2074100
2008-04-07 00:00:00-04:00,79.6216424343874,79.94052098057801,78.20713118858534,78.88577270507812,1793800
2008-04-08 00:00:00-04:00,78.30524327679646,78.69771253602019,77.34042951254565,78.53418731689453,2446400
2008-04-09 00:00:00-04:00,77.02154061719457,77.79012276758269,75.92590807250943,76.13031768798828,4008000
2008-04-10 00:00:00-04:00,76.040399238775,77.57755775186857,75.63157988802888,77.13603210449219,2068800
2008-04-11 00:00:00-04:00,76.06490892372413,77.60207330149163,75.72150224966035,75.9586181640625,2593500
2008-04-14 00:00:00-04:00,75.67245930412456,76.40832909623668,75.34540259758148,75.89321899414062,1183400
2008-04-15 00:00:00-04:00,76.22843910736377,76.85801799940933,75.38626622333493,76.58819580078125,1352300
2008-04-16 00:00:00-04:00,77.54484903965161,79.48265494753562,77.02156078604452,79.33547973632812,1923200
2008-04-17 00:00:00-04:00,78.95120336219173,79.15561306951977,76.89075625708439,77.64298248291016,1567500
2008-04-18 00:00:00-04:00,79.06564388946484,79.55623200124589,78.42788682985383,79.07382202148438,2416100
2008-04-21 00:00:00-04:00,78.9102800065577,78.9102800065577,77.67564433416126,78.0435791015625,2094600
2008-04-22 00:00:00-04:00,77.74925481899822,78.0109051707999,75.98315861095101,76.5064468383789,2214200
2008-04-23 00:00:00-04:00,76.6536058045672,77.5611849963402,75.83596734265183,76.13031768798828,2082300
2008-04-24 00:00:00-04:00,76.4492193136492,77.88008705481376,75.91775290502757,77.47126770019531,1679000
2008-04-25 00:00:00-04:00,77.6838268493754,77.76558944251465,76.21207522052474,77.23412322998047,1805500
2008-04-28 00:00:00-04:00,77.47127476200058,78.71408296856855,76.37564178603435,78.13356018066406,2037700
2008-04-29 00:00:00-04:00,78.47695427036307,80.12040333766558,77.70019387040162,79.60529327392578,2319100
2008-04-30 00:00:00-04:00,79.56441940453738,80.11224207106744,78.38702392578125,78.38702392578125,2325600
2008-05-01 00:00:00-04:00,78.15807846398462,80.89717303375411,77.62661831220304,80.6600570678711,2596700
2008-05-02 00:00:00-04:00,81.02797300715405,81.32232336222233,78.58323567186304,79.19646453857422,2682800
2008-05-05 00:00:00-04:00,78.46877046689671,79.15558383558044,78.03542304550051,78.05177307128906,1754500
2008-05-06 00:00:00-04:00,77.11966907827896,80.02228847463446,76.99702204610712,79.85875701904297,1965200
2008-05-07 00:00:00-04:00,79.7279407058116,79.82605334429505,76.63726783183527,76.65361785888672,2521600
2008-05-08 00:00:00-04:00,77.50399099725334,77.86375410441809,75.99953219845594,76.21212005615234,2324300
2008-05-09 00:00:00-04:00,75.80327846505732,75.81145659821891,73.7591818408089,73.89000701904297,3536400
2008-05-12 00:00:00-04:00,71.87044785635608,74.4868893787311,71.61697560024977,73.99630737304688,4838800
2008-05-13 00:00:00-04:00,74.04537011239356,74.65042733527041,72.88432447620693,73.26861572265625,2891200
2008-05-14 00:00:00-04:00,73.45666574246569,75.04288698786709,73.26861231449703,74.46236419677734,2306500
2008-05-15 00:00:00-04:00,74.35605436812688,74.76487365761412,73.21953724239934,74.29064178466797,2394100
2008-05-16 00:00:00-04:00,73.94724369189184,74.77305426142225,73.25224582834149,74.3642349243164,2673400
2008-05-19 00:00:00-04:00,74.40512973112311,75.70517241016447,74.0535448026503,74.46236419677734,1910400
2008-05-20 00:00:00-04:00,74.10259296649066,74.40512153051328,73.17048534966095,73.4403076171875,2588700
2008-05-21 00:00:00-04:00,73.43212353625401,73.85729911817982,71.98490590251997,72.2056655883789,4734800
2008-05-22 00:00:00-04:00,71.87044745768193,73.34219346657069,71.82956302489809,72.63085174560547,1945600
2008-05-23 00:00:00-04:00,72.42644277962464,72.45914907855992,70.7911652613929,70.99557495117188,2815400
2008-05-27 00:00:00-04:00,71.10182784555361,73.71009609306631,71.10182784555361,73.317626953125,3286900
2008-05-28 00:00:00-04:00,74.21708827260679,74.98567091830905,73.4239836934241,74.25797271728516,3288600
2008-05-29 00:00:00-04:00,74.10256855402868,75.99131756639397,74.004455934951,75.36173248291016,2210200
2008-05-30 00:00:00-04:00,75.27999189896342,75.77875198539589,74.8139381078153,74.98564147949219,1859800
2008-06-02 00:00:00-04:00,74.54414229165181,74.97748994122723,73.52209359431724,74.11897277832031,1798100
2008-06-03 00:00:00-04:00,74.38875885149726,74.81392815746989,72.9742413994993,73.53841400146484,2090800
2008-06-04 00:00:00-04:00,73.18683667140651,75.47622112863513,73.12142408283454,74.85482025146484,1700600
2008-06-05 00:00:00-04:00,75.10828822810801,76.60456848144531,74.61770627697275,76.60456848144531,2391400
2008-06-06 00:00:00-04:00,75.4517112162692,75.58253642505464,72.54909707484677,72.65538787841797,2985000
2008-06-09 00:00:00-04:00,73.02330435392848,73.75100223861905,72.22202198651284,72.87612915039062,2180600
2008-06-10 00:00:00-04:00,72.48366516974158,74.1761768696687,71.75596729438713,73.81641387939453,3110200
2008-06-11 00:00:00-04:00,72.58845821378418,73.09601482134102,70.85295375731418,70.86932373046875,4736000
2008-06-12 00:00:00-04:00,71.36050772296693,73.21062706774227,70.48456734106982,71.58154296875,4859600
2008-06-13 00:00:00-04:00,71.90902591540915,71.90902591540915,69.39581215380764,70.38636779785156,5189200
2008-06-16 00:00:00-04:00,69.6250165722646,70.68923996530586,69.34667699545756,70.42727661132812,3882600
2008-06-17 00:00:00-04:00,71.18039820460615,71.22133250317417,68.91277921669226,69.03557586669922,4795700
2008-06-18 00:00:00-04:00,66.10487094823493,68.56896757695847,65.8019733158721,67.61934661865234,11801000
2008-06-19 00:00:00-04:00,67.2591564721663,67.8403874530464,65.76105065409143,66.90714263916016,6201100
2008-06-20 00:00:00-04:00,66.31773587264095,66.71886595597289,65.58096187061291,65.93297576904297,4594100
2008-06-23 00:00:00-04:00,66.21950125982733,66.62063136740588,65.40086481824638,65.59733581542969,3566400
2008-06-24 00:00:00-04:00,65.19616310744709,66.6942683156181,64.2219843798884,65.47450256347656,4914000
2008-06-25 00:00:00-04:00,65.08156805344652,66.57967357175743,65.08156805344652,65.30259704589844,3833600
2008-06-26 00:00:00-04:00,64.88509313739785,65.12249833430386,63.79630572439012,63.927284240722656,3332200
2008-06-27 00:00:00-04:00,63.86997863123251,64.58219420703574,62.63384275537355,63.23963165283203,4898800
2008-06-30 00:00:00-04:00,63.067707673447046,65.11429733219457,62.47010074498654,64.50032043457031,4433200
2008-07-01 00:00:00-04:00,63.88633873514556,63.88633873514556,61.193026197184025,62.51921844482422,4692500
2008-07-02 00:00:00-04:00,62.871247850424936,63.32149390696086,61.14392537559953,61.15210723876953,2866500
2008-07-03 00:00:00-04:00,61.12755654172425,62.28183644922631,60.57907184962084,61.37314987182617,1964600
2008-07-07 00:00:00-04:00,61.80704615275065,63.198725488373704,60.79193879917032,61.397727966308594,3299900
2008-07-08 00:00:00-04:00,61.66786067150555,63.46066953458437,61.62692636705848,63.43611145019531,3276300
2008-07-09 00:00:00-04:00,63.632593125869775,63.632593125869775,61.80703169331104,61.9134521484375,3151300
2008-07-10 00:00:00-04:00,61.79885652074951,62.48651430482834,60.83286537466952,61.57782745361328,2450000
2008-07-11 00:00:00-04:00,60.71821284202436,61.52047863521817,59.61305581476677,60.529930114746094,2842000
2008-07-14 00:00:00-04:00,60.8082915867055,61.283102047707104,59.39205455960864,59.85867691040039,2446100
2008-07-15 00:00:00-04:00,59.26104781057614,60.9801818211619,58.39329582095669,59.76860427856445,3101000
2008-07-16 00:00:00-04:00,59.75224176213005,63.19869868055973,59.31836566785631,63.002227783203125,4519900
2008-07-17 00:00:00-04:00,63.206857194767004,64.99148314487279,61.63507826046125,64.71315002441406,5452900
2008-07-18 00:00:00-04:00,64.64767728635202,65.57273359437038,64.0091422909326,65.0979232788086,3354700
2008-07-21 00:00:00-04:00,65.36807711212829,65.36807711212829,63.3951677881853,63.69805908203125,2544600
2008-07-22 00:00:00-04:00,63.11686280250633,65.94116202305437,63.11686280250633,65.88385772705078,3089800
2008-07-23 00:00:00-04:00,66.30954200756159,68.33157471994359,66.1949334222662,67.97956085205078,3802800
2008-07-24 00:00:00-04:00,68.10234143830893,68.11052330268052,65.01607974036206,65.31897735595703,3226700
2008-07-25 00:00:00-04:00,65.49908145029606,66.25222522473655,64.5494604989333,65.0733871459961,1869800
2008-07-28 00:00:00-04:00,64.50849837254903,65.49904686174415,63.820841107853774,63.88633346557617,1651000
2008-07-29 00:00:00-04:00,63.829068285422366,67.22640991210938,63.79632208651637,67.22640991210938,2486700
2008-07-30 00:00:00-04:00,66.10486528554775,66.75158855609133,64.3611726354452,65.21255493164062,4019500
2008-07-31 00:00:00-04:00,64.41847697606607,65.76103968600493,64.39391889227538,64.54126739501953,2275100
2008-08-01 00:00:00-04:00,64.67222806544036,64.67222806544036,62.306371108018496,63.313289642333984,2599300
2008-08-04 00:00:00-04:00,63.38700762629956,65.12251879426721,63.075928087290855,64.40211486816406,2421500
2008-08-05 00:00:00-04:00,64.84413937848946,69.01918060697521,64.84413937848946,68.75721740722656,4441500
2008-08-06 00:00:00-04:00,67.6438806425492,68.26604566130854,66.51416537448547,67.91403198242188,2436300
2008-08-07 00:00:00-04:00,67.30821836315997,69.58402427544588,66.6369374376246,68.1268539428711,2498700
2008-08-08 00:00:00-04:00,69.346683254958,72.50662001074836,69.346683254958,72.17098236083984,4126300
2008-08-11 00:00:00-04:00,71.59792801519772,73.80824970984612,70.84478413955419,72.01543426513672,3534100
2008-08-12 00:00:00-04:00,71.70438299511059,72.40022916182974,70.6892752721481,71.73712921142578,2420200
2008-08-13 00:00:00-04:00,71.63887090737774,71.63887090737774,67.82402240288263,69.43673706054688,3379800
2008-08-14 00:00:00-04:00,69.28116006033942,71.27044572208223,69.12562347273678,71.18858337402344,2366200
2008-08-15 00:00:00-04:00,71.35230553013757,73.24335239394475,70.43543110596342,71.91716003417969,2925200
2008-08-18 00:00:00-04:00,71.62244671860438,71.9089680087679,69.98517506544631,70.33718872070312,1724100
2008-08-19 00:00:00-04:00,69.63317798919343,70.17348076131051,67.49653747345252,67.87311553955078,3476500
2008-08-20 00:00:00-04:00,67.70120838262238,68.87185834901246,66.3422755957749,67.27552032470703,2468900
2008-08-21 00:00:00-04:00,66.11305579451981,66.56330191987401,65.4253981956126,66.53055572509766,2538600
2008-08-22 00:00:00-04:00,66.75161519967534,67.89770744992244,66.50602177258656,67.68486022949219,2014400
2008-08-25 00:00:00-04:00,67.42286727728862,68.03684433026609,65.67098658578203,66.23584747314453,2189300
2008-08-26 00:00:00-04:00,66.07209135451745,66.78430671324502,65.33531792233293,66.21125793457031,2883800
2008-08-27 00:00:00-04:00,66.35046808603066,67.18547428177897,65.25349230418237,66.73522186279297,2025300
2008-08-28 00:00:00-04:00,67.07084274569159,68.98644784540551,66.97260418454093,68.70811462402344,2140700
2008-08-29 00:00:00-04:00,68.33974127598749,68.95371832313543,67.52928707685,67.7994384765625,1681600
2008-09-02 00:00:00-04:00,70.46819899927974,71.98267457838801,68.80636866813562,69.31391906738281,3718700
2008-09-03 00:00:00-04:00,69.35484942691238,70.31265213781622,68.76543045229538,69.59225463867188,2238100
2008-09-04 00:00:00-04:00,68.7736223838006,69.78872942666577,67.37375536413951,67.78307342529297,2327600
2008-09-05 00:00:00-04:00,67.37376758042822,67.79126758160382,65.91658977211846,67.35739135742188,2146000
2008-09-08 00:00:00-04:00,68.83292348129086,69.7510196713595,68.29189715151935,69.56248474121094,2793300
2008-09-09 00:00:00-04:00,69.37390470611493,71.14452851662182,69.17717081185562,69.47227478027344,4702300
2008-09-10 00:00:00-04:00,71.71015632092006,73.03811812515833,70.62811035810508,72.02165222167969,5665800
2008-09-11 00:00:00-04:00,70.87405047397696,74.29233249840158,70.87405047397696,74.16117858886719,3151600
2008-09-12 00:00:00-04:00,73.20205782733377,74.56280946705664,72.66103179610306,74.46443939208984,3242100
2008-09-15 00:00:00-04:00,72.95616225774775,75.76784381739414,72.95616225774775,74.18576049804688,4009100
2008-09-16 00:00:00-04:00,72.66102215698692,75.41532135009766,72.51347019113967,75.41532135009766,4995800
2008-09-17 00:00:00-04:00,73.67749154050614,74.57920151895405,71.48880914712574,72.19377899169922,4558100
2008-09-18 00:00:00-04:00,72.43150914888363,75.15301873024255,70.23462746845719,74.70216369628906,6109800
2008-09-19 00:00:00-04:00,78.702456002296,79.22708388152292,73.44797188640256,73.84144592285156,4627300
2008-09-22 00:00:00-04:00,72.94792140622249,73.67748211064064,69.79195564775377,70.23461151123047,3943700
2008-09-23 00:00:00-04:00,70.50516301623597,71.43965715423478,69.0870236641866,69.50508880615234,2909700
2008-09-24 00:00:00-04:00,69.39032445970754,70.27563664072447,67.18524307941341,67.62789916992188,3640200
2008-09-25 00:00:00-04:00,68.1115267327049,69.0296287952481,66.65240481931309,67.1196517944336,2999300
2008-09-26 00:00:00-04:00,66.03759090407549,67.40654774444764,65.79986793483789,66.8573226928711,2638600
2008-09-29 00:00:00-04:00,65.80807660469644,66.72617859355132,64.50470587230826,65.25885772705078,4313700
2008-09-30 00:00:00-04:00,66.69338063963247,66.85732450020053,64.58667013564013,64.7916030883789,3242000
2008-10-01 00:00:00-04:00,64.2587888893549,66.78356486819878,64.0210658666009,66.1851577758789,3392600
2008-10-02 00:00:00-04:00,65.94744296051081,66.07040402262561,62.889845821718055,63.52923583984375,3844500
2008-10-03 00:00:00-04:00,64.29979396140418,66.43929544357337,63.619414753559674,63.939109802246094,3577500
2008-10-06 00:00:00-04:00,62.520984613149714,64.13585836991503,61.16843121660687,63.39809799194336,4936800
2008-10-07 00:00:00-04:00,64.43910959636905,64.43910959636905,61.070011800729134,61.201171875,3934600
2008-10-08 00:00:00-04:00,58.815800960097526,61.72585354406862,57.643583352820905,58.17641067504883,7845100
2008-10-09 00:00:00-04:00,58.823976656368856,59.75027166860464,54.102318056651676,54.75810623168945,5116700
2008-10-10 00:00:00-04:00,52.53661059210204,57.791094685294176,50.5610601109984,56.036869049072266,7481800
2008-10-13 00:00:00-04:00,57.38124334498343,60.55360862137454,56.520522193185,60.414249420166016,4282100
2008-10-14 00:00:00-04:00,61.68481008576841,62.135665019911585,57.020534737121196,57.99601745605469,4516300
2008-10-15 00:00:00-04:00,56.71725525860931,57.5697772316372,53.2825764088046,53.49570846557617,3358000
2008-10-16 00:00:00-04:00,52.872717357990346,54.774495468611505,49.921683221379475,54.299049377441406,4197400
2008-10-17 00:00:00-04:00,53.176015843980835,54.323635613811234,50.96273574346788,51.274234771728516,4505600
2008-10-20 00:00:00-04:00,51.82344802297376,53.176006812330606,50.88895422393978,52.593997955322266,2865200
2008-10-21 00:00:00-04:00,51.72506665648329,53.74160579588473,50.79877212925507,51.184043884277344,3122400
2008-10-22 00:00:00-04:00,50.80699765268946,50.85618270681127,46.20010390229812,47.544464111328125,5151000
2008-10-23 00:00:00-04:00,47.75757188918311,50.37251825566491,47.26573407444278,49.18390655517578,5891300
2008-10-24 00:00:00-04:00,46.38863531023367,48.38878032077751,45.92958425158759,46.56897735595703,4015500
2008-10-27 00:00:00-04:00,46.2738687611638,47.51166261795464,45.03607177734375,45.03607177734375,2788800
2008-10-28 00:00:00-04:00,46.14271911780194,47.77398419116267,44.18355996458463,47.67561721801758,3483200
2008-10-29 00:00:00-04:00,47.67562333488589,50.06104384715861,47.323138248275995,47.61004638671875,4070600
2008-10-30 00:00:00-04:00,48.675691240440585,50.2003933924774,48.37238812277842,50.0118522644043,3864900
2008-10-31 00:00:00-04:00,49.18392092040116,53.930170039706944,48.462555871333684,53.58588409423828,5287000
2008-11-03 00:00:00-05:00,53.58586617635393,54.32361974022492,53.020249273599774,54.102294921875,2447800
2008-11-04 00:00:00-05:00,54.37282477051667,56.60249679925527,54.17608458864529,56.41395568847656,3169500
2008-11-05 00:00:00-05:00,55.84832099150496,56.331965968454526,52.28248918629256,52.39725112915039,2645700
2008-11-06 00:00:00-05:00,52.028387952213436,53.37274785208673,50.847971940984806,51.26603698730469,4151900
2008-11-07 00:00:00-05:00,51.51195099357748,53.22519073220347,51.2332420318431,52.93828582763672,2700300
2008-11-10 00:00:00-05:00,53.7580066519945,55.72536399250466,53.348140799973905,54.34001541137695,3180300
2008-11-11 00:00:00-05:00,52.930108362586495,55.34012305277358,52.54483322459763,54.51219177246094,3064500
2008-11-12 00:00:00-05:00,53.66784928040216,53.90557228537407,51.28242954151386,51.72508239746094,3199300
2008-11-13 00:00:00-05:00,52.21689838219987,55.13514371537388,49.70032286920103,55.036773681640625,4639000
2008-11-14 00:00:00-05:00,53.10223062026809,55.35649330871395,52.052974805931655,52.766143798828125,2892900
2008-11-17 00:00:00-05:00,52.23332186429054,53.66785280451922,50.561067903479774,51.44637680053711,3169700
2008-11-18 00:00:00-05:00,51.028311850761085,54.54496252638486,51.01191683717197,53.11043167114258,3980300
2008-11-19 00:00:00-05:00,51.9054305612561,53.61047464100077,48.905211533308346,49.659366607666016,3524200
2008-11-20 00:00:00-05:00,49.200310609951906,50.68402652283371,45.90498788976459,46.5197868347168,5085600
2008-11-21 00:00:00-05:00,47.34770659854074,50.2741519523587,45.429534093608936,49.92986297607422,4663900
2008-11-24 00:00:00-05:00,50.659428785927226,55.126968089193284,50.37252388311474,54.45478820800781,4359400
2008-11-25 00:00:00-05:00,55.26631295828563,56.053254686008366,46.97062854272776,55.0203971862793,3182500
2008-11-26 00:00:00-05:00,54.2170780819943,57.299272386344086,54.151498016058085,56.75005340576172,3013600
2008-11-28 00:00:00-05:00,56.59428612784819,57.91405487060547,56.233602122406694,57.91405487060547,1035700
2008-12-01 00:00:00-05:00,56.97136695481409,56.97136695481409,51.89722762802225,52.01198959350586,3510100
2008-12-02 00:00:00-05:00,52.90550138115178,55.09418421057554,52.151346352862106,54.98762130737305,2418300
2008-12-03 00:00:00-05:00,53.528508506614735,57.602571780690205,53.2252053788616,57.44682693481445,2880600
2008-12-04 00:00:00-05:00,56.52050954713014,60.41423590291807,56.33197472059594,58.14358139038086,3616500
2008-12-05 00:00:00-05:00,57.38125299066369,60.53722065433814,54.69253242260795,60.42245864868164,3392400
2008-12-08 00:00:00-05:00,61.64385195089097,63.07019032013541,59.446969653750664,61.01266098022461,3399500
2008-12-09 00:00:00-05:00,54.823656211539614,55.26631209913798,51.077485557990016,52.175926208496094,14149600
2008-12-10 00:00:00-05:00,52.11846462588029,52.16773169024246,49.071991470949435,50.10664367675781,6284000
2008-12-11 00:00:00-05:00,49.80281941668965,50.92779563580156,47.75815163729937,48.12767028808594,4390500
2008-12-12 00:00:00-05:00,47.216183787810294,50.476154349106814,47.07658961757529,50.36940383911133,4098200
2008-12-15 00:00:00-05:00,50.541847996995564,50.541847996995564,48.75173840441484,49.441505432128906,2764600
2008-12-16 00:00:00-05:00,49.79459949057679,52.19236220084477,49.42508088921531,52.052764892578125,3406800
2008-12-17 00:00:00-05:00,51.36300500127803,53.497999920427254,51.239834205377555,52.5290412902832,2477000
2008-12-18 00:00:00-05:00,53.36659129513709,53.70326614641445,50.63216062897402,51.4040412902832,4110900
2008-12-19 00:00:00-05:00,51.814637418286736,52.9560370399652,51.42048523376459,52.217002868652344,3218000
2008-12-22 00:00:00-05:00,52.34839827245591,52.55368610881848,50.911383417917904,51.69968795776367,2019800
2008-12-23 00:00:00-05:00,51.8803242691978,51.8803242691978,49.49077480769378,49.97525405883789,2424600
2008-12-24 00:00:00-05:00,49.490765893373876,50.46793435198643,49.490765893373876,50.25443649291992,1151400
2008-12-26 00:00:00-05:00,50.33655283182829,50.418669806657974,48.82563495182746,50.065574645996094,1402800
2008-12-29 00:00:00-05:00,49.84387900779854,50.04916681002799,48.88313046449423,49.384033203125,1901100
2008-12-30 00:00:00-05:00,49.58931764283815,51.18235288488298,49.45793358361782,51.09202575683594,1925200
2008-12-31 00:00:00-05:00,51.11665717105387,53.02994078239444,51.11665717105387,52.67684555053711,2237700
2009-01-02 00:00:00-05:00,52.68505672546842,53.103839268933214,51.65040460214385,52.91497802734375,2368800
2009-01-05 00:00:00-05:00,52.51262664794922,52.832872023671435,52.2005882745686,52.51262664794922,3766500
2009-01-06 00:00:00-05:00,52.96423998231238,53.169527734181806,52.10203205094928,52.61935806274414,4064900
2009-01-07 00:00:00-05:00,52.15130913612644,52.75896237679563,51.17414037698282,51.44512176513672,2474600
2009-01-08 00:00:00-05:00,51.338378197541964,51.839280977543,50.377629574888076,50.98528289794922,2054500
2009-01-09 00:00:00-05:00,51.23982942464306,51.23982942464306,49.277275682328884,49.53183364868164,1879600
2009-01-12 00:00:00-05:00,49.52362823486328,50.082011281560284,49.277280377687504,49.52362823486328,2002200
2009-01-13 00:00:00-05:00,49.449722439276684,50.51721829017041,48.94060647932001,49.65501022338867,2413400
2009-01-14 00:00:00-05:00,48.948826547574235,48.9816733493834,46.96163889232809,47.54465866088867,3050900
2009-01-15 00:00:00-05:00,47.569271502728675,48.47253623244383,46.148680833115236,48.08659744262695,2945300
2009-01-16 00:00:00-05:00,48.75994752081463,49.03092572341019,46.8138173849299,48.10302734375,2864800
2009-01-20 00:00:00-05:00,47.9387916749349,48.02911877749193,45.097607105848475,45.14687728881836,3107300
2009-01-21 00:00:00-05:00,45.738118444967355,46.8138244176223,45.11404183367104,46.70707702636719,2694500
2009-01-22 00:00:00-05:00,45.98445461817408,47.01089333732975,45.44249509975758,46.255435943603516,2028600
2009-01-23 00:00:00-05:00,45.21257299422996,45.77916602906289,43.89051944717746,44.44068908691406,3673800
2009-01-26 00:00:00-05:00,44.29289270014446,45.68885030674619,44.17793203826722,44.810218811035156,2369200
2009-01-27 00:00:00-05:00,45.163310849707514,45.853077904346215,44.14508209954833,45.63136672973633,2466000
2009-01-28 00:00:00-05:00,46.38683242019085,47.437904948233026,45.58210149190993,46.6003303527832,2894100
2009-01-29 00:00:00-05:00,46.066585335125936,46.32114335839049,44.5803035301845,44.77737808227539,2479500
2009-01-30 00:00:00-05:00,45.23722806020527,45.23722806020527,41.5092001741933,41.82944869995117,4660300
2009-02-02 00:00:00-05:00,41.52561021892045,41.66520753258046,40.03932562377369,40.35957717895508,4418500
2009-02-03 00:00:00-05:00,40.794771035170875,43.60310520155155,40.646963644051716,43.38139724731445,4663900
2009-02-04 00:00:00-05:00,43.42247698703076,44.01370372987329,41.97724909909728,42.08399963378906,3718300
2009-02-05 00:00:00-05:00,41.69805014735267,43.26644855880156,41.42707192432425,43.176124572753906,3157900
2009-02-06 00:00:00-05:00,43.29928940644004,45.762742267183434,43.13505858923535,45.385013580322266,3918500
2009-02-09 00:00:00-05:00,45.45070710464367,46.57568624256669,45.06476826039415,45.705265045166016,2757900
2009-02-10 00:00:00-05:00,44.96623326689009,45.705270516592016,41.862283083027776,42.724491119384766,5126600
2009-02-11 00:00:00-05:00,43.03652570275805,43.58669852614829,42.50277627599287,43.14327621459961,2371600
2009-02-12 00:00:00-05:00,42.568488183936736,42.954430339628225,41.42708825299991,42.888736724853516,3040600
2009-02-13 00:00:00-05:00,42.87228936458459,44.440687517821054,42.46992716247907,42.54383087158203,3556800
2009-02-17 00:00:00-05:00,41.66520821201027,41.86228272193562,40.18713372535587,40.400634765625,3870100
2009-02-18 00:00:00-05:00,40.63876526615695,41.36958917111315,38.98003983361559,39.41524887084961,3965600
2009-02-19 00:00:00-05:00,39.51379047601245,40.52380596388299,38.84044681743209,39.14427185058594,3257900
2009-02-20 00:00:00-05:00,38.59411084165253,39.004686488904156,37.39523070346426,38.56126403808594,3945600
2009-02-23 00:00:00-05:00,38.86508534171475,38.86508534171475,36.39341863185665,36.58228302001953,3984100
2009-02-24 00:00:00-05:00,36.86146803846216,38.78296151156088,35.9992601114502,38.48734664916992,4670700
2009-02-25 00:00:00-05:00,38.364193361591575,38.364193361591575,35.83504561515965,36.393428802490234,5631600
2009-02-26 00:00:00-05:00,36.73008439084957,36.82041150336033,35.48193447671706,35.580474853515625,4420400
2009-02-27 00:00:00-05:00,35.04674717804709,36.1388770724541,34.79218907877594,35.481956481933594,4057900
2009-03-02 00:00:00-05:00,34.82502146087236,35.27665398393321,33.09239196777344,33.09239196777344,5048500
2009-03-03 00:00:00-05:00,33.470123124757826,34.04492961857042,32.79677935934527,32.9117431640625,3437600
2009-03-04 00:00:00-05:00,33.338729318317355,35.43266687246839,33.059537853260046,34.9646110534668,5179000
2009-03-05 00:00:00-05:00,34.159894580355825,34.159894580355825,31.60611653753007,32.02490234375,6425100
2009-03-06 00:00:00-05:00,32.49295594790917,32.72287730427328,28.78956504781041,29.364368438720703,9541200
2009-03-09 00:00:00-04:00,28.95251249729164,29.56203729014215,28.021748098249663,28.235904693603516,6793000
2009-03-10 00:00:00-04:00,28.828972538190943,30.624605936224096,28.458313691421044,30.550474166870117,6848000
2009-03-11 00:00:00-04:00,30.706972896654698,31.62950227191242,30.146866898144165,30.937606811523438,5591600
2009-03-12 00:00:00-04:00,30.822263997479293,31.868343401582447,29.77618773548228,31.761266708374023,4248000
2009-03-13 00:00:00-04:00,31.967213782562457,32.14842233346548,30.879949908709502,31.30002784729004,4126000
2009-03-16 00:00:00-04:00,31.89307668209657,34.23234165596288,31.753048631231678,33.07918167114258,6162800
2009-03-17 00:00:00-04:00,33.54868668827888,34.63595054018144,33.2192146028558,34.57829284667969,5130400
2009-03-18 00:00:00-04:00,34.59475322718521,36.415095440509894,33.85343582975971,35.45962142944336,7503100
2009-03-19 00:00:00-04:00,36.209178060807226,38.58139083747977,36.18446852568918,37.14817810058594,11256900
2009-03-20 00:00:00-04:00,37.05757598170654,37.4694183311084,34.10878325177751,34.51239013671875,9224600
2009-03-23 00:00:00-04:00,35.81382435619646,36.71164115527645,34.603006369169684,36.68693161010742,4125800
2009-03-24 00:00:00-04:00,36.32449902831782,36.983449392982365,35.714974025743786,35.88794708251953,3940600
2009-03-25 00:00:00-04:00,36.9669794535697,36.9669794535697,34.63594966185056,35.640846252441406,4345900
2009-03-26 00:00:00-04:00,36.036218005322546,38.861457748308545,35.91266400103219,38.696720123291016,4954900
2009-03-27 00:00:00-04:00,38.251937755520174,38.45785904582314,37.337649865947,37.625938415527344,3643000
2009-03-30 00:00:00-04:00,37.06582550633873,37.06582550633873,35.80558844459808,36.30803680419922,3883900
2009-03-31 00:00:00-04:00,36.711629841850076,37.444708782302484,35.47610269040677,36.64573669433594,4408900
2009-04-01 00:00:00-04:00,36.456291205097905,37.26350514809895,36.19271229632107,37.03287124633789,3278500
2009-04-02 00:00:00-04:00,37.86478518750794,41.57960165707914,37.73299576633287,40.42644500732422,9218100
2009-04-03 00:00:00-04:00,39.792221224699304,41.30780166444107,39.61100952950025,41.200721740722656,4319000
2009-04-06 00:00:00-04:00,40.797095016635936,40.94535848795161,38.82848943229771,39.79220199584961,5286900
2009-04-07 00:00:00-04:00,39.08384659228092,39.12503020618155,38.13660776202477,38.29310989379883,2613200
2009-04-08 00:00:00-04:00,38.37548274968706,39.816931442367995,38.05424611519843,39.512168884277344,2812300
2009-04-09 00:00:00-04:00,40.50057229434647,42.12323204277471,40.3028897400643,41.942020416259766,3456900
2009-04-13 00:00:00-04:00,41.50548087008375,42.2138503742227,40.55824513719555,41.991455078125,2756200
2009-04-14 00:00:00-04:00,41.18423204201272,43.02104841403357,41.18423204201272,41.73609924316406,3209800
2009-04-15 00:00:00-04:00,41.61254657765564,41.80199365955245,40.52528315157381,41.21717834472656,2978900
2009-04-16 00:00:00-04:00,41.39015889367031,44.90729317074262,41.21718584941462,44.67666244506836,5094200
2009-04-17 00:00:00-04:00,43.82827316307869,44.15774838284025,42.14795519809016,43.86122131347656,5406900
2009-04-20 00:00:00-04:00,43.037523946410225,43.18578743816838,41.925550900331686,42.073814392089844,3631600
2009-04-21 00:00:00-04:00,41.7361148938681,43.38348479329893,41.406642799247166,43.26816940307617,2908500
2009-04-22 00:00:00-04:00,42.963400446104664,45.92042910040714,42.963400446104664,43.85298156738281,4474800
2009-04-23 00:00:00-04:00,43.037542712618425,45.45917556375771,42.50214618757956,45.33562469482422,5572500
2009-04-24 00:00:00-04:00,45.33562593608854,46.74412661841385,45.0638083611964,46.175785064697266,3050700
2009-04-27 00:00:00-04:00,44.8496336461649,45.40973950730516,43.36700177813214,43.50702667236328,3006100
2009-04-28 00:00:00-04:00,42.92222199174012,44.6684331548721,42.831616147153,43.91064453125,2889900
2009-04-29 00:00:00-04:00,44.44602309109933,46.06868286186386,44.38012995280075,45.52505111694336,2442900
2009-04-30 00:00:00-04:00,46.04398378313003,47.55132540546099,45.76393081202642,46.09340286254883,3892100
2009-05-01 00:00:00-04:00,46.04398580873824,46.34874833295863,44.75080080525048,45.40974807739258,2670000
2009-05-04 00:00:00-04:00,45.56624800370054,49.13280509659175,45.35209131416902,49.017486572265625,4228800
2009-05-05 00:00:00-04:00,48.959828636401184,50.244778193492174,48.828039179938656,50.04709243774414,3995300
2009-05-06 00:00:00-04:00,50.40127713985272,50.936673573623025,49.42109325479174,50.829593658447266,3633000
2009-05-07 00:00:00-04:00,51.10965203477326,51.20025788469764,48.27617685390357,48.860992431640625,4220500
2009-05-08 00:00:00-04:00,49.511688367776486,50.22005772035459,48.59739783791907,49.47050476074219,3158900
2009-05-11 00:00:00-04:00,48.152627096641126,48.67154955607538,46.95828314999174,47.09007263183594,4256400
2009-05-12 00:00:00-04:00,46.95002884899466,47.188898170928766,44.87434298598617,45.4015007019043,4108600
2009-05-13 00:00:00-04:00,44.85786427320355,44.85786427320355,43.05399606154537,43.41641616821289,3978100
2009-05-14 00:00:00-04:00,43.42466247983901,44.577819283195375,43.34229211681551,43.993003845214844,2720200
2009-05-15 00:00:00-04:00,44.157742955803684,44.96495368869297,43.30934861103285,43.63882064819336,3618800
2009-05-18 00:00:00-04:00,44.13304722636301,44.651966554235436,43.45762258331046,44.52841567993164,3608600
2009-05-19 00:00:00-04:00,44.56136240109914,45.574497833424616,44.47899514840876,45.00615310668945,2927000
2009-05-20 00:00:00-04:00,45.71450656466371,47.19713858158252,45.22029693972683,45.862770080566406,4441400
2009-05-21 00:00:00-04:00,45.236775968638675,45.236775968638675,43.35877528716482,44.00948715209961,2960600
2009-05-22 00:00:00-04:00,44.02595055048525,44.190688129036175,42.6009763089195,43.523502349853516,3033300
2009-05-26 00:00:00-04:00,43.144612032214866,45.86277132748548,43.11989935082041,45.5909538269043,3030500
2009-05-27 00:00:00-04:00,45.673321689811075,46.08516407990476,43.80355686173278,43.951820373535156,2437300
2009-05-28 00:00:00-04:00,44.54486845801174,44.88257904699863,42.96339225785067,44.133026123046875,2887200
2009-05-29 00:00:00-04:00,44.24012482534169,45.681573713147195,44.00125539839914,45.656864166259766,2832900
2009-06-01 00:00:00-04:00,47.18890300842196,47.971404197876936,45.94513719919892,47.67487716674805,2574900
2009-06-02 00:00:00-04:00,47.76548847601436,48.9104099781045,47.09830257945222,47.485435485839844,2331600
2009-06-03 00:00:00-04:00,47.147732429698976,47.29599284413845,45.87925673127688,46.37346649169922,2678700
2009-06-04 00:00:00-04:00,46.447590622349374,46.98298705974441,45.871010568718226,46.95003890991211,1907100
2009-06-05 00:00:00-04:00,47.543090040547966,48.49856433067591,46.85119464824094,47.04064178466797,3813400
2009-06-08 00:00:00-04:00,46.81825400777736,46.90062124826335,45.862779564439414,46.505252838134766,2491000
2009-06-09 00:00:00-04:00,46.38168338653926,47.419524654372076,46.216945829489156,46.999446868896484,2259400
2009-06-10 00:00:00-04:00,48.12790461394307,48.12790461394307,46.15929838338324,47.15595626831055,2479300
2009-06-11 00:00:00-04:00,46.82648583489617,47.3948304332388,46.12635491886398,46.25814437866211,3519600
2009-06-12 00:00:00-04:00,45.920428528184715,46.3075613974844,44.17421759667902,44.80021667480469,3844400
2009-06-15 00:00:00-04:00,44.22362654704161,44.47073444913253,42.60920543023528,42.83983612060547,4062300
2009-06-16 00:00:00-04:00,43.17002150172304,43.970690223813165,41.88235172869165,42.443641662597656,5007800
2009-06-17 00:00:00-04:00,41.50264463915149,42.6747575895256,41.0734204001953,41.849327087402344,9119400
2009-06-18 00:00:00-04:00,42.61698331510594,43.194785372390335,41.76678764486273,42.889373779296875,4140000
2009-06-19 00:00:00-04:00,43.17002145545258,43.392888104107904,42.096962262820554,42.468406677246094,2993500
2009-06-22 00:00:00-04:00,41.75028558021901,42.30332262804521,41.155974479106995,41.31280517578125,4424100
2009-06-23 00:00:00-04:00,42.35285594249563,42.92240206713747,41.725526764357795,41.8906135559082,4792200
2009-06-24 00:00:00-04:00,42.2372790385542,44.58975795668703,41.93187062172396,43.657020568847656,6542000
2009-06-25 00:00:00-04:00,43.533218661367165,46.53778605449841,43.38464087610082,46.463497161865234,6434200
2009-06-26 00:00:00-04:00,45.910453640110546,46.3066599895228,45.44821447351367,45.73711395263672,3304400
2009-06-29 00:00:00-04:00,45.85267664583526,46.45524070382788,45.19233268836173,45.9187126159668,2513500
2009-06-30 00:00:00-04:00,46.991761317695754,47.008270306496684,45.49773089327188,45.91044616699219,4147600
2009-07-01 00:00:00-04:00,46.067287452455176,47.198126604071746,46.01776047802543,46.37269592285156,2311100
2009-07-02 00:00:00-04:00,45.52249595074341,45.852666280458244,44.6310294481013,44.83738708496094,3090800
2009-07-06 00:00:00-04:00,44.67230134528685,46.33967146627317,44.55674156986256,46.25712966918945,5143300
2009-07-07 00:00:00-04:00,46.16633077013984,46.16633077013984,44.82913416494432,44.83738708496094,2809400
2009-07-08 00:00:00-04:00,45.22534515294641,46.149826580561516,43.40114420910874,44.044979095458984,5429400
2009-07-09 00:00:00-04:00,44.2348296734228,44.985971456190114,44.04498099742317,44.51547622680664,2427300
2009-07-10 00:00:00-04:00,44.3008670502383,45.563778244863116,44.3008670502383,45.29964065551758,2348800
2009-07-13 00:00:00-04:00,45.679335073807984,46.05903244018555,44.39991811828554,46.05903244018555,2598700
2009-07-14 00:00:00-04:00,46.03425857653202,46.298396080118835,45.06025035126785,45.84440994262695,2247300
2009-07-15 00:00:00-04:00,46.480008512894265,47.41274303034229,46.27365081719484,47.346710205078125,4688000
2009-07-16 00:00:00-04:00,47.16511048419192,51.597672535780276,47.10733058612559,51.00336456298828,9769600
2009-07-17 00:00:00-04:00,50.61539483389555,51.36653641583911,49.66614855891789,49.913780212402344,5463400
2009-07-20 00:00:00-04:00,50.078863637463535,51.00334800391232,49.74043728062146,50.92080307006836,3228200
2009-07-21 00:00:00-04:00,51.17668779059703,51.28399463052247,49.21216244214186,49.913780212402344,3403600
2009-07-22 00:00:00-04:00,49.40201420310315,51.35828675670505,49.129623775254856,51.01160430908203,2966600
2009-07-23 00:00:00-04:00,50.590636370156105,53.37233943708437,50.351260768176964,53.02565383911133,4584000
2009-07-24 00:00:00-04:00,52.57165792269796,53.65297281608593,52.38180931981614,53.63646697998047,3360100
2009-07-27 00:00:00-04:00,53.68602104148541,54.99845301642873,53.24028764503183,54.96543502807617,3011200
2009-07-28 00:00:00-04:00,54.420631641562856,55.07272247458893,53.735522833727714,54.156494140625,2914000
2009-07-29 00:00:00-04:00,53.77680708787726,55.03145888118434,53.34757963139139,54.272064208984375,2575500
2009-07-30 00:00:00-04:00,54.924156832877394,56.63279804595564,54.519697573076385,55.617515563964844,3500400
2009-07-31 00:00:00-04:00,55.617498963217564,56.54198329292963,55.38637945517312,55.997196197509766,2534300
2009-08-03 00:00:00-04:00,56.418163258630706,57.2683555129665,55.72480478627158,56.90517044067383,2601000
2009-08-04 00:00:00-04:00,56.55026876814232,56.797894242304785,55.980719471754796,56.492488861083984,3109500
2009-08-05 00:00:00-04:00,56.57501815169835,56.8061377287275,55.213056304163835,55.617515563964844,3416900
2009-08-06 00:00:00-04:00,55.95593472713093,55.95593472713093,54.618735041022745,54.7838249206543,3207500
2009-08-07 00:00:00-04:00,55.468919132524306,56.76484457992226,55.24605570037507,56.01370620727539,4829800
2009-08-10 00:00:00-04:00,55.023188244888665,55.99718997846503,55.023188244888665,55.40288543701172,2741000
2009-08-11 00:00:00-04:00,55.03970247537776,55.303839966600435,54.15649214870806,54.45364761352539,3195100
2009-08-12 00:00:00-04:00,54.47840719199766,55.46067139748859,54.090453890752194,54.79206848144531,2448700
2009-08-13 00:00:00-04:00,55.592749849725344,55.592749849725344,54.28856798564287,55.22956466674805,2111700
2009-08-14 00:00:00-04:00,55.13051397781101,55.41941344637293,53.64473628586961,54.48667907714844,1830500
2009-08-17 00:00:00-04:00,53.941881040363704,53.941881040363704,52.447853874813326,52.72850036621094,2355800
2009-08-18 00:00:00-04:00,53.05868797071986,54.4784298781814,52.96789008378661,54.288578033447266,2699700
2009-08-19 00:00:00-04:00,53.81806665268944,54.51968762317063,52.99263614392098,54.18951416015625,2066700
2009-08-20 00:00:00-04:00,54.007937001564656,54.8003498066072,53.92539518182761,54.56097412109375,1713200
2009-08-21 00:00:00-04:00,55.06446271420102,56.25308453748672,54.717783448254146,56.02196502685547,2966900
2009-08-24 00:00:00-04:00,56.12101201897194,56.76484673353412,55.83211263391638,55.997196197509766,1828100
2009-08-25 00:00:00-04:00,56.4594585621151,57.202347417709284,56.21182684440498,56.34389877319336,2719800
2009-08-26 00:00:00-04:00,56.319124752724804,56.69056595189663,55.62575987072661,55.93117141723633,2058500
2009-08-27 00:00:00-04:00,56.02198384456868,56.855664316873,54.77558172496028,56.56676483154297,2784800
2009-08-28 00:00:00-04:00,57.070285370241024,58.003019913044724,56.830909681018,57.66459655761719,3296300
2009-08-31 00:00:00-04:00,57.08676035687826,57.284861857886135,56.37688982260577,56.71531295776367,1822300
2009-09-01 00:00:00-04:00,56.830894293154884,58.88621467837257,56.69057260566795,56.987728118896484,5406900
2009-09-02 00:00:00-04:00,56.74834109951699,57.491229733417526,56.17879209727086,56.55023956298828,3041100
2009-09-03 00:00:00-04:00,57.152798416015145,57.63154955341998,56.3191182566938,57.565513610839844,1957900
2009-09-04 00:00:00-04:00,57.68107331169777,58.564283575957354,57.63154950357256,58.48999786376953,1961200
2009-09-08 00:00:00-04:00,59.25057178635143,59.48205062263817,57.81209165562294,58.6388053894043,3067200
2009-09-09 00:00:00-04:00,59.291939761783496,59.82103631243525,58.663635242636396,59.556488037109375,3530000
2009-09-10 00:00:00-04:00,59.663951593922704,60.10210903212552,59.00258413699819,60.06904602050781,2418300
2009-09-11 00:00:00-04:00,62.788934877156166,64.73171810458824,62.76413446273418,63.92153549194336,11095300
2009-09-14 00:00:00-04:00,63.65698432501763,65.30214358243056,63.40896757744355,65.2112045288086,5064200
2009-09-15 00:00:00-04:00,65.60800296349014,66.13709925292753,64.92182904498294,65.74854278564453,4658700
2009-09-16 00:00:00-04:00,66.14535800512989,66.14535800512989,63.98763496856049,64.64900207519531,4444600
2009-09-17 00:00:00-04:00,63.20227949525664,64.88877672456364,62.458241979753005,63.210548400878906,6004400
2009-09-18 00:00:00-04:00,63.52470300790795,63.5743101386674,62.41690923574439,62.97080612182617,4293400
2009-09-21 00:00:00-04:00,62.59877933704791,62.83025822660524,61.38350885954525,62.491302490234375,2897600
2009-09-22 00:00:00-04:00,62.937740581713555,63.516444221576535,62.83027002205071,62.962547302246094,2928000
2009-09-23 00:00:00-04:00,63.218799591328896,63.65695685662454,62.19367633787066,62.235008239746094,2938400
2009-09-24 00:00:00-04:00,62.251564651340644,63.012139992271884,61.416581773075336,62.325965881347656,3120900
2009-09-25 00:00:00-04:00,61.89608462734538,62.44171263316905,60.267456901961985,60.664276123046875,2992600
2009-09-28 00:00:00-04:00,60.780010629260694,63.103081263001165,60.7056093966254,62.72279357910156,3308100
2009-09-29 00:00:00-04:00,62.863311924232285,63.1030596595244,61.887789483913544,62.036598205566406,2580500
2009-09-30 00:00:00-04:00,61.99525500130917,62.921176562243986,60.945331438426294,62.185401916503906,3547100
2009-10-01 00:00:00-04:00,62.44996549992294,62.912923241389315,60.730399164010414,60.91227722167969,4169600
2009-10-02 00:00:00-04:00,60.51546119555589,61.325643676300565,59.89542570663697,60.82961654663086,3360100
2009-10-05 00:00:00-04:00,60.99495753222082,62.54918387926291,60.58160053478661,62.37556838989258,3142900
2009-10-06 00:00:00-04:00,62.47476345343427,63.63216406898201,61.50750979270922,62.06967544555664,3080700
2009-10-07 00:00:00-04:00,61.97045692570917,63.10305694214583,61.57363788993966,63.003849029541016,2461000
2009-10-08 00:00:00-04:00,63.44202820340548,65.22773340363587,63.00387080908794,64.62422943115234,6976800
2009-10-09 00:00:00-04:00,64.5746069571353,64.89702479228167,63.73962436254669,64.05377960205078,2443800
2009-10-12 00:00:00-04:00,64.51675108706522,64.70689174481313,63.72310652978524,64.1695327758789,1518400
2009-10-13 00:00:00-04:00,64.14476679388007,64.65733198872655,63.30978979733582,64.64080047607422,2520900
2009-10-14 00:00:00-04:00,65.45095475467392,66.46781588799065,65.23601362675991,66.37687683105469,3034200
2009-10-15 00:00:00-04:00,65.98829823052093,67.07129133886774,65.6824118401311,66.8976821899414,2996200
2009-10-16 00:00:00-04:00,66.21977581535505,66.69100244113677,65.72374878410997,66.1784439086914,2865800
2009-10-19 00:00:00-04:00,66.39339341903133,66.6827483391684,65.89736632459547,66.12884521484375,2085100
2009-10-20 00:00:00-04:00,66.1619141154952,67.65000169683398,65.87256550449229,67.52599334716797,3419900
2009-10-21 00:00:00-04:00,67.3688937734415,68.07159911657307,65.69066606810651,65.8146743774414,2193900
2009-10-22 00:00:00-04:00,65.78163984918092,65.78990875612774,63.98767178872575,65.27734375,2318100
2009-10-23 00:00:00-04:00,65.55015255511572,65.97177845305154,63.43376677419838,63.739646911621094,2864100
2009-10-26 00:00:00-04:00,63.77269281063109,65.37651936918144,63.26839696092866,63.54121398925781,2095500
2009-10-27 00:00:00-04:00,63.62388370890628,63.780961325593495,61.73070863515298,61.82164764404297,3497200
2009-10-28 00:00:00-04:00,61.59020705910913,62.36732041484442,60.589883647646,60.79656219482422,2856500
2009-10-29 00:00:00-04:00,61.49925378848804,62.590516013232964,60.99495774527066,61.96221160888672,2737000
2009-10-30 00:00:00-04:00,61.78858966975686,62.47476365998981,59.86235124623289,60.09383010864258,2969200
2009-11-02 00:00:00-05:00,60.35836941909459,61.01973659925834,59.341508785862494,60.24263000488281,2745900
2009-11-03 00:00:00-05:00,60.399719363474006,62.077947678214805,60.01116279654842,61.863006591796875,3519500
2009-11-04 00:00:00-05:00,62.36731985085212,62.392120267116645,60.159988193379995,60.28399658203125,2659600
2009-11-05 00:00:00-05:00,60.78828460484122,62.268103548162614,60.771753098652695,62.00355529785156,2204600
2009-11-06 00:00:00-05:00,61.54887094437585,63.954612343819385,61.54887094437585,63.756202697753906,2895000
2009-11-09 00:00:00-05:00,64.33487025278001,67.16223004880524,63.6734966632336,67.14569854736328,4110800
2009-11-10 00:00:00-05:00,66.69928511799094,68.02202624354975,66.38513607171048,67.89801788330078,3469800
2009-11-11 00:00:00-05:00,68.23698014734157,69.25383492212276,67.71615255347763,68.20391082763672,3882000
2009-11-12 00:00:00-05:00,68.04685292160704,68.45194747528357,66.56703354800393,66.76544952392578,2516600
2009-11-13 00:00:00-05:00,66.98034990998468,67.97241026340325,66.76540886130427,67.76573181152344,1938200
2009-11-16 00:00:00-05:00,69.06368531885394,70.20454831869175,68.68339765224134,70.1053466796875,3197100
2009-11-17 00:00:00-05:00,70.00610035306072,70.62613548621584,69.501804606842,70.485595703125,3673100
2009-11-18 00:00:00-05:00,70.27895428507784,70.46909496047246,68.8983372022873,69.2042236328125,2333000
2009-11-19 00:00:00-05:00,68.90662282964158,69.10503245869299,67.33586469027424,68.18738555908203,1967300
2009-11-20 00:00:00-05:00,67.73266617623345,68.28656294355707,66.63313523883498,67.60865783691406,2422600
2009-11-23 00:00:00-05:00,68.6172712091348,69.28690762066209,67.8814961549725,68.29485321044922,2233000
2009-11-24 00:00:00-05:00,68.14603985033344,68.74954388610074,67.4185337520975,67.616943359375,1504300
2009-11-25 00:00:00-05:00,67.69962172343084,69.07197024977019,67.66655240031476,69.03063201904297,2101000
2009-11-27 00:00:00-05:00,67.20357986502198,69.06368631099714,66.83155479143069,68.32791137695312,1495500
2009-11-30 00:00:00-05:00,68.5014920968935,70.03917995800482,67.85665647268381,69.81596374511719,2605500
2009-12-01 00:00:00-05:00,70.59310376360183,71.56862647796846,70.12187706387631,70.9981918334961,3194300
2009-12-02 00:00:00-05:00,70.99818299856942,72.15558364728301,70.71710331775421,72.00677490234375,2475200
2009-12-03 00:00:00-05:00,72.42841670304917,72.65162671601803,70.91552851376052,71.04780578613281,3246400
2009-12-04 00:00:00-05:00,71.99024944868962,72.78389405259975,71.14699772074806,72.69295501708984,2926800
2009-12-07 00:00:00-05:00,72.75907527664748,73.11456242372012,72.24651050656074,72.3539810180664,2271000
2009-12-08 00:00:00-05:00,73.96608145939125,74.91680354926534,73.5857938849067,74.3050308227539,6866400
2009-12-09 00:00:00-05:00,74.69360004677868,74.69360004677868,72.83349376074051,73.5775375366211,3389600
2009-12-10 00:00:00-05:00,73.88378702937995,74.5045896167187,72.56768226035393,72.87394714355469,2376300
2009-12-11 00:00:00-05:00,72.78291196314429,73.62720089317213,72.50147810971373,72.79119110107422,1815400
2009-12-14 00:00:00-05:00,73.04779127927158,75.03436137028955,72.9981290794141,74.9598617553711,2644500
2009-12-15 00:00:00-05:00,74.87707536025884,76.14351174162047,74.49631716368242,75.62203979492188,4924000
2009-12-16 00:00:00-05:00,76.10212638023141,76.64015026910566,74.28938069670666,74.45492553710938,3494500
2009-12-17 00:00:00-05:00,71.59097908358149,72.09589921325286,69.85273245912026,69.91895294189453,8399100
2009-12-18 00:00:00-05:00,70.4321439756336,70.98673260983438,69.14087617239848,70.3162612915039,4804000
2009-12-21 00:00:00-05:00,70.71358526019691,71.35094008958981,69.62097247042811,70.12589263916016,3637700
2009-12-22 00:00:00-05:00,70.05140687389408,70.69704728595589,68.93396275881734,69.1160659790039,3554900
2009-12-23 00:00:00-05:00,68.91736938307899,69.52989286147923,68.58627339214104,69.33123779296875,2171200
2009-12-24 00:00:00-05:00,69.52990122997076,69.85271812332796,68.16413404992717,68.34623718261719,1458100
2009-12-28 00:00:00-05:00,68.32140169372616,69.07463895809735,68.16412966830674,68.71871185302734,2124300
2009-12-29 00:00:00-05:00,68.72698316243849,70.63905308474146,68.57799029088693,70.49006652832031,2916200
2009-12-30 00:00:00-05:00,70.35764590399951,70.55630101831495,69.81961558406013,70.49835968017578,1589000
2009-12-31 00:00:00-05:00,69.70371244898219,70.14241192543466,68.95047527425615,69.07463073730469,1984200
2010-01-04 00:00:00-05:00,69.70371244898219,70.35762525326939,68.79320326755419,69.07463073730469,3215100
2010-01-05 00:00:00-05:00,69.06636601695885,70.01825835933545,68.4041739990932,69.97687530517578,2493300
2010-01-06 00:00:00-05:00,69.80307192664736,70.45698500065805,69.20710019766885,69.39747619628906,2491000
2010-01-07 00:00:00-05:00,69.40574255877866,69.40574255877866,68.20552649757298,68.64422607421875,3093200
2010-01-08 00:00:00-05:00,69.59611275954947,70.57284245159121,68.66076611908336,70.34934997558594,4351200
2010-01-11 00:00:00-05:00,70.84598569629613,73.08087871968212,70.68872000742971,72.22003173828125,6131900
2010-01-12 00:00:00-05:00,71.54959125840874,73.40372044681382,70.85428886579908,71.66547393798828,3345100
2010-01-13 00:00:00-05:00,71.97171732990475,72.28626137785963,70.48179477348917,71.036376953125,2855700
2010-01-14 00:00:00-05:00,70.83773775431823,71.55786494104728,70.43214205578745,71.42543029785156,2104300
2010-01-15 00:00:00-05:00,71.46678201487357,71.8475464454935,70.29967657839065,70.44866943359375,4369700
2010-01-19 00:00:00-05:00,70.33281208432277,71.40059354456692,70.33281208432277,71.10260772705078,2289200
2010-01-20 00:00:00-05:00,70.15072286382393,70.19211224702401,68.76840335075282,69.57958221435547,2793100
2010-01-21 00:00:00-05:00,69.81961949715478,69.92722935625306,67.29502526230364,67.54334259033203,2865500
2010-01-22 00:00:00-05:00,67.31156767109813,67.75854637626759,66.37622720286102,66.45899963378906,2551800
2010-01-25 00:00:00-05:00,67.22876129672377,67.22876129672377,65.51534694956717,66.7900619506836,1878500
2010-01-26 00:00:00-05:00,66.59975211442493,67.23711346486576,65.81340409078197,66.84807586669922,2272300
2010-01-27 00:00:00-05:00,66.83972868308982,66.85628063599546,65.06837291112599,66.56657409667969,3523900
2010-01-28 00:00:00-05:00,67.03016951089018,67.03016951089018,64.88632661431987,65.44918823242188,1974200
2010-01-29 00:00:00-05:00,65.95407919965338,66.79836809426338,64.81180450338532,64.85318756103516,3139500
2010-02-01 00:00:00-05:00,65.23393057888948,66.82318992211997,65.19254753089125,66.77352142333984,3056600
2010-02-02 00:00:00-05:00,67.10464021971472,68.32969379273626,66.5169476910455,68.14759063720703,3217400
2010-02-03 00:00:00-05:00,67.59299667569513,68.57799926895028,66.97219401547808,67.9737548828125,2593700
2010-02-04 00:00:00-05:00,67.34470452194915,67.65924240983763,65.18430975071473,65.26708221435547,3830100
2010-02-05 00:00:00-05:00,65.26705739705741,65.59815344085781,62.22098516133092,63.479148864746094,5535300
2010-02-08 00:00:00-05:00,63.58675239505022,64.37309997333587,62.3368678293913,63.479148864746094,2966800
2010-02-09 00:00:00-05:00,63.95926493912116,65.987225320781,63.702668370699314,65.57335662841797,4694400
2010-02-10 00:00:00-05:00,65.52366126596624,65.63126479810884,64.16616683167764,64.80352783203125,2196800
2010-02-11 00:00:00-05:00,64.87799660531154,66.03682918283425,64.09992844558029,65.82989501953125,2272800
2010-02-12 00:00:00-05:00,64.89459122120917,65.12635660349568,64.15790569245576,65.01875305175781,2902000
2010-02-16 00:00:00-05:00,65.3249884956529,66.38449061770086,65.3249884956529,66.1941146850586,2649200
2010-02-17 00:00:00-05:00,66.13620127875504,66.62456317877108,65.33329521182235,66.1693115234375,2484400
2010-02-18 00:00:00-05:00,65.91268234004498,66.54176410710436,65.69747530839462,66.30171966552734,1714300
2010-02-19 00:00:00-05:00,66.30174222527693,68.23865037509655,66.30174222527693,67.67578887939453,3000000
2010-02-22 00:00:00-05:00,68.08138035440186,68.81806591016893,67.47712945831206,68.17243194580078,2218800
2010-02-23 00:00:00-05:00,67.92407255155327,68.80147776037659,66.98045320528267,67.45226287841797,2217300
2010-02-24 00:00:00-05:00,67.65095073458116,69.20709408889728,67.65095073458116,68.76839447021484,3083400
2010-02-25 00:00:00-05:00,67.49364016518815,68.9256208839865,66.44241119276602,68.85112762451172,3007100
2010-02-26 00:00:00-05:00,68.80977361894452,70.34109210062944,68.13930867872774,70.15898895263672,3030000
2010-03-01 00:00:00-05:00,70.29144394926571,71.55788089882185,70.21695062994307,71.02812957763672,2419000
2010-03-02 00:00:00-05:00,71.54955871382377,72.11241989367592,70.53143984617593,70.69699096679688,3169300
2010-03-03 00:00:00-05:00,71.03637112265737,72.67529274684055,70.90393652001812,71.3012466430664,3579600
2010-03-04 00:00:00-05:00,72.20349367806946,72.41042790625761,70.74667494338803,71.48336029052734,2448200
2010-03-05 00:00:00-05:00,72.02964389130291,72.6338944528728,71.70682708783386,71.9717025756836,1817600
2010-03-08 00:00:00-05:00,72.22829707431421,72.4600623105782,71.30122981412917,71.73992919921875,1924700
2010-03-09 00:00:00-05:00,71.67366071281084,72.38641328843353,70.97747480842185,71.98030853271484,2023300
2010-03-10 00:00:00-05:00,72.11293214600946,73.21521670254515,72.00518552995686,72.32012939453125,2557400
2010-03-11 00:00:00-05:00,71.78141037900743,72.10463755876306,70.97748409796885,71.68195343017578,4330500
2010-03-12 00:00:00-05:00,71.71509312296551,71.84770236473214,70.2812920545148,71.42501831054688,3605200
2010-03-15 00:00:00-04:00,71.4415664209881,72.79249572753906,71.40013078973563,72.79249572753906,2509100
2010-03-16 00:00:00-04:00,72.96660666976537,73.7125182628832,72.66824203251825,73.4555892944336,2798400
2010-03-17 00:00:00-04:00,73.80364037398074,75.01367118458198,73.80364037398074,74.42523193359375,4885800
2010-03-18 00:00:00-04:00,72.80910863355918,77.04422071117908,72.1046392844917,76.80387115478516,13233200
2010-03-19 00:00:00-04:00,75.46118927001953,76.38942826712908,74.88932322847603,75.46118927001953,5613000
2010-03-22 00:00:00-04:00,75.0053739675157,75.41976829882793,74.1931582959552,74.32576751708984,3904200
2010-03-23 00:00:00-04:00,74.30918635682282,76.2568382352435,74.2926070444258,75.94189453125,4116000
2010-03-24 00:00:00-04:00,75.76784961151121,75.83415421472063,74.67384895117587,74.78987884521484,4458000
2010-03-25 00:00:00-04:00,75.56897134512268,76.19885267285692,74.59928986007166,75.37006378173828,5720000
2010-03-26 00:00:00-04:00,75.577213128467,76.14907280133468,74.87273795875554,75.7098159790039,3777100
2010-03-29 00:00:00-04:00,76.04134196106453,76.60491837239422,75.28714141985166,76.43916320800781,3423400
2010-03-30 00:00:00-04:00,76.67952249883211,77.26796799997429,75.98334307354841,76.92816162109375,3979900
2010-03-31 00:00:00-04:00,76.3894615143915,77.62436136832942,75.91705215542441,77.40887451171875,4168500
2010-04-01 00:00:00-04:00,77.91444007502834,78.34540748663102,75.991650232576,76.38946533203125,2527800
2010-04-05 00:00:00-04:00,76.34802138068363,76.77069908749021,75.9667793171871,76.62980651855469,2091900
2010-04-06 00:00:00-04:00,76.32316299502499,76.94475463931433,76.04966747713715,76.55522918701172,1794300
2010-04-07 00:00:00-04:00,76.27342390241282,76.53863603645297,74.75673904689127,75.14627075195312,2522400
2010-04-08 00:00:00-04:00,74.96393712787902,75.37004815298923,74.44180251108091,75.18771362304688,2344000
2010-04-09 00:00:00-04:00,74.98879220730922,75.95018365548815,74.82303070027496,75.63524627685547,1876000
2010-04-12 00:00:00-04:00,75.47778891704654,75.99992353735118,75.06339455463316,75.27059173583984,1542300
2010-04-13 00:00:00-04:00,75.16285097317403,75.37833148750943,74.52468011837577,75.18771362304688,1358600
2010-04-14 00:00:00-04:00,75.51925201982576,78.09678618132206,75.2291708264199,77.9144515991211,4753400
2010-04-15 00:00:00-04:00,78.9835823684169,81.01411258423192,78.9835823684169,79.24879455566406,4342800
2010-04-16 00:00:00-04:00,78.93383739973855,79.05815697469669,77.4171588193492,77.79840087890625,3812200
2010-04-19 00:00:00-04:00,77.34259441709885,78.12994149066996,76.19057813564619,76.70442962646484,2866100
2010-04-20 00:00:00-04:00,77.35915242142252,77.54148699002121,75.87562586380406,76.28173065185547,3546600
2010-04-21 00:00:00-04:00,76.23198117674366,76.66294848332639,75.51922244715436,75.83415985107422,2628500
2010-04-22 00:00:00-04:00,75.42805968067508,76.19883340746658,74.50810373827373,76.00820922851562,3302100
2010-04-23 00:00:00-04:00,76.1905670008,76.9364783064746,75.66843224840667,76.9198989868164,2879700
2010-04-26 00:00:00-04:00,77.10224393804783,77.89788066343266,76.47236249260038,76.6629867553711,2075900
2010-04-27 00:00:00-04:00,76.02483876296556,76.83704866646515,74.11862100688609,74.35897064208984,2996400
2010-04-28 00:00:00-04:00,74.89765258146203,75.7678771024994,74.30921324157276,75.28717803955078,2439400
2010-04-29 00:00:00-04:00,75.80931483346802,76.91160548826133,75.65184293330985,76.7292709350586,2325600
2010-04-30 00:00:00-04:00,76.59666685536052,77.74039955782533,74.50812165767793,74.59928894042969,2653600
2010-05-03 00:00:00-04:00,75.15458195551474,76.8618851626659,74.85621742878726,76.63811492919922,2985000
2010-05-04 00:00:00-04:00,75.44465690979914,75.61870183006575,73.21521261670998,74.0688705444336,3572300
2010-05-05 00:00:00-04:00,73.30634709395478,74.29260752382712,72.80907521247013,73.39751434326172,2224600
2010-05-06 00:00:00-04:00,72.89196510396872,73.99425561472911,67.54628041055531,71.26753997802734,4072400
2010-05-07 00:00:00-04:00,71.40840066954216,71.40840066954216,67.79488329175273,68.90545654296875,4864000
2010-05-10 00:00:00-04:00,72.12948111227252,73.31464923188022,71.35870735164434,72.70134735107422,3517000
2010-05-11 00:00:00-04:00,72.04661086910183,74.27605477169654,71.54104919362008,73.02458190917969,2894900
2010-05-12 00:00:00-04:00,73.44727858170401,74.52470041630149,72.93342715947092,74.39209747314453,1779400
2010-05-13 00:00:00-04:00,74.0522606842638,74.27603714885919,72.65989557320503,72.91682434082031,1891100
2010-05-14 00:00:00-04:00,72.35323307284105,72.45268363845354,70.45530679350361,71.20121765136719,2682100
2010-05-17 00:00:00-04:00,71.38359233748284,72.07148870618985,69.6182740921962,71.18468475341797,2356000
2010-05-18 00:00:00-04:00,71.24270738773728,71.9554664906817,69.42765730894175,69.66800689697266,3215000
2010-05-19 00:00:00-04:00,69.0132416322665,70.20669954563485,68.06013955645038,69.6928482055664,2960600
2010-05-20 00:00:00-04:00,68.41653825444493,68.9303834159773,67.14848570302165,67.21479034423828,3747500
2010-05-21 00:00:00-04:00,66.4191334889522,69.07954476066159,65.8141212099024,68.83919525146484,4250000
2010-05-24 00:00:00-04:00,68.50767627677682,69.17899309350419,67.47169041236747,67.52141571044922,2364300
2010-05-25 00:00:00-04:00,65.56545733227941,67.04069981888138,64.88585102980589,66.89151763916016,4349900
2010-05-26 00:00:00-04:00,67.49656775292493,68.54912683807957,67.14018828507119,67.66232299804688,3179400
2010-05-27 00:00:00-04:00,68.92209601291856,69.85862530301878,68.06843803471314,69.75088500976562,2609600
2010-05-28 00:00:00-04:00,69.65140824731893,70.14039058129282,68.51596536818275,69.19557189941406,2313900
2010-06-01 00:00:00-04:00,68.3667821286314,69.12927258324449,67.29764388373482,67.37223815917969,2904400
2010-06-02 00:00:00-04:00,67.9026789936074,69.12928942301043,67.53800983183608,69.05469512939453,2242000
2010-06-03 00:00:00-04:00,69.48565594041075,70.32273447097687,68.50769114242703,69.60169219970703,2195100
2010-06-04 00:00:00-04:00,68.13470900654806,68.47451536247245,65.3416891908721,65.78095245361328,3875300
2010-06-07 00:00:00-04:00,66.24509952977893,66.24509952977893,63.3609112667507,63.41892623901367,4042700
2010-06-08 00:00:00-04:00,63.87474842843841,65.48260061977172,63.012807373453356,65.20909881591797,3405300
2010-06-09 00:00:00-04:00,65.78924630064158,66.5102947631956,63.916188346587234,64.27256774902344,3436000
2010-06-10 00:00:00-04:00,65.59034707456193,66.58489113484298,65.18424232098215,66.51859283447266,2725300
2010-06-11 00:00:00-04:00,65.91357464046715,66.91640836602289,65.3251353299257,66.82524108886719,2406100
2010-06-14 00:00:00-04:00,67.28106623112754,68.37506705101758,66.92468684084449,67.52141571044922,3507100
2010-06-15 00:00:00-04:00,68.1439177312284,69.01543201754201,67.75381145702102,68.89923095703125,3561500
2010-06-16 00:00:00-04:00,67.56292776426272,68.10243642908327,64.67448536848283,64.79898834228516,15058000
2010-06-17 00:00:00-04:00,65.15591074419171,65.17250818993462,64.01879256998029,64.83220672607422,7910200
2010-06-18 00:00:00-04:00,65.13097750302803,65.42148014594198,64.66617327436572,65.3218765258789,3733300
2010-06-21 00:00:00-04:00,66.1436263081421,66.4756258815397,64.75750212601474,65.2223129272461,3346100
2010-06-22 00:00:00-04:00,65.17250225040861,65.53770934832902,62.981272327857,63.24687576293945,4665900
2010-06-23 00:00:00-04:00,63.43780001161731,64.09351007164756,62.61609013011824,63.57059860229492,4015900
2010-06-24 00:00:00-04:00,63.26348468859332,64.18479806425135,62.82357955710516,63.04767990112305,4112700
2010-06-25 00:00:00-04:00,63.180484795715806,63.28008213417446,61.76946128685437,63.04767990112305,8014300
2010-06-28 00:00:00-04:00,62.91486179741756,63.53737029937426,62.19274965545356,62.35874938964844,3176200
2010-06-29 00:00:00-04:00,61.42913110247776,61.64492945655632,58.88099695446368,59.354103088378906,5349400
2010-06-30 00:00:00-04:00,59.32090877293687,59.677813886131105,58.08419370593139,58.19209289550781,4570400
2010-07-01 00:00:00-04:00,58.69012553519133,59.91854561630559,57.918214414200826,59.760841369628906,6562400
2010-07-02 00:00:00-04:00,60.08451807019076,60.25881968494564,58.9474002987132,59.27111053466797,4719000
2010-07-06 00:00:00-04:00,59.951715752702825,60.35011760903018,58.15058651613192,58.681793212890625,5745100
2010-07-07 00:00:00-04:00,58.93081345947042,60.51613838226863,58.5739082795855,60.499534606933594,4839800
2010-07-08 00:00:00-04:00,60.997546330246735,61.786061093109595,60.28373589891154,61.155250549316406,3219300
2010-07-09 00:00:00-04:00,61.312948034412486,61.719651871440085,60.19242751196234,61.603450775146484,3500500
2010-07-12 00:00:00-04:00,62.42513488097741,62.58283901841768,61.07221905011887,61.553627014160156,2902600
2010-07-13 00:00:00-04:00,62.38368851388433,64.47531541619037,62.34218539182986,64.151611328125,5278600
2010-07-14 00:00:00-04:00,63.91917364223116,65.6704980372064,63.83617377657738,65.34679412841797,5260100
2010-07-15 00:00:00-04:00,65.36340721324562,65.40491032224818,63.28007652452755,64.09349060058594,3884300
2010-07-16 00:00:00-04:00,63.74489734224536,63.902595249875446,61.72796877662196,61.92716979980469,3024200
2010-07-19 00:00:00-04:00,62.17616904287175,62.433470600257095,61.17184948197884,62.2425651550293,2248000
2010-07-20 00:00:00-04:00,61.50385087401487,63.11407521016173,60.806644253715326,63.00617599487305,2303800
2010-07-21 00:00:00-04:00,63.52074842101363,63.55394962488598,60.88131287174165,61.44572067260742,3010300
2010-07-22 00:00:00-04:00,62.84015452883759,65.35508774526467,62.84015452883759,65.1807861328125,4490400
2010-07-23 00:00:00-04:00,65.14760565029725,65.5709133195065,64.38399653396792,65.53771209716797,2800400
2010-07-26 00:00:00-04:00,68.27671226982076,69.42212526468941,68.06090761890977,69.2146224975586,7247800
2010-07-27 00:00:00-04:00,69.72096608860674,69.92016707576406,67.90323887490138,68.36804962158203,3282600
2010-07-28 00:00:00-04:00,67.85343118772106,68.93244852859293,67.57123035448389,68.75814056396484,2931000
2010-07-29 00:00:00-04:00,69.28105877339439,69.45536042310015,67.35543240630736,68.1190414428711,2335400
2010-07-30 00:00:00-04:00,67.42183355348232,68.8826491609066,66.95702283067924,68.51744842529297,2453600
2010-08-02 00:00:00-04:00,69.63793547351875,70.27704126099773,68.94072282742292,70.21894073486328,2471300
2010-08-03 00:00:00-04:00,70.10277524689127,70.10277524689127,68.68345624629215,69.41386413574219,2350200
2010-08-04 00:00:00-04:00,69.73755419741205,71.4556775213118,69.51345390841833,71.3477783203125,3289500
2010-08-05 00:00:00-04:00,70.7003557732975,71.42246781235272,70.42645055167485,71.1734619140625,2478000
2010-08-06 00:00:00-04:00,70.18577876729223,71.20669582009783,69.78737674606514,70.81658935546875,1845600
2010-08-09 00:00:00-04:00,71.0157757466241,72.82520091279376,70.98257452960905,72.45169830322266,2915400
2010-08-10 00:00:00-04:00,71.74618686218915,72.60109758407805,71.19007441599821,72.29399108886719,2778100
2010-08-11 00:00:00-04:00,70.89958273738378,70.94938773482751,68.45105127882229,68.99885559082031,3736600
2010-08-12 00:00:00-04:00,67.85341188207865,68.21861881646224,67.13960178259212,68.01111602783203,3022500
2010-08-13 00:00:00-04:00,67.87831063773761,68.22691379993488,67.04829949013508,67.06490325927734,1967600
2010-08-16 00:00:00-04:00,66.5502906460567,67.64590505125628,66.3012847815868,67.21430206298828,1942900
2010-08-17 00:00:00-04:00,68.0194041832243,70.11103561135273,67.84510261962724,69.521728515625,2780600
2010-08-18 00:00:00-04:00,69.33915990875774,70.17747327797933,68.67514819071359,69.75416564941406,2518900
2010-08-19 00:00:00-04:00,69.30596190689596,69.65456522543356,67.18113444249302,67.71234130859375,2700000
2010-08-20 00:00:00-04:00,67.28073769892941,67.77874972069405,66.38432999122207,67.42184448242188,2572500
2010-08-23 00:00:00-04:00,68.28501189823085,69.11502301631184,67.50480575332267,67.59610748291016,2622000
2010-08-24 00:00:00-04:00,66.61670204292638,66.97360711950039,64.84877409810208,65.64558410644531,3030200
2010-08-25 00:00:00-04:00,64.83219648564146,65.68710728730001,64.1183861142113,65.3634033203125,2707300
2010-08-26 00:00:00-04:00,65.13099241792337,66.49221054142212,65.13099241792337,65.37169647216797,2316800
2010-08-27 00:00:00-04:00,65.99422164473897,66.87403188175621,64.64960062284739,66.78273010253906,1940900
2010-08-30 00:00:00-04:00,66.12698453811016,67.12300168352006,65.36337582603353,65.38827514648438,1511700
2010-08-31 00:00:00-04:00,65.1641835569757,65.90289304639862,64.19306560345116,64.78237915039062,2733500
2010-09-01 00:00:00-04:00,65.82821954745368,67.8036512555942,65.604119196376,67.53804779052734,3479400
2010-09-02 00:00:00-04:00,67.65421251261614,68.18541915695965,67.2392069259426,67.8285140991211,2455400
2010-09-03 00:00:00-04:00,68.71665764311497,69.82057453499364,68.45935608654388,68.68345642089844,2585000
2010-09-07 00:00:00-04:00,68.26013280688711,68.69174226238746,67.50482575848773,68.0443344116211,1666700
2010-09-08 00:00:00-04:00,68.18563722547145,70.33020715734065,68.18563722547145,69.66522216796875,2311000
2010-09-09 00:00:00-04:00,70.75412774330704,71.369234671097,69.93120747933044,70.05589294433594,1961400
2010-09-10 00:00:00-04:00,70.40501142392439,70.65438236899217,69.78990445899487,69.9561538696289,1166600
2010-09-13 00:00:00-04:00,70.86219528292096,71.77654492144394,70.05590301399268,70.3385238647461,2095000
2010-09-14 00:00:00-04:00,70.52138001308269,71.14480100899085,69.87302319202082,70.72918701171875,2184500
2010-09-15 00:00:00-04:00,70.5379947649658,71.74327259207729,70.32187375162154,71.43572235107422,2022100
2010-09-16 00:00:00-04:00,69.33275825799123,69.823179930118,67.99448013532246,68.75920867919922,8247600
2010-09-17 00:00:00-04:00,68.86723228050964,68.86723228050964,68.00275447796706,68.3934326171875,3893600
2010-09-20 00:00:00-04:00,68.63453143992405,69.54888144761414,68.2355390018171,68.91715240478516,2491700
2010-09-21 00:00:00-04:00,69.17479430442782,69.61534412420286,68.50150166226342,69.51559448242188,3959000
2010-09-22 00:00:00-04:00,69.49897565796077,70.72088186904828,69.24960471382458,70.07252502441406,3618600
2010-09-23 00:00:00-04:00,69.4574203097517,70.17227700679679,68.46826315035419,68.70932006835938,2464200
2010-09-24 00:00:00-04:00,69.72339316785998,70.48812764681522,69.54883607187746,70.01432800292969,2383500
2010-09-27 00:00:00-04:00,70.33021927957247,70.54634038963437,69.78160561751567,69.88135528564453,2253600
2010-09-28 00:00:00-04:00,69.8730305563725,70.53801555880128,68.79243785463446,70.413330078125,2880500
2010-09-29 00:00:00-04:00,70.24708247369809,71.95941018327359,69.83146845939207,71.79316711425781,5037300
2010-09-30 00:00:00-04:00,72.3168650844641,73.53045769153593,71.01183685327727,71.07002258300781,5114000
2010-10-01 00:00:00-04:00,71.82643540586663,72.66597136386986,70.84558582703741,71.18638610839844,3260800
2010-10-04 00:00:00-04:00,71.09494711338273,72.01761092508698,70.43827607268892,71.01182556152344,3371200
2010-10-05 00:00:00-04:00,71.6767660977755,73.52208623216225,71.5853305450463,73.00672912597656,3840200
2010-10-06 00:00:00-04:00,72.80724752481746,73.14805400228462,72.09239737694665,72.6326904296875,2108400
2010-10-07 00:00:00-04:00,72.85714387796,72.88207970615562,71.42743053825133,72.10072326660156,1930500
2010-10-08 00:00:00-04:00,72.25866296940819,73.92111926103911,71.76823506565799,73.72162628173828,3697800
2010-10-11 00:00:00-04:00,73.94603062220858,73.94603062220858,73.23117414600978,73.48054504394531,1684500
2010-10-12 00:00:00-04:00,73.11484160892145,73.46395597815858,71.94281298597718,73.1314697265625,2255200
2010-10-13 00:00:00-04:00,73.61355869704468,75.33420061482464,73.36419407145993,74.60272216796875,2829700
2010-10-14 00:00:00-04:00,74.58608760084051,74.60270936965445,73.84628888241582,74.303466796875,1577300
2010-10-15 00:00:00-04:00,74.85210306764051,75.22615322653488,73.68838230185986,74.49467468261719,2172800
2010-10-18 00:00:00-04:00,74.35332886177802,74.72738520042373,73.88784329379074,74.36995697021484,1953100
2010-10-19 00:00:00-04:00,73.30600427563284,73.7382400743025,71.84304112162505,72.43321228027344,2844400
2010-10-20 00:00:00-04:00,72.79065445856159,74.18711811198736,72.73246873724251,73.91281127929688,2506100
2010-10-21 00:00:00-04:00,73.91280817200145,74.7024787472974,72.98183667003431,73.62187957763672,1826200
2010-10-22 00:00:00-04:00,73.69671766159499,73.86296081542969,73.06498226183747,73.86296081542969,954600
2010-10-25 00:00:00-04:00,74.30346358799108,74.97675617678487,73.91278544919169,74.44477081298828,2716300
2010-10-26 00:00:00-04:00,73.95434744349771,75.0598820750002,73.35586233947333,74.51126861572266,1763300
2010-10-27 00:00:00-04:00,73.6717250870827,73.77147471621345,72.06745501704823,73.25611114501953,2352800
2010-10-28 00:00:00-04:00,73.72992610101481,74.12891835865382,72.79064067987244,73.8379898071289,2335900
2010-10-29 00:00:00-04:00,73.7465570684663,74.08735728722682,72.87376503833667,72.91532897949219,2062700
2010-11-01 00:00:00-04:00,72.89038756981725,73.788109017422,71.51886005968328,71.83472442626953,2610300
2010-11-02 00:00:00-04:00,72.3999520593533,72.8903798400032,71.67678781274357,72.34176635742188,2040700
2010-11-03 00:00:00-04:00,72.31684427868719,73.46393676696815,71.35261664425649,72.68258666992188,2932400
2010-11-04 00:00:00-04:00,73.4639515147951,74.09568676962978,73.08990133359087,73.81307220458984,3501400
2010-11-05 00:00:00-04:00,73.75486716093535,75.26770194788696,73.75486716093535,74.8105239868164,2527100
2010-11-08 00:00:00-05:00,74.1289363962028,75.19290755311037,74.02087900556224,75.06822204589844,1995900
2010-11-09 00:00:00-05:00,75.15964653017294,75.35083179181807,72.97351881567239,73.2478256225586,2330600
2010-11-10 00:00:00-05:00,73.4223954833175,73.77150983884026,72.52466741902887,73.54708099365234,1468600
2010-11-11 00:00:00-05:00,72.71585557029867,73.52214170636476,72.60779183093807,73.1314697265625,1831400
2010-11-12 00:00:00-05:00,72.64102568117578,72.94026831493743,72.12566195819355,72.58283996582031,1533900
2010-11-15 00:00:00-05:00,72.88209200952657,73.35589185052781,71.67681360364726,71.80980682373047,2144000
2010-11-16 00:00:00-05:00,71.38587882226696,71.6768137790869,70.2304720783698,71.37757110595703,2382900
2010-11-17 00:00:00-05:00,71.58537646150445,72.09242618213973,70.9453271818582,71.17807006835938,1745000
2010-11-18 00:00:00-05:00,72.21855497370206,72.90943764318756,71.70246805190168,72.49324035644531,2153600
2010-11-19 00:00:00-05:00,72.70965387402937,73.22574071881944,72.04374212500885,72.24351501464844,1929600
2010-11-22 00:00:00-05:00,72.00213132133013,72.83452590307961,71.48604439440544,72.70133972167969,2326000
2010-11-23 00:00:00-05:00,71.85230779637514,72.33509823004913,71.42778473568475,71.70247650146484,1614300
2010-11-24 00:00:00-05:00,72.30179667809217,73.75016152822535,72.07704657594492,73.64195251464844,1936900
2010-11-26 00:00:00-05:00,72.89277815783862,73.2423822855344,72.7845691708848,72.83451080322266,642600
2010-11-29 00:00:00-05:00,74.0831000116286,76.56363806473759,73.64193200519387,76.23899841308594,5127600
2010-11-30 00:00:00-05:00,75.9227060401798,77.4376638650931,75.74790394699748,75.84779357910156,4810800
2010-12-01 00:00:00-05:00,77.61247464833103,79.07749099655935,77.49593990649474,78.23677062988281,3220300
2010-12-02 00:00:00-05:00,78.53639871496253,80.10130401915431,78.32830014584464,79.25225830078125,2399300
2010-12-03 00:00:00-05:00,78.66962015988784,79.47704398659928,78.5447596922382,79.0774917602539,1833900
2010-12-06 00:00:00-05:00,78.686273840659,78.80280859633082,77.44600745491307,77.65410614013672,2323700
2010-12-07 00:00:00-05:00,78.39495242745724,78.7445567634882,77.11306351134124,77.12971496582031,3025500
2010-12-08 00:00:00-05:00,76.93822423516828,77.64575829321824,76.6635325247726,77.25453186035156,1401700
2010-12-09 00:00:00-05:00,77.97038791472738,78.47814904579464,77.66240602748924,78.31999206542969,2650400
2010-12-10 00:00:00-05:00,78.32833788672184,78.32833788672184,77.10471669462594,78.22845458984375,1752800
2010-12-13 00:00:00-05:00,78.99427484756029,79.23567012320699,78.46154263601893,78.50315856933594,2186900
2010-12-14 00:00:00-05:00,78.59472345223516,78.88606039160929,77.35445685280301,77.68741607666016,2353800
2010-12-15 00:00:00-05:00,77.68736759108324,77.82887310893989,76.90491485595703,76.90491485595703,2193200
2010-12-16 00:00:00-05:00,76.46376339308185,78.90267966336296,75.9809730329398,78.42821502685547,6865000
2010-12-17 00:00:00-05:00,78.4365278268142,78.50311455292025,76.78005838311879,77.470947265625,2990100
2010-12-20 00:00:00-05:00,78.08694388747911,78.15353698688263,77.25454919693767,77.87884521484375,1604500
2010-12-21 00:00:00-05:00,78.07862447083845,78.6529724885476,77.8039326989481,77.987060546875,1547300
2010-12-22 00:00:00-05:00,78.10358096190862,78.16184832549511,77.26286070101794,77.7206802368164,1246700
2010-12-23 00:00:00-05:00,77.4376656048706,77.84553716479296,77.05476486586869,77.4210205078125,880200
2010-12-27 00:00:00-05:00,76.98819676042656,77.57919633311134,76.98819676042656,77.43769073486328,678100
2010-12-28 00:00:00-05:00,77.61247200837902,77.71236164826978,77.07141423930454,77.4293441772461,839400
2010-12-29 00:00:00-05:00,77.47095955172634,77.62079082289101,77.11302964564774,77.2462158203125,790100
2010-12-30 00:00:00-05:00,77.26286742333234,77.61247163526893,77.16297778392179,77.37940216064453,764900
2010-12-31 00:00:00-05:00,77.02146832108592,77.75397960497357,76.9215850374042,77.4210205078125,1015100
2011-01-03 00:00:00-05:00,77.86219868260143,78.48649468901998,77.51259444316722,77.57086181640625,2037700
2011-01-04 00:00:00-05:00,77.72901417815974,78.1368921503786,76.63025343697325,77.5125961303711,2412600
2011-01-05 00:00:00-05:00,77.01314124033236,78.46983170791337,76.88828713793,78.13687896728516,2351100
2011-01-06 00:00:00-05:00,77.9953997209997,78.18685334261633,77.33781333748178,77.49596405029297,1890000
2011-01-07 00:00:00-05:00,77.41268381291496,78.51144423236197,76.41381301365975,77.53754425048828,5209400
2011-01-10 00:00:00-05:00,77.42099559404495,79.0608133805764,76.78837414808066,78.29500579833984,2959000
2011-01-11 00:00:00-05:00,78.90266952370261,78.90266952370261,76.9548632368413,77.67072296142578,2635500
2011-01-12 00:00:00-05:00,78.17850401397722,79.19402650321564,77.64577194596151,79.0774917602539,3155100
2011-01-13 00:00:00-05:00,79.00257180721297,80.05138439452868,78.76117661946573,79.60189056396484,2725900
2011-01-14 00:00:00-05:00,79.61853269331816,80.74226396287447,79.33551526986493,79.76836395263672,2600400
2011-01-18 00:00:00-05:00,80.16794023254397,80.56749252623666,79.14409819670917,79.74342346191406,1565300
2011-01-19 00:00:00-05:00,79.60190426264971,79.67682308930308,77.88717318296634,78.52811431884766,2039200
2011-01-20 00:00:00-05:00,77.86217479598159,78.26172056114275,77.237878981085,77.83720397949219,2253300
2011-01-21 00:00:00-05:00,78.59472007730949,78.77784796010069,77.30451187243557,77.69573211669922,1872300
2011-01-24 00:00:00-05:00,77.51259201570268,78.61135269856271,77.38773154819576,78.55308532714844,2037800
2011-01-25 00:00:00-05:00,78.27006717764563,78.53643320908104,77.66242264530882,78.23677062988281,1418600
2011-01-26 00:00:00-05:00,78.35332723792312,78.88605944946448,77.63746713791402,78.50315856933594,2180700
2011-01-27 00:00:00-05:00,78.58639919840363,78.94432287979944,78.07863784243625,78.5447769165039,1862300
2011-01-28 00:00:00-05:00,78.67793195026998,78.77782158489492,75.06534256533344,75.3150634765625,4654200
2011-01-31 00:00:00-05:00,75.74793644389966,76.16413389688812,74.92386726516987,75.1819076538086,3088700
2011-02-01 00:00:00-05:00,77.20456656167093,78.2117628404497,76.81334024870229,77.15462493896484,4049700
2011-02-02 00:00:00-05:00,76.63857455999842,76.68851620638645,75.34836032252576,75.58143615722656,4172700
2011-02-03 00:00:00-05:00,76.53035815376808,76.83002070449879,75.83114341850757,76.13080596923828,3933100
2011-02-04 00:00:00-05:00,76.24733399286428,76.4304617967204,75.36499786592044,76.3638687133789,1986800
2011-02-07 00:00:00-05:00,76.44711361693558,77.20459571757893,75.99762614150603,76.13080596923828,2144200
2011-02-08 00:00:00-05:00,76.0642237202057,76.91326985183198,75.88942159914558,76.62193298339844,1652500
2011-02-09 00:00:00-05:00,76.33891652437077,76.72181732102764,75.74791705448729,76.24735260009766,1762300
2011-02-10 00:00:00-05:00,76.00597388236001,78.81947261978405,76.00597388236001,78.61137390136719,3024600
2011-02-11 00:00:00-05:00,78.13686313254098,79.81829699436345,78.0785957796725,79.42707061767578,2038800
2011-02-14 00:00:00-05:00,79.10246181971468,79.66016470574083,78.0869393402837,78.23677062988281,2822100
2011-02-15 00:00:00-05:00,79.08581049755571,80.49255301349598,78.98592086212801,79.89323425292969,5403500
2011-02-16 00:00:00-05:00,80.21784220240731,80.82548649431573,79.82661585932577,80.60906219482422,2249500
2011-02-17 00:00:00-05:00,80.23452658220654,81.32496163359325,80.21788148209423,81.13351440429688,1513800
2011-02-18 00:00:00-05:00,81.45812560141287,82.00750266450308,81.00030608994938,81.84102630615234,2434800
2011-02-22 00:00:00-05:00,79.9515174031928,80.07637153379268,77.3377984248372,77.65410614013672,3847200
2011-02-23 00:00:00-05:00,77.49593175395525,77.50425747768688,72.86782006314024,74.29121398925781,7028500
2011-02-24 00:00:00-05:00,74.37446917460551,75.54814881304453,74.14972538781288,74.75736999511719,3940600
2011-02-25 00:00:00-05:00,75.38995932240447,75.68129608751214,74.70739617958142,74.81560516357422,2600500
2011-02-28 00:00:00-05:00,75.75622694059508,75.76454631330414,74.72405316471595,74.9321517944336,2299600
2011-03-01 00:00:00-05:00,75.3899687109706,75.3982944340577,72.91775605937723,73.15082550048828,4843700
2011-03-02 00:00:00-05:00,73.25903127935646,73.79176317535676,71.85228274268984,72.68467712402344,3989400
2011-03-03 00:00:00-05:00,73.52538960067093,75.39827676439958,73.40052918628946,74.74068450927734,4555900
2011-03-04 00:00:00-05:00,74.80729131529274,74.91550030727474,73.08423506225206,73.82506561279297,2747800
2011-03-07 00:00:00-05:00,73.98321303928259,74.39941024520924,72.509877724595,73.46713256835938,3360200
2011-03-08 00:00:00-05:00,73.47547051826167,75.16523693614002,73.47547051826167,74.87389373779297,3590900
2011-03-09 00:00:00-05:00,74.52428040888077,75.74790137019826,74.083112329095,75.56477355957031,2630800
2011-03-10 00:00:00-05:00,74.68244653103191,76.0226023810272,73.91664500265375,74.87389373779297,3273600
2011-03-11 00:00:00-05:00,74.98211675299876,75.95601703631789,74.79898890129752,75.50652313232422,2942900
2011-03-14 00:00:00-04:00,74.68242147366175,74.79895617363417,72.58478417282845,73.77510833740234,5338000
2011-03-15 00:00:00-04:00,71.60259310999271,74.13307389473076,71.5609771831787,73.07593536376953,3925800
2011-03-16 00:00:00-04:00,72.81750717820653,73.0675698410068,70.8753720606164,71.08375549316406,4906800
2011-03-17 00:00:00-04:00,74.84300825501667,75.3514644333283,72.92587777685553,73.25929260253906,6607500
2011-03-18 00:00:00-04:00,75.10141297759488,75.19310222738075,73.5760442140952,74.41791534423828,3956300
2011-03-21 00:00:00-04:00,75.32644829820048,75.4181375206923,74.692960858991,74.9013442993164,2140600
2011-03-22 00:00:00-04:00,74.7429947000161,74.75133182090968,73.5093679008822,73.59272003173828,1950500
2011-03-23 00:00:00-04:00,73.20929294879481,74.50126683675349,72.55913744449359,74.15118408203125,1950600
2011-03-24 00:00:00-04:00,74.41789870659572,75.76822578934546,74.28453660177016,75.6765365600586,2527400
2011-03-25 00:00:00-04:00,75.74323795890216,75.90160509681557,74.89302970543083,75.25144958496094,2311000
2011-03-28 00:00:00-04:00,75.92659587123991,78.0854518645974,75.51816606252419,77.53531646728516,4364500
2011-03-29 00:00:00-04:00,77.46031270694179,77.76872256768162,76.7934829818566,77.552001953125,1753900
2011-03-30 00:00:00-04:00,77.77706467805803,78.68562015208043,77.6353654075923,78.1438217163086,1639600
2011-03-31 00:00:00-04:00,77.6936917332229,78.69393619893597,77.53531826196262,77.97709655761719,1613500
2011-04-01 00:00:00-04:00,79.18573760986328,80.43603873001902,78.83565482246615,79.18573760986328,3424800
2011-04-04 00:00:00-04:00,79.1940773409808,79.53582301821758,78.7356310380723,79.2857666015625,1309700
2011-04-05 00:00:00-04:00,78.92732602675487,79.41910796903647,78.44387484462933,78.51055908203125,1436900
2011-04-06 00:00:00-04:00,79.31909169672016,79.47745881878721,78.1854850450947,78.8439712524414,1620200
2011-04-07 00:00:00-04:00,78.5689191703102,78.95234405962978,77.86041651919007,78.27718353271484,1475000
2011-04-08 00:00:00-04:00,78.22715674362867,78.50222446215099,75.70154999568163,75.98495483398438,2919300
2011-04-11 00:00:00-04:00,76.10165646424515,77.40196746447438,75.56819521495318,77.12689971923828,3345600
2011-04-12 00:00:00-04:00,76.82681625400559,78.68559960599092,76.65177490219047,78.41886901855469,3368000
2011-04-13 00:00:00-04:00,78.84394034904611,78.91062456344187,77.57697207231016,77.87704467773438,2108900
2011-04-14 00:00:00-04:00,77.46865844726562,78.3438654045447,77.23526992532453,77.46865844726562,2148800
2011-04-15 00:00:00-04:00,77.52700664009517,77.81040517508978,76.84350894817597,77.16858673095703,1976000
2011-04-18 00:00:00-04:00,76.13497069470826,76.88515235165188,75.9349243726426,76.65176391601562,2293200
2011-04-19 00:00:00-04:00,77.11022454980757,77.50198650884127,76.28502139208841,76.56008911132812,1678500
2011-04-20 00:00:00-04:00,77.51866492883747,78.51057246130918,76.98520365743083,77.71038055419922,1901200
2011-04-21 00:00:00-04:00,78.11880656328918,78.54391067882617,77.84373882033232,78.30218505859375,1816300
2011-04-25 00:00:00-04:00,78.14383595720288,78.46057668291255,77.43533311639656,78.22718811035156,1347000
2011-04-26 00:00:00-04:00,78.56891087245457,79.21072920738033,78.4022002690354,78.7606201171875,1900000
2011-04-27 00:00:00-04:00,78.89401156962302,79.17741013890712,77.82708883454688,79.01904296875,1513500
2011-04-28 00:00:00-04:00,78.79395513190038,79.81920458254925,78.72727089654659,79.41910552978516,1614500
2011-04-29 00:00:00-04:00,79.64416640371489,80.22763758788318,79.43578292946064,79.74418640136719,1431400
2011-05-02 00:00:00-04:00,80.22764024378166,80.7611014467838,78.37719391364841,78.66059875488281,2280800
2011-05-03 00:00:00-04:00,78.35218975442451,79.00234520510205,78.04377990963883,78.53556823730469,1528300
2011-05-04 00:00:00-04:00,78.1021183604189,78.83563221051149,77.03519606140263,77.21857452392578,2292800
2011-05-05 00:00:00-04:00,76.8185004517012,80.01093100312495,76.51842768748674,79.42745971679688,3636400
2011-05-06 00:00:00-04:00,80.13596899664546,80.3443525245875,79.30243488487726,79.7275390625,2520900
2011-05-09 00:00:00-04:00,79.68585192929031,79.71919405358554,78.81897577569423,79.1107177734375,1542000
2011-05-10 00:00:00-04:00,79.48578781024517,80.21929530302077,79.31908358531935,79.80252838134766,1658800
2011-05-11 00:00:00-04:00,79.54412785767661,80.43600873644212,79.01066675407994,79.31907653808594,2580200
2011-05-12 00:00:00-04:00,79.27742854229085,79.29409642612652,78.38554731211171,79.15239715576172,2235900
2011-05-13 00:00:00-04:00,79.32742935142426,79.60249709800927,77.93542909595672,78.00211334228516,2780400
2011-05-16 00:00:00-04:00,77.83541307990541,78.71062644114524,77.50200452263365,77.66870880126953,1939600
2011-05-17 00:00:00-04:00,77.39362337129596,77.45197049145064,76.72680004943666,77.1769027709961,2144000
2011-05-18 00:00:00-04:00,77.41030742767099,78.52723997209137,76.93519328634353,78.06046295166016,1923100
2011-05-19 00:00:00-04:00,78.36051070510793,78.89397180375927,77.93540670609084,78.83562469482422,1919700
2011-05-20 00:00:00-04:00,78.7356249753086,78.84398211157941,77.98544306438737,78.20216369628906,1377800
2011-05-23 00:00:00-04:00,77.15189490816608,77.26025838397483,75.89326331162172,76.71846008300781,2539500
2011-05-24 00:00:00-04:00,76.86016229891611,77.03520365967358,75.79323989466528,76.2516860961914,1604200
2011-05-25 00:00:00-04:00,75.81824264182,76.93518137263813,75.70154840478276,76.55175018310547,1727900
2011-05-26 00:00:00-04:00,76.10995499037031,76.6017431471425,75.68485741071359,76.1516342163086,2346200
2011-05-27 00:00:00-04:00,76.5600816286796,76.97684854702773,76.35169816950554,76.60176086425781,1222100
2011-05-31 00:00:00-04:00,77.21024534738417,78.1271377543191,77.16857246666116,78.05211639404297,2378700
2011-06-01 00:00:00-04:00,78.31048587936232,78.67724272974957,76.19331595037383,76.2099838256836,3444300
2011-06-02 00:00:00-04:00,76.51011489226747,77.10192348780718,75.85162202584274,76.2850570678711,1958100
2011-06-03 00:00:00-04:00,75.28477325670683,75.85157650031427,74.9346905837206,75.14307403564453,2139300
2011-06-06 00:00:00-04:00,75.0097073772962,75.4848214047311,73.0592412728872,73.14259338378906,3268200
2011-06-07 00:00:00-04:00,73.30930675512147,73.54270159787784,72.25072145989606,72.3174057006836,3211800
2011-06-08 00:00:00-04:00,72.1340163884517,72.43408906758536,71.2337983510507,71.34215545654297,3320700
2011-06-09 00:00:00-04:00,71.75059826773975,72.34240656231255,71.51720979769513,71.85895538330078,2938200
2011-06-10 00:00:00-04:00,71.87563849299856,72.00900062404389,70.67534751679244,71.16712951660156,2707900
2011-06-13 00:00:00-04:00,71.15880101400327,71.80895652696387,70.80871189525847,71.61724090576172,2444200
2011-06-14 00:00:00-04:00,72.17572818653035,73.35101454017911,71.86732458175062,72.87590026855469,2732100
2011-06-15 00:00:00-04:00,72.1496149319479,72.86752205515764,71.8741376097986,72.19969940185547,2357200
2011-06-16 00:00:00-04:00,72.38336284845268,73.0595287786695,71.79067317141339,72.19136810302734,2095300
2011-06-17 00:00:00-04:00,72.84248117430275,73.20143474258035,72.34996052535024,72.6170883178711,2131400
2011-06-20 00:00:00-04:00,72.48353355453749,73.34335100825078,72.29988198795223,73.04283142089844,1809200
2011-06-21 00:00:00-04:00,73.81917852622321,74.69569512085509,67.80044950039688,74.40351867675781,3292100
2011-06-22 00:00:00-04:00,76.38192498529855,77.14157341650714,75.68071692771728,76.33184051513672,6023500
2011-06-23 00:00:00-04:00,76.06472457452583,78.00974610511582,75.630637869411,77.6007080078125,4850000
2011-06-24 00:00:00-04:00,77.55896282520797,78.00973580501916,76.44036080402772,76.6907958984375,4282900
2011-06-27 00:00:00-04:00,76.77423534619363,77.63405232606151,76.47371592445764,77.50883483886719,1930900
2011-06-28 00:00:00-04:00,77.7426308465302,78.62749710289805,77.44211119249296,78.48558044433594,1762100
2011-06-29 00:00:00-04:00,78.88626811614574,79.22852905601624,77.71758138880716,78.1600112915039,2283700
2011-06-30 00:00:00-04:00,78.3352887948574,79.26188962358366,78.30190339693189,79.17841339111328,2079300
2011-07-01 00:00:00-04:00,79.03654122690351,80.83130974919241,78.93636587839272,80.57252502441406,2464600
2011-07-05 00:00:00-04:00,80.28032135864213,80.34710489642558,79.47058847729673,79.72102355957031,1870700
2011-07-06 00:00:00-04:00,79.78780038589119,81.03161342054652,79.77110131843563,80.7895278930664,2365900
2011-07-07 00:00:00-04:00,81.54919118287637,82.3589241444677,80.90641071346026,82.22535705566406,2958600
2011-07-08 00:00:00-04:00,81.17352318164667,81.5575189361436,80.9397871892423,81.4406509399414,2229100
2011-07-11 00:00:00-04:00,80.76451085455476,80.76451085455476,78.86122417590987,79.37043762207031,2534700
2011-07-12 00:00:00-04:00,79.053208707382,79.37877052511342,78.31025929062781,78.53565216064453,2958900
2011-07-13 00:00:00-04:00,79.08659694441198,79.79615455726778,78.4605155738635,78.67755889892578,2133100
2011-07-14 00:00:00-04:00,78.85284458185907,79.28693114205052,77.4504223476281,77.68415832519531,2829000
2011-07-15 00:00:00-04:00,77.6090509135996,77.8678291860757,76.1815860941252,76.96627044677734,3206100
2011-07-18 00:00:00-04:00,76.63233453195849,76.70746121216129,75.1714785300767,75.51373291015625,3612000
2011-07-19 00:00:00-04:00,76.14820012185845,76.99966808349467,75.61394446576715,76.6073226928711,2550100
2011-07-20 00:00:00-04:00,76.80767933489483,77.47549577271303,76.21498961918867,76.95793914794922,2182100
2011-07-21 00:00:00-04:00,77.37533531420164,78.52732309501319,77.0748156550628,77.70089721679688,1984100
2011-07-22 00:00:00-04:00,77.85114668166271,78.1516663007919,76.96628052808002,77.45880126953125,1635200
2011-07-25 00:00:00-04:00,76.54887505208225,77.0914801474374,76.36522987766806,76.69913482666016,1867500
2011-07-26 00:00:00-04:00,75.4887018307345,76.34016950956833,74.04453831047567,75.96452331542969,4588900
2011-07-27 00:00:00-04:00,75.33009356447508,75.41356978998672,73.91932815749324,74.4118423461914,4036700
2011-07-28 00:00:00-04:00,74.66227638257512,75.28000808560667,73.2431550927439,73.34333038330078,3454700
2011-07-29 00:00:00-04:00,72.55030189695326,73.60211386344272,72.06613084447694,72.52525329589844,3024200
2011-08-01 00:00:00-04:00,73.5019406976265,73.5019406976265,70.97256711845525,71.7906494140625,4119600
2011-08-02 00:00:00-04:00,71.26479060871088,71.81573915692195,70.08775403257275,70.48844909667969,4101600
2011-08-03 00:00:00-04:00,70.6219653855837,71.79065168680899,69.67032237272993,71.5736083984375,4380700
2011-08-04 00:00:00-04:00,70.77223169406615,70.9892750025257,68.43486524411276,68.5350341796875,4364100
2011-08-05 00:00:00-04:00,69.46998226418974,69.88736979870774,66.93226529006085,68.7520751953125,5026700
2011-08-08 00:00:00-04:00,67.0658444949876,68.37644782908791,64.69508570179262,64.72847747802734,5679800
2011-08-09 00:00:00-04:00,66.10588431269001,66.69022470734996,63.02556019367469,66.57335662841797,4804200
2011-08-10 00:00:00-04:00,65.55488666874302,65.67175467160509,62.71665009460334,62.87525939941406,4640500
2011-08-11 00:00:00-04:00,63.259247554368095,67.8672090534144,63.16742179620693,66.68182373046875,4746300
2011-08-12 00:00:00-04:00,67.02410703068641,67.8588822986703,65.9472461707276,67.1827163696289,3280200
2011-08-15 00:00:00-04:00,67.78372707156868,68.43485691772511,66.90721714779077,68.32633209228516,2698900
2011-08-16 00:00:00-04:00,67.53331649720857,68.2011328511736,66.18097834952295,66.86549377441406,3826100
2011-08-17 00:00:00-04:00,67.21607704247077,67.84215826308137,65.50479219409829,66.05574035644531,2951400
2011-08-18 00:00:00-04:00,64.32775851230797,64.56149448984489,61.34761206105682,62.157344818115234,4502100
2011-08-19 00:00:00-04:00,61.86519273353107,63.25091630194319,60.846765935091675,61.07215881347656,3477900
2011-08-22 00:00:00-04:00,62.54135398078177,62.608137522658254,60.23737910550489,60.9385871887207,3420900
2011-08-23 00:00:00-04:00,61.41440791682916,62.43283462524415,60.66310900334032,62.43283462524414,3857900
2011-08-24 00:00:00-04:00,62.3577457601304,64.27773252597206,61.965406508818,63.94382095336914,3685900
2011-08-25 00:00:00-04:00,64.51978699426427,64.64500456942122,61.89859292798839,62.407806396484375,2617400
2011-08-26 00:00:00-04:00,61.915274821909975,63.317697407372606,60.57963578071445,63.20917892456055,4011800
2011-08-29 00:00:00-04:00,64.00222915627565,65.77195531825743,64.00222915627565,65.73856353759766,2673300
2011-08-30 00:00:00-04:00,65.37125687108018,66.22273131091465,64.84535068329814,65.80534362792969,2065500
2011-08-31 00:00:00-04:00,66.38130956985634,67.37469392330954,65.25436451939676,65.71349334716797,3246500
2011-09-01 00:00:00-04:00,65.71349077578789,66.87382754730194,65.02897551224126,65.14584350585938,2814000
2011-09-02 00:00:00-04:00,63.401164395840915,63.85194370057986,62.15735131741932,62.524654388427734,2739400
2011-09-06 00:00:00-04:00,60.462778936793946,61.62311616535235,59.54452732432168,61.4394645690918,4053700
2011-09-07 00:00:00-04:00,62.50796362972455,63.977169740235055,62.057184265062375,63.66830062866211,3250400
2011-09-08 00:00:00-04:00,63.308730336575465,63.71846673860965,62.42235997062729,62.7066650390625,2543800
2011-09-09 00:00:00-04:00,61.912261871711976,62.781910821371106,60.95899418029162,61.37709426879883,2555400
2011-09-12 00:00:00-04:00,60.53254837686467,61.694866459571244,59.82177929012872,61.569435119628906,3259500
2011-09-13 00:00:00-04:00,61.57777092489453,63.09965475460865,61.1345859209223,62.689918518066406,3226900
2011-09-14 00:00:00-04:00,63.24186333562976,64.48780710384483,61.66980814999182,63.55962371826172,3146700
2011-09-15 00:00:00-04:00,64.38741763609531,64.66336524280693,63.250184814224525,64.45431518554688,2218300
2011-09-16 00:00:00-04:00,64.86406847736674,65.15673735814127,62.94080489564308,63.88571548461914,3689800
2011-09-19 00:00:00-04:00,62.70665854450873,63.68501774148956,62.447438493700304,63.35053634643555,2869600
2011-09-20 00:00:00-04:00,63.509424862169766,64.25364279022016,62.71503694606763,62.89900207519531,3036000
2011-09-21 00:00:00-04:00,62.715031854037576,62.982615734760024,60.62453079223633,60.62453079223633,4094900
2011-09-22 00:00:00-04:00,58.56747750782901,58.60928370052577,53.97673904121844,55.674224853515625,11368000
2011-09-23 00:00:00-04:00,55.90836066675501,57.221195072732236,55.69931056147391,56.27629089355469,4468200
2011-09-26 00:00:00-04:00,56.94526456169764,58.383530740170514,56.61914680956773,58.32499694824219,4467100
2011-09-27 00:00:00-04:00,59.79669016713697,59.88867271809338,58.63437216472699,58.977210998535156,4112700
2011-09-28 00:00:00-04:00,59.32005985291379,59.42876361085118,57.781447762237484,57.86506652832031,3511200
2011-09-29 00:00:00-04:00,58.918671351942024,59.21134017593249,57.062305697342666,58.28315734863281,3226500
2011-09-30 00:00:00-04:00,57.68111847525111,58.15775254785163,56.54388518278249,56.59405517578125,2730900
2011-10-03 00:00:00-04:00,55.94182480190155,56.794746658456,54.32795729103169,54.47847366333008,4643600
2011-10-04 00:00:00-04:00,53.66733165917428,56.78636136148865,53.57534912239681,56.74454879760742,4400000
2011-10-05 00:00:00-04:00,56.89508683761301,59.30334215243486,56.59405412579728,58.87688446044922,4889800
2011-10-06 00:00:00-04:00,58.6260128291015,60.6412525538486,57.97377751254681,60.3736686706543,3260900
2011-10-07 00:00:00-04:00,60.46566862696085,60.59110000385978,59.26990140930679,59.42041778564453,3389600
2011-10-10 00:00:00-04:00,60.59107406084423,61.56942689829008,60.214786470965706,61.56106948852539,1957800
2011-10-11 00:00:00-04:00,61.25167865121282,61.627966275346026,60.70814712102944,61.40219497680664,2055700
2011-10-12 00:00:00-04:00,61.86211674605859,63.659942744875124,61.728321601748426,62.86555480957031,3034800
2011-10-13 00:00:00-04:00,62.230044267958434,62.230044267958434,61.26005493387345,61.770137786865234,3055800
2011-10-14 00:00:00-04:00,62.51433994337361,63.40071027274205,62.422357394510584,63.33381271362305,2272800
2011-10-17 00:00:00-04:00,63.10808013325135,63.17497773340166,61.58619481821638,61.85377883911133,2543600
2011-10-18 00:00:00-04:00,61.74502897827297,64.01949488459198,61.43563894081926,63.23347091674805,2486000
2011-10-19 00:00:00-04:00,63.292014407347054,63.676665850638365,62.68994905968999,62.94916915893555,2037300
2011-10-20 00:00:00-04:00,62.99099326879022,64.23693038714731,62.681596747445994,64.04460144042969,2634400
2011-10-21 00:00:00-04:00,64.7386358035565,66.82913687998008,64.53794948653668,66.3441390991211,4153200
2011-10-24 00:00:00-04:00,66.81239771359685,68.90289822791652,66.81239771359685,68.16703796386719,3549200
2011-10-25 00:00:00-04:00,67.32247612595586,68.45134505692805,66.22704958697766,67.49807739257812,3689200
2011-10-26 00:00:00-04:00,68.52658858853263,68.73563859201163,66.84583115394543,68.03323364257812,2958000
2011-10-27 00:00:00-04:00,69.83106933423343,71.70415569672991,69.34607176457357,70.85123443603516,4106700
2011-10-28 00:00:00-04:00,70.57529091220681,71.07700970477096,69.66382947031309,70.44985961914062,2882400
2011-10-31 00:00:00-04:00,69.75584822937913,70.37464122869707,68.40120742372955,68.4262924194336,2542900
2011-11-01 00:00:00-04:00,65.98460223331334,67.42286212051751,65.73373946407835,66.53649139404297,2703800
2011-11-02 00:00:00-04:00,67.64859008414761,68.01651379385746,66.50299363829295,67.37264251708984,1952900
2011-11-03 00:00:00-04:00,68.18378093892225,69.01161754323125,67.18870042787734,68.85273742675781,1781900
2011-11-04 00:00:00-04:00,68.39281715634247,68.74401971965266,67.15523801649049,68.5767822265625,1634300
2011-11-07 00:00:00-05:00,68.60188551375012,69.28756962586468,67.39775482722577,68.50990295410156,1867200
2011-11-08 00:00:00-05:00,68.8861764980395,69.5133267055662,67.94963627114214,69.4129867553711,1552000
2011-11-09 00:00:00-05:00,68.06669864607302,68.14195360302168,65.93438555004214,66.35248565673828,2199400
2011-11-10 00:00:00-05:00,67.18869855034127,67.39774864314239,66.39431074957801,66.99637603759766,1866800
2011-11-11 00:00:00-05:00,68.03325329791629,68.89453854032979,67.83256702291257,68.76074981689453,1814700
2011-11-14 00:00:00-05:00,68.25066690023961,68.87781708956405,67.5482553707514,68.07506561279297,1203200
2011-11-15 00:00:00-05:00,68.20889551088554,69.78095063775682,67.85769272398431,69.10363006591797,2675800
2011-11-16 00:00:00-05:00,68.40118657327491,69.50497070571814,68.08342637867484,68.14196014404297,1911400
2011-11-17 00:00:00-05:00,68.00818577511737,68.57680235006342,66.6284537232935,67.13017272949219,2236200
2011-11-18 00:00:00-05:00,67.89111373876995,68.70222916211321,67.56499608727978,67.91619873046875,2239700
2011-11-21 00:00:00-05:00,66.49466155482402,66.89604060552675,65.40760472280635,66.37759399414062,2036000
2011-11-22 00:00:00-05:00,66.09327109322824,66.36921871757694,65.18180946787393,65.39922332763672,1598200
2011-11-23 00:00:00-05:00,64.69682739620598,65.00621746192077,63.82717821260502,64.01950073242188,2053100
2011-11-25 00:00:00-05:00,63.969347719876076,64.705201972117,63.60141740390339,63.61814498901367,1005200
2011-11-28 00:00:00-05:00,65.8591596879118,67.33086812025877,65.48286559782778,66.00131225585938,2627300
2011-11-29 00:00:00-05:00,66.45282045576519,67.21375920055665,65.56645042477506,65.70860290527344,2683100
2011-11-30 00:00:00-05:00,68.03326893814615,69.57187469972219,67.81585503541801,69.4715347290039,3545100
2011-12-01 00:00:00-05:00,69.00325754772028,69.19558645611782,68.24231846425873,68.59352111816406,2110000
2011-12-02 00:00:00-05:00,69.54678649932278,69.78928538354565,68.53498476979458,68.68550109863281,2646500
2011-12-05 00:00:00-05:00,70.1237411384623,70.42477368587758,68.88616217912163,69.57184600830078,2709800
2011-12-06 00:00:00-05:00,69.76419138338424,69.84781013756275,68.65204345167443,69.12867736816406,2109400
2011-12-07 00:00:00-05:00,68.96980973327959,70.79272680586753,68.61024331686124,70.39971160888672,2450100
2011-12-08 00:00:00-05:00,69.83110558493576,70.60040851428745,68.71895738811223,68.96145629882812,2654100
2011-12-09 00:00:00-05:00,69.25456232661547,70.05020413239185,68.69341881530406,69.71519470214844,1803400
2011-12-12 00:00:00-05:00,68.62644176797629,68.827444927992,67.79729175208286,68.36680603027344,2377800
2011-12-13 00:00:00-05:00,68.75206785651766,69.0200806016847,65.56949318496554,66.13063049316406,3509400
2011-12-14 00:00:00-05:00,65.88774017063514,66.2227496687715,64.44720380149107,64.73196411132812,4152100
2011-12-15 00:00:00-05:00,67.11890677526894,70.19260613692211,66.97652979323367,69.90785217285156,9170500
2011-12-16 00:00:00-05:00,70.4355103947755,72.33668652355163,70.28475636866013,71.09715270996094,5314900
2011-12-19 00:00:00-05:00,70.9798647754271,71.54100199585804,67.76378901375617,68.13229370117188,3132100
2011-12-20 00:00:00-05:00,69.49745166970402,70.6783522140987,69.32156674735087,70.19258880615234,2591400
2011-12-21 00:00:00-05:00,70.01672169595116,70.6113605620905,68.99494552970955,70.552734375,1854600
2011-12-22 00:00:00-05:00,70.82075038499038,71.49076952017911,70.37686542358266,70.74537658691406,1247900
2011-12-23 00:00:00-05:00,70.95472900641211,71.2311122707738,70.19258237858564,71.12223052978516,1247700
2011-12-27 00:00:00-05:00,71.03847776751847,71.53261811016802,70.82909767431195,70.93797302246094,1127600
2011-12-28 00:00:00-05:00,70.82911396316527,70.93798933635276,69.32995138426537,69.48908233642578,1561800
2011-12-29 00:00:00-05:00,69.8492333252139,70.67837709634973,69.51422374007753,70.61137390136719,1313300
2011-12-30 00:00:00-05:00,70.74534105115819,70.77884263006722,69.79056841645597,69.94132232666016,1447200
2012-01-03 00:00:00-05:00,71.58289328047682,71.9514044230589,70.75374959944283,71.33163452148438,2210000
2012-01-04 00:00:00-05:00,70.96312030821896,71.33162501189811,70.52760603599613,71.15574645996094,1443400
2012-01-05 00:00:00-05:00,70.703515092165,70.76214130143768,69.33835828208562,70.42713165283203,2218600
2012-01-06 00:00:00-05:00,70.82073032540454,72.07701105571672,70.79560573316216,71.59962463378906,2156700
2012-01-09 00:00:00-05:00,71.8927613109845,72.0100200671743,71.39025025638065,71.90113830566406,1659600
2012-01-10 00:00:00-05:00,72.99830797789335,74.87435257471518,72.98993098167591,74.12895965576172,3403000
2012-01-11 00:00:00-05:00,73.76880009518047,75.4019623575633,73.50916442004684,75.17583465576172,3055300
2012-01-12 00:00:00-05:00,75.44383366310954,76.5493602548879,75.28470275398809,76.37348175048828,3324400
2012-01-13 00:00:00-05:00,75.39361494562877,75.79562771628852,74.4137172037269,75.68675231933594,2659800
2012-01-17 00:00:00-05:00,75.4940997540493,76.09711555554532,74.59795304620786,75.36009979248047,2424800
2012-01-18 00:00:00-05:00,75.41873250614735,76.5996332282154,75.27634914806887,76.33162689208984,2189600
2012-01-19 00:00:00-05:00,76.78388414053704,78.3249188826544,76.59125160288502,77.92291259765625,2781500
2012-01-20 00:00:00-05:00,77.54603307375892,77.55441006930502,76.42375848204627,76.69176483154297,2448100
2012-01-23 00:00:00-05:00,76.83414751240365,77.48741263845025,75.81237123226886,76.26463317871094,1662900
2012-01-24 00:00:00-05:00,75.71185779727206,76.38187039278179,75.10046499396702,76.03849029541016,1467800
2012-01-25 00:00:00-05:00,75.95474413261955,77.57952972748335,75.43547906799917,77.54602813720703,1727400
2012-01-26 00:00:00-05:00,77.68003837238373,78.30817884439762,77.27802565879371,77.67166137695312,1659200
2012-01-27 00:00:00-05:00,77.2529331992256,78.29146381228519,76.86767431623043,77.84757232666016,1910600
2012-01-30 00:00:00-05:00,77.1440192432654,77.3366453936679,76.63313119081135,77.18589782714844,1723400
2012-01-31 00:00:00-05:00,77.32828416672052,77.32828416672052,75.72861663705527,76.62476348876953,1723900
2012-02-01 00:00:00-05:00,77.71352561218094,78.09040726987658,77.04350667652858,77.63814544677734,2013800
2012-02-02 00:00:00-05:00,77.94805152726912,78.25793648751814,77.11890782091875,77.71354675292969,1299700
2012-02-03 00:00:00-05:00,78.53431233817287,79.17920684814453,78.40031235037372,79.17920684814453,1620600
2012-02-06 00:00:00-05:00,79.19595056507747,80.06697280725447,79.16244897232734,79.77384185791016,2122700
2012-02-07 00:00:00-05:00,79.1875714637112,79.63982694287981,78.39192309825023,79.32994842529297,1837500
2012-02-08 00:00:00-05:00,79.52258902286309,79.84085098277713,78.76044849787218,79.12895965576172,1361200
2012-02-09 00:00:00-05:00,79.0787030709542,79.7822237826207,78.93632608530146,79.39696502685547,1573000
2012-02-10 00:00:00-05:00,78.63482723643105,79.85760683510162,78.3919454381656,79.79060363769531,1585900
2012-02-13 00:00:00-05:00,80.23448834630128,81.3986416477355,80.10885895907091,81.22276306152344,2120500
2012-02-14 00:00:00-05:00,80.8374980783949,81.22276323734225,79.43046299587654,80.02510833740234,2307200
2012-02-15 00:00:00-05:00,80.37684133642426,80.37684133642426,78.47566627213513,78.85255432128906,1714300
2012-02-16 00:00:00-05:00,78.71851782965118,79.84079816360149,78.71851782965118,79.56441497802734,1847900
2012-02-17 00:00:00-05:00,80.17585363341071,80.26797502516531,77.47903615177006,77.88104248046875,5154300
2012-02-21 00:00:00-05:00,77.98153969727205,78.01504128637822,75.72023674569144,76.22274780273438,3594300
2012-02-22 00:00:00-05:00,75.99662788652562,76.91789939502875,75.92963108555837,76.0050048828125,1843300
2012-02-23 00:00:00-05:00,76.38189979381325,77.30317785064254,75.79563774835557,77.02679443359375,1568300
2012-02-24 00:00:00-05:00,77.04351903702225,77.23615158860395,75.2428484496179,75.5778579711914,2300300
2012-02-27 00:00:00-05:00,74.98320517722065,77.4120157702519,74.89107741615652,76.515869140625,2105400
2012-02-28 00:00:00-05:00,76.574513573949,76.9765262989667,75.71186832355897,76.1976318359375,2204400
2012-02-29 00:00:00-05:00,76.1976268608046,76.92626569202227,75.18422131364716,75.36847686767578,2953200
2012-03-01 00:00:00-05:00,75.5024994524519,76.85090841688903,75.5024994524519,76.31489562988281,2019300
2012-03-02 00:00:00-05:00,76.35673805583515,76.78387527538301,75.80397788033848,76.03010559082031,1147400
2012-03-05 00:00:00-05:00,75.86262125653066,75.98825063073708,75.20935617838768,75.73699188232422,1263100
2012-03-06 00:00:00-05:00,74.63148697427225,74.84924419467914,73.72696288006878,74.3299789428711,2257900
2012-03-07 00:00:00-05:00,74.73194985571786,75.52759169846361,74.5644419379262,75.17583465576172,1724800
2012-03-08 00:00:00-05:00,76.00619273532602,76.74427747183711,75.2093903866302,76.31652069091797,2103400
2012-03-09 00:00:00-05:00,76.69396221874709,77.32301372933644,75.54489248908178,76.98751831054688,1801100
2012-03-12 00:00:00-04:00,77.02106749741061,77.10493975126387,75.78812552873515,76.60169982910156,1408600
2012-03-13 00:00:00-04:00,77.16364862825732,77.97722290394555,76.66040872135981,77.9017333984375,1625000
2012-03-14 00:00:00-04:00,77.91853197918604,77.97724321029592,76.7023616218467,77.33141326904297,1434600
2012-03-15 00:00:00-04:00,77.58301311004311,79.71340148116613,77.44881239420434,79.35274505615234,2629000
2012-03-16 00:00:00-04:00,79.56243533049522,79.74695813022323,78.48046596767061,79.12628936767578,2477000
2012-03-19 00:00:00-04:00,80.40957962281426,80.5018410453992,79.25212046640112,79.58761596679688,2442300
2012-03-20 00:00:00-04:00,79.31920320912485,79.897932658647,78.74047375960271,79.37791442871094,1637600
2012-03-21 00:00:00-04:00,79.65469859542699,81.26506895959807,79.19339158530575,80.36762237548828,4099600
2012-03-22 00:00:00-04:00,78.30432061327471,78.96692220463946,76.54297793193443,77.5830078125,6667800
2012-03-23 00:00:00-04:00,77.43206926980913,77.59981382788139,75.81330932813745,77.48239135742188,3633800
2012-03-26 00:00:00-04:00,78.12822528301834,78.245647759398,77.36497278750548,77.80950164794922,3102700
2012-03-27 00:00:00-04:00,77.93530325521512,78.15337628291022,77.07140669044063,77.07979583740234,2429600
2012-03-28 00:00:00-04:00,77.27269871221529,77.35657738080018,75.91395130813844,76.73590850830078,2569800
2012-03-29 00:00:00-04:00,76.07327136467761,77.05459629951906,75.40228712097725,76.945556640625,2118500
2012-03-30 00:00:00-04:00,77.23076225261832,77.42366782385493,76.35847661130212,77.13011169433594,1684200
2012-04-02 00:00:00-04:00,77.1972169583886,77.87659067247532,76.74429901598275,77.32302856445312,1658300
2012-04-03 00:00:00-04:00,77.13850436075866,77.39851031604863,75.95588424338689,76.73590850830078,1825100
2012-04-04 00:00:00-04:00,76.19909811662427,76.39201004459892,75.58682495204837,76.02296447753906,1457900
2012-04-05 00:00:00-04:00,75.71264290383172,76.0062054175695,75.51134819647602,75.81329345703125,1230700
2012-04-09 00:00:00-04:00,74.56356780395399,74.87389576271686,73.94290548738589,74.20291137695312,2118200
2012-04-10 00:00:00-04:00,73.93451093993615,74.06032250277367,72.48349619342157,72.65962982177734,2575300
2012-04-11 00:00:00-04:00,73.6493671747168,74.22809675644433,73.45646158017061,73.73324584960938,2360400
2012-04-12 00:00:00-04:00,73.8590416691461,75.77974661726712,73.84226977572762,75.35198974609375,2631700
2012-04-13 00:00:00-04:00,74.84037936776238,75.30168010195094,73.80873177846104,73.83389282226562,2058900
2012-04-16 00:00:00-04:00,74.28678490338648,74.56356908680921,73.59063307200537,73.95967864990234,1550400
2012-04-17 00:00:00-04:00,74.64741873695313,76.13197694569448,74.42934583430484,75.8719711303711,2306000
2012-04-18 00:00:00-04:00,75.69587101115349,76.19911097906439,75.36037556619841,75.81329345703125,1371600
2012-04-19 00:00:00-04:00,75.83845239673488,76.06491453540562,74.39582650268328,74.97455596923828,2058400
2012-04-20 00:00:00-04:00,75.08359239819453,75.59522151914841,74.6222917540686,75.20940399169922,2421700
2012-04-23 00:00:00-04:00,74.35389598134964,74.43776824322347,73.43967104950777,73.9009780883789,1876200
2012-04-24 00:00:00-04:00,74.27840626884345,74.8068136754261,73.93452807636204,74.59712982177734,1257200
2012-04-25 00:00:00-04:00,74.92423719186894,75.3436049051573,73.55709435116107,73.99324035644531,1788000
2012-04-26 00:00:00-04:00,73.21321666867573,73.5822623066589,72.29899171977476,73.43128967285156,2988900
2012-04-27 00:00:00-04:00,73.8925797044785,74.2113032184132,72.9699721411234,74.01000213623047,1698900
2012-04-30 00:00:00-04:00,74.05194146144586,74.43775893706554,73.66612398582618,74.01000213623047,1243800
2012-05-01 00:00:00-04:00,73.92613662644183,75.34360148062348,73.44805771098459,74.68099975585938,1385200
2012-05-02 00:00:00-04:00,74.4377316516047,75.12549409935369,74.2028868741841,74.94097137451172,943200
2012-05-03 00:00:00-04:00,74.77327098877737,75.27651100818765,74.43777550948919,74.53003692626953,2199300
2012-05-04 00:00:00-04:00,74.66422706755351,75.20102364356612,73.97646425337182,74.89907836914062,2839900
2012-05-07 00:00:00-04:00,74.01001897589383,75.58684581655783,73.90098566418487,74.95779418945312,1797100
2012-05-08 00:00:00-04:00,74.41258931226285,74.67259518126704,73.65772633881636,74.61388397216797,2156300
2012-05-09 00:00:00-04:00,73.60744812306042,73.64099831953813,72.69322286641871,73.07904052734375,2547100
2012-05-10 00:00:00-04:00,73.39773505947522,74.30356440862573,72.52544949444169,72.67642211914062,1714700
2012-05-11 00:00:00-04:00,72.27380310585629,73.8590119565032,72.27380310585629,73.64094543457031,1628800
2012-05-14 00:00:00-04:00,72.8274103193959,74.08551366127587,72.80224927640542,73.62420654296875,1578300
2012-05-15 00:00:00-04:00,73.59902332712858,74.51324174193081,73.28868895930188,73.64934539794922,1976500
2012-05-16 00:00:00-04:00,74.12747813674197,75.06686466865476,73.63262701661418,73.71649932861328,1609500
2012-05-17 00:00:00-04:00,73.74160836765375,74.1945262118338,72.70157835456035,72.77706146240234,3414200
2012-05-18 00:00:00-04:00,73.18802824663696,73.26351133577728,71.1750626820273,71.3511962890625,2555400
2012-05-21 00:00:00-04:00,71.30090982346998,72.88611947717382,71.20864840243586,72.71836853027344,1547900
2012-05-22 00:00:00-04:00,72.8861089471263,73.6325829556161,72.39964086996298,72.84416961669922,1730600
2012-05-23 00:00:00-04:00,72.21512123972451,74.56358306826989,71.9802763366787,74.42938232421875,2152500
2012-05-24 00:00:00-04:00,74.51325214680162,75.82168376222833,74.42937988404125,75.50296020507812,2244100
2012-05-25 00:00:00-04:00,75.68747118664089,75.90554415495055,74.37904617486794,74.88228607177734,1301700
2012-05-29 00:00:00-04:00,75.20941853382968,76.68559495835461,75.0752241674427,76.30816650390625,1565600
2012-05-30 00:00:00-04:00,75.0164943226852,75.68747878625568,74.35389260559114,74.58873748779297,1649400
2012-05-31 00:00:00-04:00,74.47967993739161,75.45260933239274,73.48997225681538,74.76484680175781,1619700
2012-06-01 00:00:00-04:00,73.15450712951048,73.4312913643737,71.36799652179666,71.502197265625,3163500
2012-06-04 00:00:00-04:00,71.45189099361474,72.12287566406837,70.88993325331539,71.46027374267578,1956800
2012-06-05 00:00:00-04:00,71.37639344123606,71.87125073919056,70.28604107458327,70.73895263671875,2227900
2012-06-06 00:00:00-04:00,71.2925053391702,72.827392578125,71.217022228587,72.827392578125,2402800
2012-06-07 00:00:00-04:00,73.82549667893997,74.11067007947331,72.13125376651519,72.21512603759766,2643400
2012-06-08 00:00:00-04:00,72.50867312577142,73.49838115858404,72.13124475353884,73.44805908203125,1760300
2012-06-11 00:00:00-04:00,73.95130604856222,74.10227869156242,72.23190214671736,72.36609649658203,2126500
2012-06-12 00:00:00-04:00,72.52544788762552,73.66612849362481,72.10608020597999,73.5487060546875,1783300
2012-06-13 00:00:00-04:00,73.04545264291937,73.31385407625872,71.77057782976937,72.29059600830078,2573000
2012-06-14 00:00:00-04:00,72.69384050130824,73.4583344571872,72.24018580377349,72.95426940917969,2333700
2012-06-15 00:00:00-04:00,73.38273110274385,73.65156283678449,72.70225217802155,73.61795806884766,2093600
2012-06-18 00:00:00-04:00,73.42473496637794,74.76049077494692,73.22311277836737,74.35724639892578,2619200
2012-06-19 00:00:00-04:00,73.10547141321948,77.24716309651728,72.91225207590169,76.45747375488281,4691900
2012-06-20 00:00:00-04:00,76.14668883773089,77.54965476653233,75.86945420716587,76.73475646972656,3132200
2012-06-21 00:00:00-04:00,77.08758470423068,77.4236260162419,76.07106438225154,76.13826751708984,2893600
2012-06-22 00:00:00-04:00,76.66754097618893,76.66754097618893,75.46619751326234,76.06266784667969,2713300
2012-06-25 00:00:00-04:00,75.24775358572352,75.29815753258283,73.77757864742188,74.6092758178711,1933400
2012-06-26 00:00:00-04:00,74.62608534797114,74.78569999127403,73.2399190510402,73.5507583618164,2202800
2012-06-27 00:00:00-04:00,73.59278545987033,74.10524715884233,73.19793729087978,73.84481811523438,1836500
2012-06-28 00:00:00-04:00,73.44154415522169,74.68489503791169,73.34913263781783,74.59248352050781,1432300
2012-06-29 00:00:00-04:00,75.8526163047835,76.9615478515625,75.34015488299251,76.9615478515625,2078200
2012-07-02 00:00:00-04:00,76.94476452572225,77.1799979359625,75.23096597444307,76.90276336669922,1833700
2012-07-03 00:00:00-04:00,76.81876860201314,77.96130545017364,76.55833316713051,77.79328155517578,1033100
2012-07-05 00:00:00-04:00,77.21359724195236,77.7680599317666,76.78514442974048,77.3816146850586,1398500
2012-07-06 00:00:00-04:00,76.6591394514258,77.28081177397337,76.02906433264695,76.68434143066406,1310300
2012-07-09 00:00:00-04:00,76.50788463980629,77.08755552335955,76.15504428001408,76.55828857421875,1162900
2012-07-10 00:00:00-04:00,76.44069920401245,77.27240284056575,75.54179243688732,76.01225280761719,1668100
2012-07-11 00:00:00-04:00,75.86942740229372,76.43229926200426,75.59219927913061,76.1214599609375,1637900
2012-07-12 00:00:00-04:00,75.60897656659174,75.69298525866415,74.71007010156703,75.18892669677734,2173600
2012-07-13 00:00:00-04:00,75.2981487717947,77.76804443179938,75.2981487717947,77.58322143554688,1847300
2012-07-16 00:00:00-04:00,77.34803170341503,77.53285478856914,76.80196524531146,77.22201538085938,1210500
2012-07-17 00:00:00-04:00,77.3647995173727,77.3647995173727,75.78541395555519,76.65911865234375,2011900
2012-07-18 00:00:00-04:00,76.51628750758843,78.12927750490496,76.3734720869771,77.89405059814453,1322200
2012-07-19 00:00:00-04:00,77.9528579711914,78.27209357452006,77.7344302376231,77.9528579711914,1289300
2012-07-20 00:00:00-04:00,77.35646306445727,77.53288341739541,75.59225312561713,75.67626190185547,2135900
2012-07-23 00:00:00-04:00,74.50844051076214,75.23932310912991,74.26481084148898,74.98729705810547,1476500
2012-07-24 00:00:00-04:00,74.06322683910489,74.32365581537506,72.43343061726056,73.65157318115234,3751500
2012-07-25 00:00:00-04:00,73.89519076032249,73.97080308866433,72.95427650984276,73.28192138671875,2105300
2012-07-26 00:00:00-04:00,74.55047616127125,75.05453490612756,74.09682136806416,74.39086151123047,1893600
2012-07-27 00:00:00-04:00,75.19735374586344,77.12957992463271,74.72689338148334,76.356689453125,2397900
2012-07-30 00:00:00-04:00,76.04583351335094,76.59189968274467,75.88621890466271,76.44068145751953,1396900
2012-07-31 00:00:00-04:00,76.40709812107238,76.6255259319711,75.85263541273541,75.86103820800781,1760700
2012-08-01 00:00:00-04:00,76.16346086589209,76.28107434045667,74.26483327592254,74.64287567138672,1725100
2012-08-02 00:00:00-04:00,73.68516730056444,74.22283076642637,73.12230186121744,73.86158752441406,1901200
2012-08-03 00:00:00-04:00,74.80249441746383,75.78540974317238,74.78568883049508,75.45777130126953,1623400
2012-08-06 00:00:00-04:00,75.88622856659191,76.28107656103303,75.49138057215079,75.70980834960938,906600
2012-08-07 00:00:00-04:00,76.18025771404336,76.18025771404336,75.09652809488261,75.45777130126953,1411700
2012-08-08 00:00:00-04:00,75.188933149041,75.21413511788018,74.51685073588294,75.02931213378906,1345800
2012-08-09 00:00:00-04:00,75.02091685365549,75.15532949259189,74.3488344306145,74.4832534790039,1481500
2012-08-10 00:00:00-04:00,73.97080532812497,74.24803344856085,73.28192360532356,73.76078033447266,2222900
2012-08-13 00:00:00-04:00,73.66836206492964,74.21442187075758,73.12229584964814,73.73556518554688,1334200
2012-08-14 00:00:00-04:00,73.86157385239585,74.20601785147842,73.4247247707905,73.57594299316406,1551400
2012-08-15 00:00:00-04:00,73.70196782411531,75.42416879159836,73.58434794017808,75.23094940185547,2490900
2012-08-16 00:00:00-04:00,75.17215021081593,75.70141089912218,74.70168985620052,75.39057159423828,1935900
2012-08-17 00:00:00-04:00,75.56698597008622,75.99543872807149,75.39896854824491,75.60899353027344,1679500
2012-08-20 00:00:00-04:00,75.30656389843425,75.69300913140981,75.03773215334454,75.59220123291016,1817600
2012-08-21 00:00:00-04:00,75.62580837263745,76.54992361253301,75.42418614277621,75.86943817138672,1944300
2012-08-22 00:00:00-04:00,75.61738209712486,75.88621376716375,75.13012269222546,75.2225341796875,1415300
2012-08-23 00:00:00-04:00,75.22255918345688,75.39897942467532,74.31524959194374,74.65129089355469,1049500
2012-08-24 00:00:00-04:00,74.37405820555354,75.08814198348868,74.08002446281023,74.82771301269531,948400
2012-08-27 00:00:00-04:00,74.92013624339994,74.98734579780482,73.77759945634038,73.92881774902344,1102300
2012-08-28 00:00:00-04:00,73.84478947459577,73.996007727273,72.97948752128607,73.47514343261719,2002100
2012-08-29 00:00:00-04:00,73.39953669143934,73.8615878292992,73.23991564610284,73.61795806884766,1516300
2012-08-30 00:00:00-04:00,73.50878110997319,73.63479744519599,72.98791658213226,73.24835205078125,1811600
2012-08-31 00:00:00-04:00,73.6767648103736,73.90359539158378,73.22311646686148,73.61795806884766,1484400
2012-09-04 00:00:00-04:00,73.3995581588159,74.02123052383453,72.97950805093328,73.54237365722656,1982400
2012-09-05 00:00:00-04:00,71.91256543307146,73.23152229985321,71.66893564118757,72.0805892944336,5980600
2012-09-06 00:00:00-04:00,72.25730090505338,73.74670553936352,72.25730090505338,73.66255950927734,2692900
2012-09-07 00:00:00-04:00,73.62888739622763,73.69620677691582,73.2249775320279,73.52790832519531,1530900
2012-09-10 00:00:00-04:00,73.36805202760657,74.27683822508563,73.30073262929518,74.01598358154297,2305000
2012-09-11 00:00:00-04:00,74.2263442084774,74.96683825351379,74.13378165035654,74.63866424560547,2089200
2012-09-12 00:00:00-04:00,74.87425091746248,75.00046669873649,74.38619516344353,74.9583969116211,1421800
2012-09-13 00:00:00-04:00,74.89951984038912,76.5067300674874,74.2431718722584,76.03550720214844,2144400
2012-09-14 00:00:00-04:00,75.81673419674307,76.35527653229029,75.57270619783402,75.85881042480469,2294200
2012-09-17 00:00:00-04:00,75.48855796620516,75.80831546240834,74.82379338573753,75.12672424316406,2381300
2012-09-18 00:00:00-04:00,73.16607472541706,74.32731157327345,72.66960873736735,72.8294906616211,6413300
2012-09-19 00:00:00-04:00,72.79580382734969,73.2754430013348,72.28250497554998,73.12397766113281,4024500
2012-09-20 00:00:00-04:00,72.61910413754646,72.854715490885,71.44104095092581,71.6682357788086,4071400
2012-09-21 00:00:00-04:00,72.27411128257616,72.27411128257616,70.80995014471172,71.01190185546875,5200800
2012-09-24 00:00:00-04:00,70.68373168757255,71.94594118199349,70.61641230708702,71.65984344482422,2831600
2012-09-25 00:00:00-04:00,72.02169618329809,72.24048103741438,71.12973654564732,71.13815307617188,2829800
2012-09-26 00:00:00-04:00,70.91092279012567,71.48312465387819,70.66690128375588,71.01190185546875,2369300
2012-09-27 00:00:00-04:00,71.49155791310407,72.19839869607884,71.15496736977946,72.17314910888672,2500100
2012-09-28 00:00:00-04:00,71.84492067495108,71.92065653929927,70.82673970707549,71.20540618896484,2408000
2012-10-01 00:00:00-04:00,71.46629322609714,72.3161826475909,71.12970278412577,71.54202270507812,2037100
2012-10-02 00:00:00-04:00,71.67665582096421,72.20678139198571,70.86042614976019,71.10445404052734,1683300
2012-10-03 00:00:00-04:00,71.35692828385183,72.26571443976508,71.02033772762093,72.04693603515625,1726300
2012-10-04 00:00:00-04:00,72.2993838825142,72.88841904029621,72.0385292157422,72.81268310546875,2060200
2012-10-05 00:00:00-04:00,73.08190331355627,73.6120352276805,72.6948266387562,72.76214599609375,2734400
2012-10-08 00:00:00-04:00,72.65279758984082,73.05670757609171,72.28255372403653,72.67804718017578,1611000
2012-10-09 00:00:00-04:00,72.81266437278562,73.02303264217188,71.9880243519523,72.01326751708984,2013100
2012-10-10 00:00:00-04:00,74.31046926231187,76.5151305571769,74.20949662372163,75.7241439819336,8995100
2012-10-11 00:00:00-04:00,77.16305275870255,77.83623356289334,75.73255157470703,75.73255157470703,4171000
2012-10-12 00:00:00-04:00,75.96819662881468,76.64978784095614,75.7410016980778,76.06917572021484,2629900
2012-10-15 00:00:00-04:00,76.1617200550282,76.74233203681514,75.90927559690917,76.27952575683594,2526800
2012-10-16 00:00:00-04:00,76.57405185763974,77.38186526069134,75.96819020036848,77.34820556640625,2602000
2012-10-17 00:00:00-04:00,77.40709910873767,78.33271812040293,77.27246676773356,78.21491241455078,2378500
2012-10-18 00:00:00-04:00,77.82785359172696,79.3172647340726,77.82785359172696,78.66932678222656,2346200
2012-10-19 00:00:00-04:00,78.45895716570301,78.63566576234574,76.97796899766949,77.50809478759766,2474300
2012-10-22 00:00:00-04:00,77.51651629182338,77.62590550059477,76.4562582239906,76.97797393798828,1678400
2012-10-23 00:00:00-04:00,77.03686356462748,77.49966990980931,76.5908774364604,77.23881530761719,2192400
2012-10-24 00:00:00-04:00,77.50810745867014,77.50810745867014,76.27955719074028,76.43102264404297,1447600
2012-10-25 00:00:00-04:00,76.7254969992752,77.17989312216649,75.79146159443118,76.67501068115234,1532200
2012-10-26 00:00:00-04:00,76.39734029736746,77.04527173227193,75.85038152144915,76.31319427490234,1639000
2012-10-31 00:00:00-04:00,76.52355409453756,77.50807593056328,76.25428300041268,77.40709686279297,1844400
2012-11-01 00:00:00-04:00,77.02845245613018,78.42529453832914,77.02845245613018,78.26541900634766,1738000
2012-11-02 00:00:00-04:00,78.56835695037256,79.08165612874065,77.72688372943225,77.9540786743164,1384100
2012-11-05 00:00:00-05:00,77.81103448640795,78.20652795142368,77.53334676587373,78.12237548828125,1066800
2012-11-06 00:00:00-05:00,78.16444558696713,78.92177275630705,77.87834777851154,78.5851821899414,1349000
2012-11-07 00:00:00-05:00,78.01295402792731,78.02978708157059,76.57403609801541,77.00318908691406,1575700
2012-11-08 00:00:00-05:00,76.91904159225511,77.1967227727146,75.73256171055722,75.75780487060547,1461300
2012-11-09 00:00:00-05:00,75.6904973992505,76.07758064728704,75.1603716950906,75.50537872314453,1938700
2012-11-12 00:00:00-05:00,75.50540474682187,76.22065579353583,75.3791824633001,75.79991912841797,1347700
2012-11-13 00:00:00-05:00,75.45487218497708,76.99476910791832,75.10145511346131,76.11963653564453,1682000
2012-11-14 00:00:00-05:00,76.14487969678642,76.28793496662776,73.15765480186549,73.30912017822266,2591500
2012-11-15 00:00:00-05:00,73.30910828702453,73.8560604385515,72.30775366020438,72.82105255126953,2410400
2012-11-16 00:00:00-05:00,72.56019610985543,72.98934257848987,71.65140402346348,72.47604370117188,2142600
2012-11-19 00:00:00-05:00,73.36948389346556,73.65604741973989,72.31593016972471,73.32733917236328,1984300
2012-11-20 00:00:00-05:00,73.53806956575512,74.03534396964442,73.16721649818795,73.62235260009766,1803500
2012-11-21 00:00:00-05:00,74.08589383513045,74.22074535831574,73.51276039323538,73.87518310546875,1550300
2012-11-23 00:00:00-05:00,74.00161044111644,74.12803173394532,73.20090581437393,73.94261169433594,850500
2012-11-26 00:00:00-05:00,73.42847778577807,74.57474467578643,73.42847778577807,74.5578842163086,1721000
2012-11-27 00:00:00-05:00,74.8360444694132,75.56932032886122,74.52419018726987,74.76018524169922,2421700
2012-11-28 00:00:00-05:00,74.43991559010911,75.45132491805515,74.11963747001572,75.42604064941406,2049600
2012-11-29 00:00:00-05:00,75.8306278919925,76.83361367725973,75.69576985044365,76.53018951416016,2623100
2012-11-30 00:00:00-05:00,76.57230003180693,76.64815926023581,75.0467559653097,75.45974731445312,2029700
2012-12-03 00:00:00-05:00,75.83903498268377,75.83903498268377,74.16177236230877,74.27976989746094,1845700
2012-12-04 00:00:00-05:00,74.29662843163348,75.07204262258895,74.1870547015663,74.49890899658203,1488400
2012-12-05 00:00:00-05:00,74.64215174005419,75.79684862029076,74.22916059384747,75.37542724609375,1837000
2012-12-06 00:00:00-05:00,75.26586933195121,75.43443533036961,74.71802019152044,75.2321548461914,1078000
2012-12-07 00:00:00-05:00,75.46814109137323,75.779995225813,74.84443925287358,75.3164291381836,1108600
2012-12-10 00:00:00-05:00,75.34174120565787,76.35315031338084,75.19845942763386,76.30258178710938,1406900
2012-12-11 00:00:00-05:00,76.40375086931328,77.11173619585527,75.59462202595769,76.06661224365234,2276300
2012-12-12 00:00:00-05:00,75.08888518279922,76.30258124779407,75.02988642577209,75.6114501953125,2113400
2012-12-13 00:00:00-05:00,75.50188291237133,76.27729698483705,75.25745765314974,75.6114501953125,1699000
2012-12-14 00:00:00-05:00,75.65359123896519,76.6397160285946,75.30802251434969,75.93172454833984,1813500
2012-12-17 00:00:00-05:00,76.1929948327749,76.82512696950083,76.15928034717051,76.7155532836914,1832000
2012-12-18 00:00:00-05:00,76.60599812010942,78.56139358114844,76.20143708976018,77.84497833251953,3130100
2012-12-19 00:00:00-05:00,78.48552545975383,80.44092053862082,78.42652671975966,78.55294799804688,5324300
2012-12-20 00:00:00-05:00,78.3843813764894,78.91537003216742,77.15383164480521,78.61194610595703,4270900
2012-12-21 00:00:00-05:00,77.60054945737349,78.62881887606613,77.40669275123416,78.16525268554688,2912600
2012-12-24 00:00:00-05:00,78.13998145734625,78.21584067861905,77.49099511277076,77.65956115722656,607300
2012-12-26 00:00:00-05:00,77.8281048989746,78.35910000457304,77.3224004801413,77.60054016113281,904700
2012-12-27 00:00:00-05:00,77.50787778306801,77.51630801752037,75.98233329681514,77.12017059326172,1580300
2012-12-28 00:00:00-05:00,76.69870500332641,77.10327243051384,76.15085582436929,76.1845703125,981300
2012-12-31 00:00:00-05:00,76.13402107959902,77.37300150310625,75.8980260332896,77.30557250976562,1451700
2013-01-02 00:00:00-05:00,78.77210341455644,80.2302245859116,78.69625063363736,79.43795013427734,2020100
2013-01-03 00:00:00-05:00,79.32837966447427,80.21336089142413,79.32837966447427,79.73294067382812,1723800
2013-01-04 00:00:00-05:00,79.90151893334885,80.11222968324653,79.5306659558068,79.99423217773438,1500600
2013-01-07 00:00:00-05:00,79.5727967014755,79.85936018442,79.43793875864469,79.83407592773438,1148600
2013-01-08 00:00:00-05:00,79.58123988296465,80.52522642155621,79.36210531806303,80.16280364990234,2177600
2013-01-09 00:00:00-05:00,80.10378279281164,81.67990118918358,79.88464185798796,81.56189727783203,2345100
2013-01-10 00:00:00-05:00,82.04234014497203,82.34576416015625,81.46921303893762,82.34576416015625,2009700
2013-01-11 00:00:00-05:00,82.21934614579423,82.4131964558199,81.84849312782168,82.0929183959961,1272400
2013-01-14 00:00:00-05:00,82.05919468229241,83.22231570293067,81.93276694669696,82.95260620117188,2253600
2013-01-15 00:00:00-05:00,82.69976262807448,83.2644659299703,82.37947815267277,83.16332244873047,1655900
2013-01-16 00:00:00-05:00,83.01160348341216,83.96402016836426,83.01160348341216,83.89659118652344,2061200
2013-01-17 00:00:00-05:00,84.22528839111328,84.76470731434613,83.79543672621871,84.22528839111328,2312800
2013-01-18 00:00:00-05:00,84.28431089377723,84.43602291060132,82.94419343714982,84.13259887695312,2320600
2013-01-22 00:00:00-05:00,83.8965969801704,84.87429156285242,83.78702969989891,84.79000854492188,1515900
2013-01-23 00:00:00-05:00,84.52874536257829,84.74788639524877,83.66061789479329,83.98089599609375,1486000
2013-01-24 00:00:00-05:00,84.28430274438455,86.48412356044354,84.22530398967875,85.74242401123047,2702300
2013-01-25 00:00:00-05:00,85.77613194246975,86.69483418477779,85.30414190554494,86.45040893554688,2081000
2013-01-28 00:00:00-05:00,86.67799319937257,86.93084873618741,86.11328978825394,86.82128143310547,1934800
2013-01-29 00:00:00-05:00,86.50943125719658,86.9055686162671,86.13015436425623,86.39143371582031,1649400
2013-01-30 00:00:00-05:00,85.9868535117029,86.08799700249769,85.17772487649304,85.43901062011719,2373000
2013-01-31 00:00:00-05:00,85.10186289146824,85.85199268364083,84.85743763789553,85.50642395019531,2306200
2013-02-01 00:00:00-05:00,85.87728175437726,86.76226956926503,85.50642873779458,86.61055755615234,2667400
2013-02-04 00:00:00-05:00,86.34084977872583,87.73996598995289,86.34084977872583,87.14154815673828,3306900
2013-02-05 00:00:00-05:00,87.41127354782058,88.65868439949018,86.98985191866494,88.55754089355469,2772400
2013-02-06 00:00:00-05:00,88.19510075451946,89.56893268144329,88.1361019952131,89.48464965820312,3476400
2013-02-07 00:00:00-05:00,89.77962971738,90.18419716956461,89.24021073472154,90.16734313964844,4063400
2013-02-08 00:00:00-05:00,90.01564371229033,90.60563129742292,89.53522341285883,89.68693542480469,2101500
2013-02-11 00:00:00-05:00,89.34978485107422,89.6532088340285,88.90307910683083,89.34978485107422,1746100
2013-02-12 00:00:00-05:00,89.4172141903282,89.74592888880389,88.98736887382542,89.4425048828125,2044600
2013-02-13 00:00:00-05:00,89.44247417831136,89.88074957518768,88.9704778696986,89.47618865966797,1739900
2013-02-14 00:00:00-05:00,89.21493669072493,90.06620998255524,88.86937437963009,89.8133544921875,1660600
2013-02-15 00:00:00-05:00,90.09990278931494,90.56346250289926,89.50148513189328,89.6953353881836,1594900
2013-02-19 00:00:00-05:00,89.85549331587336,90.51290983119317,89.68692728695407,90.46234130859375,1093900
2013-02-20 00:00:00-05:00,90.51289313892983,90.51289313892983,88.995773436914,89.08006286621094,1472200
2013-02-21 00:00:00-05:00,88.79353726837262,89.40881568525691,87.86641095682343,88.39739990234375,1730900
2013-02-22 00:00:00-05:00,88.60809530540777,89.18965911865234,88.3973845244215,89.18965911865234,899500
2013-02-25 00:00:00-05:00,89.61951163494375,90.1842149892481,86.89712549328307,86.90555572509766,1592900
2013-02-26 00:00:00-05:00,87.38596076363665,87.61352553975419,86.5768322713341,86.94768524169922,2718500
2013-02-27 00:00:00-05:00,86.55995700951684,89.44248440653115,86.2481092744714,89.12220001220703,2261100
2013-02-28 00:00:00-05:00,88.97895181219734,89.40880362270174,88.35524967663027,88.86095428466797,1691400
2013-03-01 00:00:00-05:00,88.59119902732827,89.39189704110784,87.91692227754994,88.81876373291016,1449100
2013-03-04 00:00:00-05:00,88.73453134911992,89.24023598465028,88.16139771408328,89.17281341552734,940500
2013-03-05 00:00:00-05:00,90.04090763832268,91.96258840199819,89.97347866371418,90.95117950439453,1818400
2013-03-06 00:00:00-05:00,91.93731030617082,92.2744487714289,90.83318167169105,91.06075286865234,1716700
2013-03-07 00:00:00-05:00,90.98479317175007,91.14514316919887,89.95518959834652,90.26744842529297,1746500
2013-03-08 00:00:00-05:00,90.79915463489485,91.1029723893384,90.318110930147,90.97638702392578,1195600
2013-03-11 00:00:00-04:00,90.88352562095014,92.54608159045614,89.6851308727883,90.64722442626953,1372700
2013-03-12 00:00:00-04:00,90.7063266111233,90.87511138914604,89.4572973620847,89.8201904296875,1268500
2013-03-13 00:00:00-04:00,89.90456773998474,91.31394036014825,89.8623747719189,91.03544616699219,1412300
2013-03-14 00:00:00-04:00,91.15357967846712,91.85404205322266,91.0101055855287,91.85404205322266,1450000
2013-03-15 00:00:00-04:00,91.66839547455535,92.0903637730115,91.17891070305215,92.04816436767578,2096500
2013-03-18 00:00:00-04:00,91.00169368155666,91.49117850088437,90.17463290273653,90.54596710205078,1784700
2013-03-19 00:00:00-04:00,90.63876117788305,91.12824578403581,89.45724905358169,89.845458984375,2651700
2013-03-20 00:00:00-04:00,86.08153962771355,86.50350795922195,83.39782078177109,83.65943908691406,11579100
2013-03-21 00:00:00-04:00,83.36406256242805,83.54128848905663,80.4271665801176,81.43988800048828,9159800
2013-03-22 00:00:00-04:00,81.87873242287345,83.46533747419925,81.85341535311414,83.11088562011719,5379400
2013-03-25 00:00:00-04:00,83.13619326904016,83.2627850422174,81.08542714748893,81.87872314453125,2910300
2013-03-26 00:00:00-04:00,82.14036287347724,82.9758584272033,81.99689517572426,82.46949768066406,2532800
2013-03-27 00:00:00-04:00,82.10658273597724,82.43571745539155,81.54114682710902,82.410400390625,2335500
2013-03-28 00:00:00-04:00,82.09812994211698,83.06865806598587,82.03061348648424,82.87454986572266,2217200
2013-04-01 00:00:00-04:00,83.05183359989698,83.9970388091634,82.33448208235752,82.52014923095703,2050800
2013-04-02 00:00:00-04:00,82.53701198018007,82.89146384950718,81.70995117969075,81.963134765625,1838600
2013-04-03 00:00:00-04:00,81.98843855507144,82.41884800594673,81.08542668831741,81.25421142578125,2932600
2013-04-04 00:00:00-04:00,81.465206536942,82.072841975595,80.98416288779605,81.00104522705078,2249000
2013-04-05 00:00:00-04:00,80.09800500328852,80.89130082301715,79.49880450676166,80.5959243774414,2878100
2013-04-08 00:00:00-04:00,80.53688812779698,81.04324891405508,80.21619446553642,80.38497924804688,2032500
2013-04-09 00:00:00-04:00,80.41873689465477,80.8660223598375,79.89549377079813,80.46092987060547,2270600
2013-04-10 00:00:00-04:00,80.5875135996546,82.89990479122741,80.54532062793237,82.6635971069336,3138600
2013-04-11 00:00:00-04:00,82.59607551545128,82.7057849530602,81.49051421580687,81.57491302490234,2036000
2013-04-12 00:00:00-04:00,81.41454492816133,81.81119606338504,80.89974321292081,81.29639434814453,1387400
2013-04-15 00:00:00-04:00,80.67189158107219,81.09385985532504,79.54946086499051,79.92922973632812,3107000
2013-04-16 00:00:00-04:00,80.50310602217209,80.73097249362027,79.92922891751813,80.29212188720703,2317300
2013-04-17 00:00:00-04:00,79.70136435148629,80.20772495885636,78.9840131824272,79.43130493164062,2284500
2013-04-18 00:00:00-04:00,78.63802577329304,79.0684353139882,76.46910860676545,77.532470703125,4952400
2013-04-19 00:00:00-04:00,77.97130584716797,78.37639826840821,77.38898750373689,77.97130584716797,1901000
2013-04-22 00:00:00-04:00,78.2075850751402,78.35949388552909,76.75601342891821,78.06411743164062,1584300
2013-04-23 00:00:00-04:00,78.43549864088129,78.64648286882536,77.66751296057559,78.62960052490234,2537900
2013-04-24 00:00:00-04:00,79.92077413338869,81.14448577094049,79.6675970777986,79.71823120117188,3056500
2013-04-25 00:00:00-04:00,79.84486267629602,80.12336337086852,78.6802321881659,79.58324432373047,2326400
2013-04-26 00:00:00-04:00,79.81107594882573,79.98830184429063,79.32159122493715,79.48194122314453,1652400
2013-04-29 00:00:00-04:00,79.70980974954243,79.81952562895293,78.90807255045573,79.11905670166016,1878900
2013-04-30 00:00:00-04:00,79.19498874804633,79.69291457257647,78.56203644754574,79.33846282958984,1981000
2013-05-01 00:00:00-04:00,79.04310396511573,79.34691521333171,77.50713319295471,77.64216613769531,2396600
2013-05-02 00:00:00-04:00,77.83628297375621,78.57894493559188,77.79408356418762,77.88691711425781,2404500
2013-05-03 00:00:00-04:00,78.46924109382493,80.29214110816622,78.46924109382493,79.7688980102539,2317300
2013-05-06 00:00:00-04:00,80.10647461405765,81.69307982185879,79.95456574179427,81.2120361328125,3045700
2013-05-07 00:00:00-04:00,81.54959480447678,84.05608764315451,81.44832652895884,83.98857116699219,4689700
2013-05-08 00:00:00-04:00,83.60881680086463,86.15750305146686,83.38095670258538,86.03935241699219,4873600
2013-05-09 00:00:00-04:00,85.71863315023481,86.16591848122941,84.58776128988806,84.75654602050781,2754200
2013-05-10 00:00:00-04:00,84.52025878132758,85.37263662080105,84.07297337646031,84.49494171142578,2278900
2013-05-13 00:00:00-04:00,84.25863174513339,84.3514652914006,83.3134268212863,83.38094329833984,2047800
2013-05-14 00:00:00-04:00,83.46533081234239,85.00129516282944,83.44844847469979,84.96753692626953,1921900
2013-05-15 00:00:00-04:00,84.84095089959642,85.12789271044272,84.21643957772017,84.62996673583984,2054200
2013-05-16 00:00:00-04:00,84.59622904501695,85.06039689351587,83.32188902227858,83.49911499023438,1776300
2013-05-17 00:00:00-04:00,83.92951531846998,84.46119964310843,83.43159567846634,84.43588256835938,2222600
2013-05-20 00:00:00-04:00,84.44432237059789,85.71022769386877,84.0561121774421,85.38953399658203,2390900
2013-05-21 00:00:00-04:00,85.56673654580851,86.96767447731906,85.44858592974445,86.22500610351562,2796900
2013-05-22 00:00:00-04:00,86.14905583189986,86.84108363582239,83.54972937278569,84.0982894897461,3251200
2013-05-23 00:00:00-04:00,83.23745070142493,84.14890362318549,82.70577304976004,83.63410186767578,1649000
2013-05-24 00:00:00-04:00,83.2712082222655,83.2712082222655,82.1572123625227,82.55386352539062,2543100
2013-05-28 00:00:00-04:00,83.39784142915332,83.63414272310466,80.99262263182389,81.46522521972656,4178600
2013-05-29 00:00:00-04:00,81.42302612138067,82.2838388330559,81.08545011021762,81.48210144042969,2446000
2013-05-30 00:00:00-04:00,81.65087248753446,81.94624903307754,80.91664526970527,81.4567642211914,2947600
2013-05-31 00:00:00-04:00,81.22891938183055,82.68049175059049,81.11920991255525,81.30487060546875,2273500
2013-06-03 00:00:00-04:00,81.44832598949264,82.46104737031764,81.03479240478158,82.45260620117188,2263600
2013-06-04 00:00:00-04:00,82.40197033794632,83.54972464616337,82.24162032116257,83.02648162841797,3045500
2013-06-05 00:00:00-04:00,82.70581371043662,82.87459850986492,81.16984885622045,81.93782806396484,2174500
2013-06-06 00:00:00-04:00,81.87028073742512,82.30068371165213,80.71408542762391,81.726806640625,2478500
2013-06-07 00:00:00-04:00,82.48637607133108,84.25864195706407,82.26695715240251,84.2080078125,2508400
2013-06-10 00:00:00-04:00,84.2755236397565,84.37679836682035,83.16152739695958,83.26280212402344,1842300
2013-06-11 00:00:00-04:00,82.3766775099292,83.37252326336908,81.954709079467,82.73957061767578,1563000
2013-06-12 00:00:00-04:00,83.19527730107497,83.46533677411885,82.09815707005095,82.27538299560547,1289900
2013-06-13 00:00:00-04:00,82.33456830031766,84.39694292252645,82.07254035283486,84.16873168945312,1424300
2013-06-14 00:00:00-04:00,84.10957217189048,85.15766470105082,83.44183387831231,83.7799301147461,1534900
2013-06-17 00:00:00-04:00,84.63361237554797,84.69277873129214,82.5627834758525,83.1798095703125,2504600
2013-06-18 00:00:00-04:00,83.35729350308233,84.84490630559993,83.03609924565971,84.08419799804688,2195300
2013-06-19 00:00:00-04:00,85.33513872820583,87.45668570171667,83.89823820590695,84.98014068603516,4496600
2013-06-20 00:00:00-04:00,82.69800458761111,82.80788955079232,80.44122281033255,80.89765167236328,4945600
2013-06-21 00:00:00-04:00,81.56539595774963,82.01337067578564,80.01861021730008,81.53158569335938,3632400
2013-06-24 00:00:00-04:00,80.61027573386939,81.73443633188421,79.95943946531787,81.0582504272461,2710500
2013-06-25 00:00:00-04:00,82.03025741802864,83.0952514467865,81.71751739130949,82.14859008789062,2240600
2013-06-26 00:00:00-04:00,82.89239950416778,83.97430192599397,82.82477899064187,83.1459732055664,2777200
2013-06-27 00:00:00-04:00,83.80523491065865,84.12642259192951,83.45023698157318,83.9911880493164,1941500
2013-06-28 00:00:00-04:00,83.60239319236851,84.1771481508538,83.3234634399414,83.3234634399414,2245400
2013-07-01 00:00:00-04:00,83.44180623804105,84.29549750130327,83.29811748096493,83.58549499511719,1975900
2013-07-02 00:00:00-04:00,83.47562563383542,84.03347881888016,82.78253140475081,83.06145477294922,1740900
2013-07-03 00:00:00-04:00,82.73180869329782,83.04454875567201,82.44443116191148,82.63883209228516,783900
2013-07-05 00:00:00-04:00,83.33192850839083,83.84752369187858,82.98538462609041,83.64466857910156,1056300
2013-07-08 00:00:00-04:00,83.8306217552217,84.10109738837407,83.3657387379374,83.5347900390625,1913400
2013-07-09 00:00:00-04:00,84.10111591820076,89.89099044796514,84.00813929425856,87.18623352050781,15122500
2013-07-10 00:00:00-04:00,86.78894212166327,89.99239137294042,86.22263483559595,87.05941772460938,6783500
2013-07-11 00:00:00-04:00,87.90466355503325,89.57823594858213,87.82859530692305,88.24275970458984,3983100
2013-07-12 00:00:00-04:00,86.27335922645649,87.32145153037419,85.85919481137293,86.45931243896484,5071300
2013-07-15 00:00:00-04:00,86.45086481255629,87.8455075634041,86.33253211356542,87.6511001586914,2218200
2013-07-16 00:00:00-04:00,87.38062406422111,87.88777157012612,87.01717179093502,87.49050903320312,1905800
2013-07-17 00:00:00-04:00,87.5665757575308,88.70764472855213,87.11014687939262,88.12443542480469,2141400
2013-07-18 00:00:00-04:00,87.83702456414797,92.11392802665073,87.77785823406622,91.84345245361328,4659400
2013-07-19 00:00:00-04:00,91.66597219911671,91.66597219911671,90.71931065772218,91.31097412109375,2387500
2013-07-22 00:00:00-04:00,91.34478595473624,92.02942603822417,90.98978787060533,91.07431030273438,2305200
2013-07-23 00:00:00-04:00,91.23490245599639,91.28561462277506,89.9754944260446,90.26287841796875,2080100
2013-07-24 00:00:00-04:00,90.36432082476625,90.60943396149344,89.40919856991395,89.49372100830078,1280500
2013-07-25 00:00:00-04:00,89.50216133377543,89.68811453863421,86.17192489786244,88.64002227783203,3956100
2013-07-26 00:00:00-04:00,88.48788933266304,88.98657621236927,88.02300626798062,88.39491271972656,1831700
2013-07-29 00:00:00-04:00,87.98917852563318,88.38644098405668,87.25382639494443,87.3890609741211,1301400
2013-07-30 00:00:00-04:00,88.01454555654844,88.24276320723311,87.32990550179032,87.53276062011719,1241400
2013-07-31 00:00:00-04:00,86.21419726677661,90.40657314434286,86.21419726677661,89.59514617919922,5473500
2013-08-01 00:00:00-04:00,90.26288631974181,93.25502694593003,90.05157700813514,92.9760971069336,5120900
2013-08-02 00:00:00-04:00,91.9026389654779,93.04370783828766,91.8772764338907,92.25763702392578,1717600
2013-08-05 00:00:00-04:00,92.1308570176695,92.73942884810204,91.9195477125831,92.48585510253906,1429400
2013-08-06 00:00:00-04:00,92.40979969663044,92.84932027491546,91.58991844711599,91.93646240234375,1567800
2013-08-07 00:00:00-04:00,91.30251108546248,91.74203800016639,90.8883467012837,91.26870727539062,1598300
2013-08-08 00:00:00-04:00,91.76740590532899,92.37597774339031,91.70823955710904,92.19847869873047,1596400
2013-08-09 00:00:00-04:00,91.7335866990616,92.28299213534093,91.21799152256152,91.47156524658203,1134200
2013-08-12 00:00:00-04:00,90.9306046273786,92.3928611325881,90.83762803471822,92.1646499633789,1720300
2013-08-13 00:00:00-04:00,92.02940439524846,92.74786102100313,91.45464296383274,91.80119323730469,1603500
2013-08-14 00:00:00-04:00,91.8011751877339,92.20688526623084,91.04891490390231,91.81807708740234,1219200
2013-08-15 00:00:00-04:00,91.28561722853419,91.64906948100113,90.7277575834532,91.31942749023438,2224200
2013-08-16 00:00:00-04:00,91.3278849486292,92.0970474718332,90.80383554642276,91.86038208007812,1782900
2013-08-19 00:00:00-04:00,91.56452833003085,92.29988041355557,91.31940881930703,91.8519058227539,1804400
2013-08-20 00:00:00-04:00,91.79273166476344,92.89154228143038,91.31094686024095,92.3083267211914,1525900
2013-08-21 00:00:00-04:00,92.12237352769297,92.17309212985649,90.87142645085973,91.34475708007812,1555900
2013-08-22 00:00:00-04:00,91.47998448919643,93.64378869957054,91.37855374859318,93.49164581298828,1348700
2013-08-23 00:00:00-04:00,93.49167513935026,93.72834049301619,92.73941464434901,93.55929565429688,1193400
2013-08-26 00:00:00-04:00,93.65227098624123,95.79916749332007,93.61000655280819,94.70036315917969,2502600
2013-08-27 00:00:00-04:00,93.3987164255628,93.92276584376266,91.03204953848733,91.66597747802734,2348200
2013-08-28 00:00:00-04:00,91.66595700289196,92.42667165015123,91.22643656705716,91.70822143554688,1119400
2013-08-29 00:00:00-04:00,91.70823549491075,92.55347268841224,91.50538037409184,91.7758560180664,927400
2013-08-30 00:00:00-04:00,91.92797724602028,91.95333332404938,90.30511731704631,90.74464416503906,1194400
2013-09-03 00:00:00-04:00,91.6659830727406,91.90265493481188,90.254438322222,90.9475326538086,1555100
2013-09-04 00:00:00-04:00,90.81224390877811,91.20105206316853,90.54176839056542,90.9559326171875,1665800
2013-09-05 00:00:00-04:00,90.83760468275452,92.5280783712438,90.83760468275452,92.17308044433594,1460500
2013-09-06 00:00:00-04:00,92.54554637900995,92.92643096749804,90.90353169213135,91.54679870605469,1511800
2013-09-09 00:00:00-04:00,91.74989840656669,92.41855618074047,91.09816581637804,92.34237670898438,2203000
2013-09-10 00:00:00-04:00,92.91793264604419,94.37374389903673,92.8840758195177,93.603515625,1677300
2013-09-11 00:00:00-04:00,93.55275676766931,93.67125246107426,92.69788944450696,93.31576538085938,1356400
2013-09-12 00:00:00-04:00,93.18879307128711,93.2057247155445,91.19128524590911,91.74144744873047,2306500
2013-09-13 00:00:00-04:00,92.02075080691604,92.17310329994191,90.04016839757978,90.76807403564453,2974200
2013-09-16 00:00:00-04:00,92.13078621909786,93.95055042422622,91.88532905119403,92.74019622802734,2673200
2013-09-17 00:00:00-04:00,93.01106005953537,94.35684179870599,92.92642120127712,93.67971801757812,2575500
2013-09-18 00:00:00-04:00,95.81260840909215,98.98661274849488,95.22013018208166,98.39413452148438,6671000
2013-09-19 00:00:00-04:00,97.02298396510491,99.35058766655298,96.94681094358091,98.88507080078125,3291200
2013-09-20 00:00:00-04:00,99.43523296717494,100.13774117661661,98.78350031455278,98.88507080078125,2624800
2013-09-23 00:00:00-04:00,97.48006952950968,98.18258439872193,96.59135173490232,97.260009765625,2022300
2013-09-24 00:00:00-04:00,97.2091967242662,98.08098910818151,96.98913055843815,97.09916687011719,1291200
2013-09-25 00:00:00-04:00,97.37002756074934,97.44620059474654,95.575654088733,96.12581634521484,2426100
2013-09-26 00:00:00-04:00,96.46432947380882,97.10759608506525,95.53328960286224,96.11730194091797,1660200
2013-09-27 00:00:00-04:00,95.66027347864035,96.4305017724782,95.57563463891289,96.29507446289062,1052100
2013-09-30 00:00:00-04:00,95.27938136292813,97.12453620890166,95.16935153332768,96.58283996582031,1709900
2013-10-01 00:00:00-04:00,96.69286533299861,97.60698012258477,96.37970104107748,97.55619812011719,1456300
2013-10-02 00:00:00-04:00,96.92141683115928,97.64085666068728,96.42203669511447,97.5731430053711,1198500
2013-10-03 00:00:00-04:00,97.22610549615979,97.48002197466292,94.62765414188715,96.10885620117188,2162800
2013-10-04 00:00:00-04:00,96.01576182953038,97.31922055608415,95.66873421032116,97.10762023925781,1143100
2013-10-07 00:00:00-04:00,96.27816849707709,96.79447391726828,95.31327132500556,96.22738647460938,1264700
2013-10-08 00:00:00-04:00,96.13427189094492,96.48975892665693,94.76309930780262,94.86466979980469,1164200
2013-10-09 00:00:00-04:00,95.07626434944115,95.76184737043216,94.1621493497666,95.2878646850586,1518900
2013-10-10 00:00:00-04:00,96.40511021427729,97.42925502143304,95.82955706688493,97.38693237304688,1246900
2013-10-11 00:00:00-04:00,96.87910357884216,98.08945784051447,96.49822553142278,98.0725326538086,1041400
2013-10-14 00:00:00-04:00,97.58163172674226,97.74245008147601,96.76908704485213,97.64934539794922,899800
2013-10-15 00:00:00-04:00,98.95278125705447,103.68416152841016,98.90199278681838,101.63587188720703,6195500
2013-10-16 00:00:00-04:00,101.45815296470822,105.25002817444545,101.31425979796394,104.32745361328125,4127600
2013-10-17 00:00:00-04:00,103.24405068265617,106.02870574275775,102.89702299200239,105.96099853515625,4344800
2013-10-18 00:00:00-04:00,106.02867995074632,107.17978614785635,105.55469732518183,107.01897430419922,2023900
2013-10-21 00:00:00-04:00,106.83279936521733,108.22936314482226,106.57887632982333,107.84001922607422,2227800
2013-10-22 00:00:00-04:00,109.07572777782778,111.97889085629896,109.06726841452976,109.76978302001953,4792200
2013-10-23 00:00:00-04:00,108.90646766745051,110.11682839727655,108.55943999039698,109.87983703613281,2649900
2013-10-24 00:00:00-04:00,110.43842816956654,111.7165022843492,110.09141348292451,111.36101531982422,2299400
2013-10-25 00:00:00-04:00,111.69110158167796,112.1904751612129,111.02243743987786,111.7757339477539,2464100
2013-10-28 00:00:00-04:00,111.23403245819237,113.11304395782327,111.07321418069286,112.17353820800781,3100600
2013-10-29 00:00:00-04:00,112.8168048614115,112.9014501433799,111.72495304833681,112.68984985351562,1826700
2013-10-30 00:00:00-04:00,112.61370158021269,113.28235296040337,111.8265416132175,112.41056060791016,2302000
2013-10-31 00:00:00-04:00,111.74191887845384,112.19896996178387,109.87136606107829,110.87858581542969,3417500
2013-11-01 00:00:00-04:00,111.53029914605389,114.04411195525931,111.36948083808221,113.96792602539062,3728600
2013-11-04 00:00:00-05:00,113.96797389356684,115.16140328708507,113.49399104892342,114.36578369140625,2474500
2013-11-05 00:00:00-05:00,113.73096762626663,115.86390306381989,113.24005319694535,115.3052749633789,2670600
2013-11-06 00:00:00-05:00,115.79620400653477,115.94009073267478,111.65730058558377,112.37674713134766,5439500
2013-11-07 00:00:00-05:00,112.61369924226635,112.86762222360798,110.24377294150993,110.49769592285156,2846400
2013-11-08 00:00:00-05:00,110.27764360246461,112.34286528861217,110.26918423705183,112.20745086669922,2676700
2013-11-11 00:00:00-05:00,111.70801338376975,112.71523275757362,111.38638974852026,112.16507720947266,1805000
2013-11-12 00:00:00-05:00,111.55570188729372,115.19523032014189,110.71775989104944,113.95101928710938,4789000
2013-11-13 00:00:00-05:00,113.51934030653136,115.01747425124218,112.85068894988594,114.50962829589844,3447600
2013-11-14 00:00:00-05:00,114.6112244994509,115.53379898883125,114.29804717782557,115.48301696777344,3123700
2013-11-15 00:00:00-05:00,117.19268739648585,118.4453572522952,116.71023263033145,117.3534927368164,3644900
2013-11-18 00:00:00-05:00,117.3027646526916,118.30152500116392,115.77923957921018,116.07548522949219,2965700
2013-11-19 00:00:00-05:00,116.1008530568215,116.227820988046,113.35850847209804,113.41776275634766,2960600
2013-11-20 00:00:00-05:00,113.71402271850624,114.89052003888155,113.57859540744136,113.90869140625,1716000
2013-11-21 00:00:00-05:00,114.53499206075342,117.53124598461629,114.47573779021249,117.1249771118164,2920800
2013-11-22 00:00:00-05:00,116.88799693271103,117.18422956831434,115.05976745933914,116.01620483398438,1680100
2013-11-25 00:00:00-05:00,116.64255448629645,116.78644114934747,115.71152085801492,116.14318084716797,1234500
2013-11-26 00:00:00-05:00,116.21088764372554,117.32813051478675,115.96542406265824,116.64254760742188,1495000
2013-11-27 00:00:00-05:00,117.39584937967822,118.73316488839687,117.23503107770362,118.37767791748047,1358600
2013-11-29 00:00:00-05:00,118.87708422970823,118.96172954298291,117.23506330664706,117.39588165283203,733100
2013-12-02 00:00:00-05:00,117.77673868733784,119.30873592746862,117.42125168221565,118.67393493652344,1953400
2013-12-03 00:00:00-05:00,118.03912804907793,118.49617905710097,116.5325218906409,116.83722686767578,1927300
2013-12-04 00:00:00-05:00,116.51561860763003,118.49619476334577,115.79617225911417,117.40434265136719,1187900
2013-12-05 00:00:00-05:00,116.71871604435621,118.2168497297699,116.52404739169334,116.98957061767578,1161200
2013-12-06 00:00:00-05:00,118.48774257689989,118.64008863731016,117.70905479966042,117.97989654541016,1216500
2013-12-09 00:00:00-05:00,118.34383757416305,118.49618361100597,117.74288696036695,118.33536529541016,1349300
2013-12-10 00:00:00-05:00,118.33539168530663,118.77598385193573,117.11526245386342,117.34403991699219,1538700
2013-12-11 00:00:00-05:00,117.67445494098999,117.77612803657013,115.53076098298399,115.66632080078125,1451900
2013-12-12 00:00:00-05:00,115.70871004880169,116.53060219877163,115.46299571326325,115.52230072021484,1795700
2013-12-13 00:00:00-05:00,116.93730561487209,117.67447446693404,116.0899952006319,116.84410095214844,2583700
2013-12-16 00:00:00-05:00,118.27607465304864,119.44536733034057,117.67449141250913,118.49638366699219,3549800
2013-12-17 00:00:00-05:00,118.45399014442576,118.76749083833195,117.35248409779405,117.8523941040039,2697000
2013-12-18 00:00:00-05:00,117.01362922677382,118.82687386152166,116.38661456655744,118.38626861572266,4825100
2013-12-19 00:00:00-05:00,118.29300005761304,118.64040040868738,116.72547071764446,118.36078643798828,2688900
2013-12-20 00:00:00-05:00,118.21674792221916,121.7839173843685,117.97102067164248,120.91967010498047,3350200
2013-12-23 00:00:00-05:00,121.42807149774858,121.53822600527872,119.99611461558797,120.47908782958984,1461000
2013-12-24 00:00:00-05:00,120.5214133114344,120.64003622799481,119.58936687493959,120.31805419921875,750600
2013-12-26 00:00:00-05:00,120.86882664942294,121.60599550898434,120.59769403715183,121.41958618164062,1246400
2013-12-27 00:00:00-05:00,121.40260224736288,121.89404370603246,120.9450604362856,121.52969360351562,923500
2013-12-30 00:00:00-05:00,121.57216218175708,121.91109429318142,121.04683357022195,121.20782470703125,889300
2013-12-31 00:00:00-05:00,121.17383834265921,122.12283464678953,121.16536989428377,121.81780242919922,1102600
2014-01-02 00:00:00-05:00,121.08065406551874,122.34315124801833,118.25912173927253,118.42858123779297,3360000
2014-01-03 00:00:00-05:00,118.9030631247426,119.59785088962096,118.54719432874198,118.66581726074219,2779600
2014-01-06 00:00:00-05:00,120.91117058320913,121.16536624503335,117.14911098921031,117.53887939453125,2995000
2014-01-07 00:00:00-05:00,118.06421212127957,119.45380047284442,117.76766127860478,119.16571807861328,1702000
2014-01-08 00:00:00-05:00,119.50466240297456,119.79275778732323,118.61499675706509,118.93696594238281,1632800
2014-01-09 00:00:00-05:00,119.05558264508745,120.12320205046497,118.5810908777779,119.90289306640625,1451600
2014-01-10 00:00:00-05:00,119.64022237516565,120.94508759298606,118.9708528675837,120.85188293457031,1714700
2014-01-13 00:00:00-05:00,119.76732266917408,120.95355198289852,118.82680766724619,119.03863525390625,1565200
2014-01-14 00:00:00-05:00,119.42839308296331,121.02134070271295,118.39467340575514,120.91118621826172,2344500
2014-01-15 00:00:00-05:00,120.97895060394234,121.28398279633248,120.26721313134125,120.78407287597656,2692200
2014-01-16 00:00:00-05:00,120.25028626194096,120.74172782843358,119.42839416802246,120.1570816040039,1928100
2014-01-17 00:00:00-05:00,119.14032398590552,120.20793050829568,118.69971892775797,119.05558776855469,2293000
2014-01-21 00:00:00-05:00,120.07236182780804,120.84340446167938,119.3013062650061,120.4451675415039,2509000
2014-01-22 00:00:00-05:00,120.95356800449679,121.02982284285203,120.00458442781418,120.57228088378906,1337100
2014-01-23 00:00:00-05:00,119.98766235100393,120.30964453710743,118.07274492545079,118.82685089111328,1836300
2014-01-24 00:00:00-05:00,117.91171171200446,118.10658947290497,114.0225602984516,114.0310287475586,3089300
2014-01-27 00:00:00-05:00,114.12421646184731,115.04778150567576,111.0654260274022,111.80258178710938,4738700
2014-01-28 00:00:00-05:00,111.83650320350107,114.08187056890193,111.83650320350107,113.82767486572266,3169700
2014-01-29 00:00:00-05:00,112.54822544007963,113.53957691088983,111.4636693218123,111.71786499023438,2647600
2014-01-30 00:00:00-05:00,112.76857907533342,114.24290436233113,112.74316078839685,113.34475708007812,1935900
2014-01-31 00:00:00-05:00,111.71789249551644,114.35302861811525,111.66704300616972,112.96343994140625,1588500
2014-02-03 00:00:00-05:00,112.63298599791317,114.43776161936715,109.32848000124126,109.6758804321289,3184000
2014-02-04 00:00:00-05:00,109.7097441325274,110.93834159494423,108.5997696058833,110.50621795654297,2387000
2014-02-05 00:00:00-05:00,110.02326584926138,110.92988129737712,109.4640378556958,110.12493896484375,2009200
2014-02-06 00:00:00-05:00,110.26899153973545,111.72636668145635,110.2012051460586,110.86210632324219,1908400
2014-02-07 00:00:00-05:00,111.77717431476533,112.75158892662692,110.88749590530188,111.6416015625,2390500
2014-02-10 00:00:00-05:00,111.31115200321837,111.89579818950658,109.59111309717217,110.04866790771484,3602500
2014-02-11 00:00:00-05:00,110.4977518733588,113.353183771346,110.260505996733,112.81937408447266,3256000
2014-02-12 00:00:00-05:00,112.8278563978322,113.37860298836324,111.63314562632625,112.6922836303711,1895700
2014-02-13 00:00:00-05:00,111.77717231959376,112.98035138438148,110.9976484013762,112.7515869140625,1780700
2014-02-14 00:00:00-05:00,112.67537340655576,114.00565741310534,112.58216871228201,113.47184753417969,1436200
2014-02-18 00:00:00-05:00,113.81073236180087,114.19201943332699,112.12458011171704,112.51433563232422,2360500
2014-02-19 00:00:00-05:00,112.13305663204741,113.124408260944,111.00613223451603,111.29422760009766,2780900
2014-02-20 00:00:00-05:00,111.58229378456022,113.12439178414604,111.04848416639297,112.68379974365234,1787000
2014-02-21 00:00:00-05:00,112.8447948518448,114.56484688872878,112.78548984584515,114.30216979980469,1969400
2014-02-24 00:00:00-05:00,114.46313505262974,116.06455085876844,113.9632251234325,114.27672576904297,2243200
2014-02-25 00:00:00-05:00,114.25981145076396,114.2767483497618,112.116117194857,112.55670928955078,2588900
2014-02-26 00:00:00-05:00,112.37877148134963,113.51416420319043,111.80259374274438,112.15846252441406,1588100
2014-02-27 00:00:00-05:00,111.87885537608624,113.40401662528235,111.80260054585898,113.1583023071289,1736100
2014-02-28 00:00:00-05:00,112.85327799715427,113.90393465357441,112.13305896163374,112.9719009399414,1904700
2014-03-03 00:00:00-05:00,111.88735012088225,113.7853172986841,111.88735012088225,113.01427459716797,1614300
2014-03-04 00:00:00-05:00,114.25132754052153,116.63226761894205,114.16660426061813,116.15777587890625,2250100
2014-03-05 00:00:00-05:00,116.28489354756422,116.58992583389617,115.66634759568471,116.00527954101562,1292200
2014-03-06 00:00:00-05:00,116.29332275402429,116.62377320862727,115.39517602761248,116.32720947265625,1581300
2014-03-07 00:00:00-05:00,116.98883717109346,117.56564502048923,116.17453695709402,116.57319641113281,1353800
2014-03-10 00:00:00-04:00,116.23392705731752,117.38753001396728,116.04731386263366,116.9379653930664,1720700
2014-03-11 00:00:00-04:00,116.83616952067605,117.11608928499719,115.96248644252348,116.45445251464844,1483500
2014-03-12 00:00:00-04:00,116.038831784629,117.17546633269752,115.36023955159379,116.87857818603516,1275600
2014-03-13 00:00:00-04:00,117.36212593050745,118.15098049142107,115.25850082499566,115.93708038330078,2286000
2014-03-14 00:00:00-04:00,115.6825843912902,116.84466512222932,115.3772185055528,116.0049057006836,2629200
2014-03-17 00:00:00-04:00,116.8107296700262,117.57413783661897,116.30178226358424,116.70045471191406,3855000
2014-03-18 00:00:00-04:00,116.70894048382667,118.06612503269739,116.50537186164583,117.54022216796875,2578900
2014-03-19 00:00:00-04:00,117.15002357296056,119.74562696546096,116.32723257036135,117.3790512084961,3110400
2014-03-20 00:00:00-04:00,116.23395039230728,116.82771388410877,114.71561139590966,115.78438568115234,3377700
2014-03-21 00:00:00-04:00,116.64106615303695,117.05670694590061,115.37720129638848,116.03033447265625,5017900
2014-03-24 00:00:00-04:00,116.3357314474723,116.3781458977802,114.401751589704,114.46961212158203,3206900
2014-03-25 00:00:00-04:00,114.41023896744339,115.0888183806345,112.40839863515527,113.79950714111328,4336800
2014-03-26 00:00:00-04:00,114.0709242886688,114.77496265153074,112.0436380893228,112.06908416748047,2870700
2014-03-27 00:00:00-04:00,111.96730893105202,112.51018021420694,111.37354548745635,112.06061553955078,3042800
2014-03-28 00:00:00-04:00,112.34053301574247,113.15483345190977,111.97578430175781,111.97578430175781,5019100
2014-03-31 00:00:00-04:00,112.40841323829522,113.01914514396641,111.85705121460839,112.44233703613281,4368000
2014-04-01 00:00:00-04:00,112.815543928439,113.75708770751953,112.62893071506649,113.75708770751953,2513800
2014-04-02 00:00:00-04:00,113.74858407505525,114.68163698622801,113.61286305206204,114.30841064453125,1747800
2014-04-03 00:00:00-04:00,114.25754725817173,115.46204251853263,114.25754725817173,114.76649475097656,1987600
2014-04-04 00:00:00-04:00,115.18211342876825,115.8691963717208,113.54502199132999,113.96066284179688,1586500
2014-04-07 00:00:00-04:00,113.96912467720135,114.52047355403472,112.53560206575114,112.79855346679688,2007500
2014-04-08 00:00:00-04:00,112.8494511628936,113.15481701787456,111.80612321798792,112.73918914794922,2016100
2014-04-09 00:00:00-04:00,113.07849449713353,114.07942108313271,112.77312859973554,113.66378021240234,1640400
2014-04-10 00:00:00-04:00,113.73163102918403,113.92672193659408,111.8485436465072,112.0181884765625,2528300
2014-04-11 00:00:00-04:00,111.09364904018166,112.61198823282486,110.8476529555217,111.3141860961914,1927200
2014-04-14 00:00:00-04:00,112.0606222879459,112.69680021791085,111.25479949860495,111.96731567382812,2115200
2014-04-15 00:00:00-04:00,112.24723229129954,112.80707195992193,110.81370932607221,112.11151123046875,2518400
2014-04-16 00:00:00-04:00,112.43383161773313,113.69769662917618,111.97577632981152,113.45171356201172,2696500
2014-04-17 00:00:00-04:00,113.3414567845168,115.33481949188233,113.3414567845168,114.97856140136719,2152300
2014-04-21 00:00:00-04:00,115.02940159151501,116.02183716876753,114.73251351202549,115.58924102783203,2755300
2014-04-22 00:00:00-04:00,115.81832205176833,116.8616633110815,115.80136662378546,116.23396301269531,2173900
2014-04-23 00:00:00-04:00,116.20850754987144,116.33573796484983,115.3008874461131,115.64019012451172,1793300
2014-04-24 00:00:00-04:00,115.6995603038647,116.28484610043066,115.03793625811373,115.42813110351562,1926700
2014-04-25 00:00:00-04:00,115.3772493849181,115.39420481311203,113.62139183622556,113.8419418334961,1118500
2014-04-28 00:00:00-04:00,113.99458960236709,115.37722029296873,113.25662742668237,114.11334228515625,1812300
2014-04-29 00:00:00-04:00,114.35085066979961,115.12274959984455,113.57895173975467,114.91069030761719,1161200
2014-04-30 00:00:00-04:00,114.97855557664938,116.04732979405158,114.38479212253705,115.57231903076172,1810000
2014-05-01 00:00:00-04:00,115.66562709740343,116.20849839700962,114.8428359638182,115.5638427734375,813000
2014-05-02 00:00:00-04:00,115.45356813354682,116.82770828342201,115.45356813354682,116.16608428955078,966700
2014-05-05 00:00:00-04:00,115.4196607350617,115.75047277898882,114.52051828506077,115.23304748535156,959100
2014-05-06 00:00:00-04:00,114.75797743929628,116.1999906862658,114.55440884391754,114.9276351928711,1411000
2014-05-07 00:00:00-04:00,115.53841181721448,117.62506839011009,115.36875399763159,117.5147933959961,1874300
2014-05-08 00:00:00-04:00,115.1990795017931,116.76832332793889,115.19060179022345,115.95401000976562,2394900
2014-05-09 00:00:00-04:00,115.3602426671102,116.96341022762883,114.69014107009792,116.64956665039062,2138500
2014-05-12 00:00:00-04:00,117.08217350159178,119.04159925929231,116.9888668967931,118.88043212890625,1726700
2014-05-13 00:00:00-04:00,118.99919390675589,119.46572696640146,118.65990419596247,118.87196350097656,1085700
2014-05-14 00:00:00-04:00,118.75320811846856,118.75320811846856,117.82863267588361,118.18489074707031,1682000
2014-05-15 00:00:00-04:00,118.14246183974693,118.19335399467775,116.6750152859343,117.63351440429688,1260700
2014-05-16 00:00:00-04:00,117.7522778813859,118.5581005202986,116.98037903078637,117.2518081665039,2067000
2014-05-19 00:00:00-04:00,117.14153723539482,118.09155855273741,116.9209873273905,117.90494537353516,3897200
2014-05-20 00:00:00-04:00,117.97283400099431,118.30364599876357,116.1830529507368,116.59869384765625,1968400
2014-05-21 00:00:00-04:00,117.31120219387209,118.49025133234089,117.08217453587544,117.94738006591797,1586000
2014-05-22 00:00:00-04:00,117.76924985914957,118.49025665709785,117.34513125872645,118.18489074707031,1550800
2014-05-23 00:00:00-04:00,118.51570489157368,120.39879254712115,118.16792452656878,120.02556610107422,1198100
2014-05-27 00:00:00-04:00,120.46663844758889,121.1621861500555,120.12733583644685,120.65325164794922,1894800
2014-05-28 00:00:00-04:00,120.6532585241901,122.12918290179216,120.61932178960618,121.69658660888672,1491000
2014-05-29 00:00:00-04:00,122.04439977527673,122.65513173132406,121.55242053606774,122.59574890136719,1275500
2014-05-30 00:00:00-04:00,122.46002873298814,122.86719200212988,122.09529286534193,122.28190612792969,943200
2014-06-02 00:00:00-04:00,122.4090693299812,122.98587717293023,121.90861264748443,122.3581771850586,1285500
2014-06-03 00:00:00-04:00,121.98498527696223,122.69750139301696,120.94165718251979,121.25550079345703,1351100
2014-06-04 00:00:00-04:00,121.07739844446321,121.5608869813858,120.77203249474793,121.29793548583984,1091200
2014-06-05 00:00:00-04:00,121.6965523104342,122.1376391342075,120.75500880870618,121.00099182128906,1953400
2014-06-06 00:00:00-04:00,121.1537091101829,121.55238159106581,120.68717610669532,121.0434341430664,2273800
2014-06-09 00:00:00-04:00,121.03498076222833,122.4854592773853,121.03498076222833,121.84928131103516,1661900
2014-06-10 00:00:00-04:00,121.2724470680488,122.06979193302716,121.13672603931425,121.9679946899414,1087800
2014-06-11 00:00:00-04:00,121.35729567826303,121.37425110230937,120.39878355370159,121.08585357666016,1016000
2014-06-12 00:00:00-04:00,120.52601355633418,120.68718068575129,118.0237165520505,118.08309936523438,1594000
2014-06-13 00:00:00-04:00,118.3545537439532,119.34698986792823,117.98132724746868,118.98225402832031,1266600
2014-06-16 00:00:00-04:00,118.60053871324007,119.1603654624747,118.11703726722686,118.28668212890625,1458400
2014-06-17 00:00:00-04:00,118.11680909226611,119.8327131108156,117.47971736357175,119.18711853027344,1857000
2014-06-18 00:00:00-04:00,123.46835070573596,126.8831521679372,123.24748400067203,126.52638244628906,5650700
2014-06-19 00:00:00-04:00,125.68545082245949,126.8492007962025,124.72556188840095,125.37964630126953,3368900
2014-06-20 00:00:00-04:00,125.5835035840309,126.11017483134093,125.43060780884153,125.82135009765625,2758700
2014-06-23 00:00:00-04:00,125.71940166034642,127.14648053867738,125.68542914681231,126.46692657470703,2654200
2014-06-24 00:00:00-04:00,126.09310739254396,128.39512327746638,126.09310739254396,127.14642333984375,3019400
2014-06-25 00:00:00-04:00,126.66228720150974,129.02377202722104,126.41595085422041,128.62452697753906,2022300
2014-06-26 00:00:00-04:00,128.57356638970197,128.84538537029655,127.46078191962394,128.69248962402344,1163000
2014-06-27 00:00:00-04:00,128.51409963058242,128.91334469889108,128.0638893129851,128.6160430908203,1945500
2014-06-30 00:00:00-04:00,128.60749490605573,128.8368514086648,127.97890643753186,128.59051513671875,1433000
2014-07-01 00:00:00-04:00,129.1172509426843,129.830790534463,128.75199125701087,129.44004821777344,1445000
2014-07-02 00:00:00-04:00,129.3465576171875,130.1705302661796,129.18515904199086,129.3465576171875,1236300
2014-07-03 00:00:00-04:00,129.78828835412656,130.595281375163,129.57592449841405,130.48484802246094,660800
2014-07-07 00:00:00-04:00,129.84780826455588,130.05168231358357,128.59061736638418,128.84544372558594,1147900
2014-07-08 00:00:00-04:00,128.582089454649,128.76897072275423,127.2654436498128,128.41220092773438,1207200
2014-07-09 00:00:00-04:00,128.7859634950314,129.4910131954779,128.10639642554509,128.5396270751953,822400
2014-07-10 00:00:00-04:00,127.30789590678971,128.1658542860269,126.92564351130258,127.6391830444336,984300
2014-07-11 00:00:00-04:00,127.54574484397543,128.539619237475,127.35037369797242,127.96198272705078,839100
2014-07-14 00:00:00-04:00,128.81992805826215,129.04079479515843,128.25079439920236,128.32725524902344,1149100
2014-07-15 00:00:00-04:00,127.06157256783797,129.68638730988278,127.06157256783797,129.0323028564453,1193500
2014-07-16 00:00:00-04:00,129.45697009210622,131.24083123530755,129.32955699401668,131.13890075683594,1424700
2014-07-17 00:00:00-04:00,130.264023868697,131.9289496171472,128.88789695715778,129.0323028564453,1811900
2014-07-18 00:00:00-04:00,128.5565811821605,130.09409343081524,128.46314056674527,129.8562469482422,1032400
2014-07-21 00:00:00-04:00,129.56750765712056,130.23008222355273,129.18525509366637,129.41461181640625,1030500
2014-07-22 00:00:00-04:00,129.87320528168544,130.7566329884073,129.81375015762288,130.21298217773438,1314300
2014-07-23 00:00:00-04:00,130.3574265898833,130.7226861768443,129.62689445430095,129.69483947753906,966600
2014-07-24 00:00:00-04:00,129.99218735257926,130.17906861852427,129.39757103441954,129.54197692871094,1009900
2014-07-25 00:00:00-04:00,129.11725892837907,129.46553885602486,128.09791473969847,128.1488800048828,1269600
2014-07-28 00:00:00-04:00,128.1828002171497,128.65850607528822,125.97422420325917,127.01905059814453,1652200
2014-07-29 00:00:00-04:00,126.14414399115957,127.29940401015116,124.90393323599376,124.98888397216797,1706200
2014-07-30 00:00:00-04:00,125.17574590918531,127.70711932433095,125.17574590918531,126.8746566772461,1390600
2014-07-31 00:00:00-04:00,125.77892083637774,126.6623491252711,124.56419235727478,124.76806640625,1519800
2014-08-01 00:00:00-04:00,124.55565463952732,125.71091455012937,123.96102546542261,124.65758514404297,1709100
2014-08-04 00:00:00-04:00,125.1332551926163,126.63679466711652,124.82745077342405,126.42443084716797,1444000
2014-08-05 00:00:00-04:00,125.58344869672038,126.1865675680269,124.14786739155988,124.73399353027344,860700
2014-08-06 00:00:00-04:00,123.8760635097324,124.37723900795204,123.23897205759121,123.57025909423828,1098000
2014-08-07 00:00:00-04:00,124.8359657000666,126.06767338260907,123.94403497765302,124.0374755859375,1659200
2014-08-08 00:00:00-04:00,124.2158610311126,125.65144274852643,123.69769271231223,125.59198760986328,825500
2014-08-11 00:00:00-04:00,126.40743988191863,126.6283065532188,125.48153672477915,125.95722961425781,790900
2014-08-12 00:00:00-04:00,125.99128910309446,126.73031149329867,125.72794692016723,126.084716796875,495400
2014-08-13 00:00:00-04:00,126.56885059587434,127.13798414046997,126.50089261062496,126.86616516113281,622500
2014-08-14 00:00:00-04:00,127.11248779296875,127.18044577088128,126.23754989004061,127.11248779296875,529000
2014-08-15 00:00:00-04:00,127.45233718582179,127.62223870803268,125.29472524740642,126.33106231689453,1071500
2014-08-18 00:00:00-04:00,126.81516636807197,127.80053755176561,126.76420112782199,127.77505493164062,1066900
2014-08-19 00:00:00-04:00,127.85158325494267,127.92804412509625,127.34191757002846,127.41836547851562,1062800
2014-08-20 00:00:00-04:00,127.5541928339738,128.23375956974255,127.40978700889227,127.95343780517578,1476600
2014-08-21 00:00:00-04:00,128.2932329617365,128.32721843227617,127.41829503939869,127.885498046875,817400
2014-08-22 00:00:00-04:00,128.0384320953088,128.0384320953088,126.60285013439612,126.95963287353516,1075900
2014-08-25 00:00:00-04:00,127.52874626328496,127.87701313437937,127.1209983295737,127.23992156982422,619500
2014-08-26 00:00:00-04:00,127.41833358648805,127.74962073534638,126.72177380795026,126.80672454833984,609100
2014-08-27 00:00:00-04:00,126.78127518186204,127.24847845325749,126.52643585549484,126.65386199951172,696600
2014-08-28 00:00:00-04:00,126.39047576136578,126.56886711613727,124.8954387757225,125.60897827148438,1364300
2014-08-29 00:00:00-04:00,126.05923086057904,126.1356917306104,125.42213903420482,125.61752319335938,1227400
2014-09-02 00:00:00-04:00,126.33100076158469,127.90249834465246,126.0336862042497,127.7580795288086,1416900
2014-09-03 00:00:00-04:00,127.82607095765518,129.2956384309046,127.73263032618651,128.87091064453125,1479300
2014-09-04 00:00:00-04:00,129.30404695260182,131.01994975904077,128.85383681928522,129.15113830566406,1748300
2014-09-05 00:00:00-04:00,128.73499510079495,130.2640177295198,127.50328710825617,130.22154235839844,1208100
2014-09-08 00:00:00-04:00,129.74519248447638,130.34909940600855,129.1923303701133,129.62611389160156,1349200
2014-09-09 00:00:00-04:00,129.447507822368,129.62611922973903,128.17166014105723,128.43533325195312,1001600
2014-09-10 00:00:00-04:00,128.39281063177722,128.49488727827023,127.5932772903207,128.231201171875,993200
2014-09-11 00:00:00-04:00,127.65281242587471,130.12795999454292,127.59326663884178,129.7366943359375,1029100
2014-09-12 00:00:00-04:00,130.2895690297816,131.06358646430846,129.74520782960116,130.79141235351562,1564600
2014-09-15 00:00:00-04:00,130.98704023163563,131.2592273241802,129.29441081868592,131.02105712890625,1684600
2014-09-16 00:00:00-04:00,131.67594990471008,131.88859112940696,130.17896035513672,131.54837036132812,2224400
2014-09-17 00:00:00-04:00,135.83523604319103,137.4938352968518,135.40995351770917,135.84375,4338900
2014-09-18 00:00:00-04:00,135.9202675896175,137.15358404421966,134.97614007333232,135.18026733398438,3393100
2014-09-19 00:00:00-04:00,136.16700377149274,136.31159832356624,134.67001342773438,134.67001342773438,4271100
2014-09-22 00:00:00-04:00,134.3977669326531,135.11225137487867,134.2276565334914,134.2701873779297,1621300
2014-09-23 00:00:00-04:00,134.04059308755234,135.23989337003684,133.93002841527473,134.3893280029297,1357700
2014-09-24 00:00:00-04:00,134.70403701138613,135.69919696284185,134.21922148669648,135.50357055664062,1497300
2014-09-25 00:00:00-04:00,135.48649939571527,135.68213869933538,133.57272805734397,133.6748046875,1132900
2014-09-26 00:00:00-04:00,134.02357829909423,136.38814875508106,133.98104743908945,135.9033203125,1239400
2014-09-29 00:00:00-04:00,135.1038165841604,138.23390427292372,134.84014336416928,137.9447021484375,2055100
2014-09-30 00:00:00-04:00,137.97019890131565,139.35661147344686,137.19618138657856,137.32376098632812,2875900
2014-10-01 00:00:00-04:00,136.9409629401701,137.27268276603675,134.08306406401417,134.5083465576172,2429500
2014-10-02 00:00:00-04:00,134.52537812337786,135.53755265986766,133.28354737794328,135.26536560058594,1747200
2014-10-03 00:00:00-04:00,136.79637712915513,138.84624199324233,136.2775319348964,138.42095947265625,1990300
2014-10-06 00:00:00-04:00,138.87177678783337,140.4878453943516,135.23985993421013,135.44400024414062,2687200
2014-10-07 00:00:00-04:00,134.8911566059221,135.2398915165199,132.71371137254616,132.73922729492188,1734400
2014-10-08 00:00:00-04:00,132.84124868546212,136.4561502950763,131.94816572949082,136.3030548095703,2137500
2014-10-09 00:00:00-04:00,135.66511163699388,136.38809704718557,132.87525959584957,133.12191772460938,1450800
2014-10-10 00:00:00-04:00,132.82425417504024,134.21066651524757,130.55324682922694,131.6249542236328,2129700
2014-10-13 00:00:00-04:00,131.92269018761812,133.34313275619303,128.5289297891158,128.65650939941406,1992400
2014-10-14 00:00:00-04:00,130.03436891523322,132.11825037018951,129.8047127531943,130.74884033203125,2605800
2014-10-15 00:00:00-04:00,128.52890131400542,131.3697858217676,126.57259885839521,130.8339385986328,2644600
2014-10-16 00:00:00-04:00,129.01367713547404,131.3187137131403,128.0440336736292,129.226318359375,2743800
2014-10-17 00:00:00-04:00,130.34055851982933,133.24097471078764,130.15343321994953,132.79017639160156,2613200
2014-10-20 00:00:00-04:00,132.45001135635016,132.81574815537354,130.99553918260457,132.5775909423828,1691000
2014-10-21 00:00:00-04:00,133.5642567115507,136.88145590923799,133.2920825874664,135.98837280273438,2670300
2014-10-22 00:00:00-04:00,136.7198490551782,137.16213359561633,134.77204756272334,134.7890625,1872100
2014-10-23 00:00:00-04:00,136.89844890480717,139.0503775483857,136.59224495267065,138.21682739257812,2368900
2014-10-24 00:00:00-04:00,138.72717001577684,139.9009410030716,138.36992126030324,139.39060974121094,1571100
2014-10-27 00:00:00-04:00,139.28000302552917,140.6834299256479,138.65058032429678,140.53033447265625,1530000
2014-10-28 00:00:00-04:00,141.04074217692101,143.1246245351918,140.87913269575046,143.06507873535156,1579100
2014-10-29 00:00:00-04:00,143.06508219010763,143.10761305122108,139.16099054179043,140.9982147216797,1827400
2014-10-30 00:00:00-04:00,140.50482556010022,141.8061888896911,139.41610346709075,140.58987426757812,1670300
2014-10-31 00:00:00-04:00,142.88647169462314,143.7455379890082,142.06142230219731,142.38462829589844,2245600
2014-11-03 00:00:00-05:00,142.17196194394083,142.57172860923185,140.94715901003465,142.21449279785156,1550800
2014-11-04 00:00:00-05:00,142.6652558691279,143.43927309087493,141.95928540102145,142.0103302001953,2429300
2014-11-05 00:00:00-05:00,143.74557774763807,144.15384557705525,142.21455716407334,144.10281372070312,1522700
2014-11-06 00:00:00-05:00,144.1707821111535,146.22914806232993,143.97515577533326,146.04202270507812,1547900
2014-11-07 00:00:00-05:00,146.22065054486782,146.22065054486782,144.28986411948176,145.63375854492188,1238100
2014-11-10 00:00:00-05:00,145.43812600214122,146.25466120138836,144.6470937381155,146.0760498046875,1091000
2014-11-11 00:00:00-05:00,146.1185666239962,147.04569240742347,145.55720354552517,146.5863800048828,1383200
2014-11-12 00:00:00-05:00,146.01658907138014,146.40785494209285,145.00441397186302,146.12716674804688,906100
2014-11-13 00:00:00-05:00,146.31422450997138,146.68847526219716,144.9873449183306,145.9314727783203,1552100
2014-11-14 00:00:00-05:00,145.56569211746768,146.8925714275537,145.25098722378087,145.9229278564453,1062200
2014-11-17 00:00:00-05:00,145.66778148342843,145.97398545355935,145.12342031192836,145.7188262939453,848000
2014-11-18 00:00:00-05:00,145.6933340976816,146.98619707262273,145.60828534925227,146.2972412109375,1032100
2014-11-19 00:00:00-05:00,146.29722678962816,146.29722678962816,144.83425348344417,146.02503967285156,893700
2014-11-20 00:00:00-05:00,145.52314302453203,146.82450625997953,144.95326610915092,146.72244262695312,1092100
2014-11-21 00:00:00-05:00,149.29963921867557,150.21825076572352,147.88769852718028,148.38954162597656,2068200
2014-11-24 00:00:00-05:00,149.13807318064835,150.08220090800475,148.92543191753737,149.2996826171875,1868600
2014-11-25 00:00:00-05:00,149.23161229133095,149.60586293188553,148.3385165315695,148.7297821044922,1964000
2014-11-26 00:00:00-05:00,149.06152565403494,149.26566593920688,148.4406167988686,148.91693115234375,765800
2014-11-28 00:00:00-05:00,151.85993023812554,152.92313691414148,150.97534799426302,151.55372619628906,1813200
2014-12-01 00:00:00-05:00,152.07252910749452,152.2256375749562,149.46130098924812,151.14541625976562,1989600
2014-12-02 00:00:00-05:00,154.0543347438884,155.16007188336877,152.90607973559887,153.4334259033203,3416800
2014-12-03 00:00:00-05:00,153.69713360982743,153.69713360982743,152.66795695526912,153.13575744628906,1695800
2014-12-04 00:00:00-05:00,153.31438283200697,153.73966544735237,152.5403653572155,153.2548370361328,1431400
2014-12-05 00:00:00-05:00,153.31434914218664,154.9559334469666,153.2718182942789,154.82835388183594,1246300
2014-12-08 00:00:00-05:00,155.61095390500512,156.08726850315128,154.1734961493572,154.4031524658203,1885300
2014-12-09 00:00:00-05:00,152.92310913764427,153.10173353735289,150.15027130253966,152.0555419921875,2240900
2014-12-10 00:00:00-05:00,152.7622551995172,152.93256911731564,150.17364736238986,150.25880432128906,2079600
2014-12-11 00:00:00-05:00,151.47648327842268,152.08957706246048,150.32692918506956,150.616455078125,2082700
2014-12-12 00:00:00-05:00,150.1906987838412,151.99591218249302,149.30511308376845,149.68829345703125,1858500
2014-12-15 00:00:00-05:00,150.56535267318512,152.39611036948926,148.81121545164436,150.09701538085938,2486000
2014-12-16 00:00:00-05:00,150.47174267789794,151.6553521088018,148.38551330566406,148.38551330566406,2784300
2014-12-17 00:00:00-05:00,144.5792221253555,144.75804660578794,139.28279260910784,142.86767578125,8744900
2014-12-18 00:00:00-05:00,145.56697318874404,148.48768615722656,144.7580338335943,148.48768615722656,3803000
2014-12-19 00:00:00-05:00,148.3344216916979,149.62022208926825,146.76763180950897,148.35145568847656,3857200
2014-12-22 00:00:00-05:00,149.21996045490235,150.78674984186063,148.44507626055622,150.60792541503906,1897700
2014-12-23 00:00:00-05:00,151.32318311009757,151.85963030852153,149.93520540465897,150.66751098632812,999200
2014-12-24 00:00:00-05:00,150.75269881735343,151.5020386054657,150.13109448937658,150.22476196289062,571700
2014-12-26 00:00:00-05:00,150.3610059900366,150.85488784465844,149.33918728773926,149.78196716308594,740800
2014-12-29 00:00:00-05:00,148.98154145250865,149.816025154515,148.63241607963346,149.45838928222656,778800
2014-12-30 00:00:00-05:00,148.69201360517314,150.28436050725568,148.25774426449357,149.01559448242188,765900
2014-12-31 00:00:00-05:00,149.61166321369154,150.1055450584171,147.74683729797252,147.87457275390625,854200
2015-01-02 00:00:00-05:00,147.9767738621283,148.70907974734646,145.03903982011445,146.84425354003906,1249700
2015-01-05 00:00:00-05:00,146.30776146488077,146.40141592824412,144.20451193623487,144.5876922607422,1726100
2015-01-06 00:00:00-05:00,146.81868895646082,147.58506272765516,144.40038166381316,144.57919311523438,2612500
2015-01-07 00:00:00-05:00,146.43553412512594,146.75059158994216,144.80062131828154,145.64361572265625,1835800
2015-01-08 00:00:00-05:00,147.46587395198424,149.32218985965102,146.85279297498252,149.04969787597656,1819500
2015-01-09 00:00:00-05:00,148.59837147485786,149.21146535041925,146.75910284130458,147.0230712890625,1396200
2015-01-12 00:00:00-05:00,148.21519493162498,149.01562378973944,146.87831866319672,146.94644165039062,1884700
2015-01-13 00:00:00-05:00,148.1044909421561,148.78570780941385,144.84318906503782,146.03530883789062,1736400
2015-01-14 00:00:00-05:00,144.75799693039977,147.278494829223,143.9149898001614,147.09967041015625,1928900
2015-01-15 00:00:00-05:00,147.55947043481484,148.55575740167413,146.52914147607822,148.0363311767578,2218200
2015-01-16 00:00:00-05:00,147.19332322473656,150.63344838667007,147.19332322473656,150.5142364501953,2588900
2015-01-20 00:00:00-05:00,151.83417392351237,152.821937931118,150.88898841493233,152.5324249267578,2596300
2015-01-21 00:00:00-05:00,152.37056372939432,153.63931665699837,151.1358657893297,152.15768432617188,1615400
2015-01-22 00:00:00-05:00,152.87301291889307,154.54199377851245,151.8341600049414,154.46534729003906,1537400
2015-01-23 00:00:00-05:00,151.19544985686636,153.90328234631602,149.4839043069144,149.87559509277344,3340200
2015-01-26 00:00:00-05:00,149.81604432603524,151.519079931891,149.1603719797042,150.42913818359375,1393800
2015-01-27 00:00:00-05:00,149.47541444378976,149.51799292829938,147.83199148537798,148.06190490722656,1388000
2015-01-28 00:00:00-05:00,149.3817899279423,149.5435804197221,145.73729408781313,145.9927520751953,1220700
2015-01-29 00:00:00-05:00,146.58032504876797,147.5170001549644,144.80065534012985,147.21896362304688,1640600
2015-01-30 00:00:00-05:00,146.09487627622983,147.85751089639538,143.80429192533362,144.00013732910156,2194600
2015-02-02 00:00:00-05:00,144.16199132895272,145.86502722653483,143.0805598959109,145.82244873046875,1474800
2015-02-03 00:00:00-05:00,147.32959630595323,148.15556951560262,145.3966474860711,147.28701782226562,1649500
2015-02-04 00:00:00-05:00,146.58029431859566,147.49142473025563,145.75432089624064,146.52920532226562,1442300
2015-02-05 00:00:00-05:00,147.0741279835663,148.30882596431175,146.9719500244538,147.6276092529297,1149700
2015-02-06 00:00:00-05:00,148.24072345894524,148.9985737442852,146.74205688151167,147.52545166015625,1056600
2015-02-09 00:00:00-05:00,146.70802248813402,147.48290694415294,145.57551504396218,146.154541015625,1210500
2015-02-10 00:00:00-05:00,147.26998728197083,147.94269355786693,145.4221953861542,147.56802368164062,1497900
2015-02-11 00:00:00-05:00,147.64473522694496,149.00716949850977,147.27006515260783,148.09603881835938,1385600
2015-02-12 00:00:00-05:00,148.76863357883155,150.5568125983063,148.32584082457413,150.12254333496094,2116200
2015-02-13 00:00:00-05:00,149.74789244630654,151.12734686305956,149.5265025377931,150.26731872558594,1674100
2015-02-17 00:00:00-05:00,150.3780338150037,152.9921864462124,150.3013873457997,152.88148498535156,1527600
2015-02-18 00:00:00-05:00,152.75378502647203,153.31578992006453,152.28544761514493,153.08587646484375,1270700
2015-02-19 00:00:00-05:00,153.24762089974064,153.27316538785513,152.09806696208085,152.1236114501953,1697900
2015-02-20 00:00:00-05:00,151.61273027514565,152.310968038206,150.65902160832277,151.99591064453125,1430200
2015-02-23 00:00:00-05:00,151.9959387916323,152.2599072506887,151.05075344244648,151.8256378173828,956500
2015-02-24 00:00:00-05:00,151.50206507641826,152.07258051727527,151.0933401174568,151.39988708496094,1136400
2015-02-25 00:00:00-05:00,151.57870123572224,151.62127973062232,149.2710949338476,149.56060791015625,1419400
2015-02-26 00:00:00-05:00,149.43288399606627,149.84160895832485,147.6702356704154,148.67503356933594,1893900
2015-02-27 00:00:00-05:00,150.76970683067896,151.61271394704195,150.07997964144,150.7015838623047,2398200
2015-03-02 00:00:00-05:00,150.701622075399,151.69789637838153,149.91822723014258,150.54835510253906,1535300
2015-03-03 00:00:00-05:00,150.29289422033605,150.30992821469826,148.8623505290492,149.99485778808594,1282200
2015-03-04 00:00:00-05:00,149.49246065931348,149.6797956119697,148.51322040117174,148.69203186035156,1035300
2015-03-05 00:00:00-05:00,149.30514567621972,149.30514567621972,147.75538985248346,148.86236572265625,932200
2015-03-06 00:00:00-05:00,148.189621712788,149.1944193377298,147.31255953650074,147.47434997558594,1132300
2015-03-09 00:00:00-04:00,147.3549798896075,148.48879613310987,147.17594874117904,147.4061279296875,1539100
2015-03-10 00:00:00-04:00,145.9654536899371,146.68155254336511,144.92539978027344,144.92539978027344,1478400
2015-03-11 00:00:00-04:00,144.92534791213586,146.91167924155653,144.92534791213586,146.2552490234375,1351800
2015-03-12 00:00:00-04:00,146.60476621678677,148.01992262241023,146.60476621678677,147.977294921875,987900
2015-03-13 00:00:00-04:00,147.98585776265188,149.02591151532212,146.91170964464973,147.7556915283203,1150600
2015-03-16 00:00:00-04:00,148.51439785723818,151.28502970635344,148.51439785723818,151.16567993164062,1796700
2015-03-17 00:00:00-04:00,150.7991749102367,152.25695998814896,149.79322814941406,149.79322814941406,2721100
2015-03-18 00:00:00-04:00,146.63036160864084,148.4547155873991,145.36012879316698,147.73861694335938,4244300
2015-03-19 00:00:00-04:00,147.98584538780835,149.2987059859566,147.0566211644356,148.20750427246094,2095900
2015-03-20 00:00:00-04:00,148.42068629127667,148.6252785603198,146.52812975369494,146.66452026367188,2701600
2015-03-23 00:00:00-04:00,146.775320530116,146.869096304145,145.4709930419922,145.4709930419922,1754200
2015-03-24 00:00:00-04:00,145.1725929258898,145.3516241102573,144.2092742919922,144.2092742919922,1237400
2015-03-25 00:00:00-04:00,144.70371399574887,144.7548620414554,140.96123022313708,141.0294189453125,1978400
2015-03-26 00:00:00-04:00,140.04906351511556,142.05244893329007,139.46936825003195,141.08059692382812,1752700
2015-03-27 00:00:00-04:00,140.7055112851139,141.19143084592477,140.24515274523714,140.3133544921875,917100
2015-03-30 00:00:00-04:00,140.70548826669562,142.69181991915875,140.64580686982006,142.1547393798828,1529600
2015-03-31 00:00:00-04:00,141.51538767515905,141.91606481344581,140.66288533976652,141.0465087890625,1568200
2015-04-01 00:00:00-04:00,140.67994726994445,141.94164715795424,140.04909082186253,141.72000122070312,1611200
2015-04-02 00:00:00-04:00,142.12062681835195,142.20586922106523,141.25959139634725,141.70289611816406,1642500
2015-04-06 00:00:00-04:00,140.97827718980008,142.58950574219614,140.66285555510288,142.08653259277344,1270600
2015-04-07 00:00:00-04:00,147.26981306824857,148.19903771036854,145.53071361870147,145.91433715820312,5488700
2015-04-08 00:00:00-04:00,145.8461061813619,146.5366310157839,144.3371733528614,146.49400329589844,3196100
2015-04-09 00:00:00-04:00,146.17002697488292,147.8664979584853,145.85459232820324,147.4146728515625,1944100
2015-04-10 00:00:00-04:00,147.74716753881938,148.76164732970747,147.0736964636072,148.65081787109375,2235100
2015-04-13 00:00:00-04:00,148.0284603418022,149.4436169136033,147.49137986991576,147.59368896484375,1397700
2015-04-14 00:00:00-04:00,146.6389188375229,147.59373027793305,145.86315161539054,146.2041473388672,1816200
2015-04-15 00:00:00-04:00,146.27232673951863,146.93727740442236,144.34567648071447,144.51617431640625,2058000
2015-04-16 00:00:00-04:00,144.5588236625545,145.14703933250294,143.80008411509095,144.27749633789062,1760400
2015-04-17 00:00:00-04:00,143.41640873303237,143.71478963819598,142.64916213139492,143.2203369140625,1642400
2015-04-20 00:00:00-04:00,143.46759308488112,144.92537760674745,143.46759308488112,144.1240234375,1244000
2015-04-21 00:00:00-04:00,144.43945287598592,145.30900883074153,144.14108488738165,144.84866333007812,1086500
2015-04-22 00:00:00-04:00,144.74636263423716,145.59034461073634,143.8000845423392,144.9339141845703,1053900
2015-04-23 00:00:00-04:00,144.11545993380483,145.7181547841206,144.11545993380483,145.01058959960938,1050400
2015-04-24 00:00:00-04:00,144.69521517252716,145.13852002133626,144.0814124613001,144.8827667236328,949300
2015-04-27 00:00:00-04:00,145.23229460340406,145.44542018171333,143.95354113354836,144.0984649658203,1472100
2015-04-28 00:00:00-04:00,144.30303743500966,146.5962702181654,143.6551274988616,145.9824676513672,1521100
2015-04-29 00:00:00-04:00,144.78894303990606,145.72670048514652,143.8341449197694,144.55877685546875,1115300
2015-04-30 00:00:00-04:00,143.55281768619724,144.8827187844301,143.52724366570422,144.55877685546875,1818800
2015-05-01 00:00:00-04:00,144.92539737671083,146.57072064419165,144.86571596917153,146.4002227783203,1163900
2015-05-04 00:00:00-04:00,146.29792518779246,147.89210038028023,146.2126697516383,146.91172790527344,1041100
2015-05-05 00:00:00-04:00,146.20417425517593,146.9117528694012,144.50768964939564,144.76344299316406,1167000
2015-05-06 00:00:00-04:00,145.51359404313658,145.58179577610449,143.6125178912018,144.55026245117188,1045200
2015-05-07 00:00:00-04:00,144.81457935749023,147.15044062984757,144.56735938365762,146.4087677001953,1148700
2015-05-08 00:00:00-04:00,147.4743791659099,148.41212390123013,147.29534795737305,147.78128051757812,1236400
2015-05-11 00:00:00-04:00,148.34389714103415,149.17082528225083,147.27826943412097,148.50587463378906,1327500
2015-05-12 00:00:00-04:00,147.61928123921416,148.07962669478758,147.00547862634895,147.84092712402344,1126200
2015-05-13 00:00:00-04:00,147.47440326847362,147.90917483433034,146.34909379239022,146.57073974609375,1213800
2015-05-14 00:00:00-04:00,147.34650441343942,148.3354102705332,146.72418133447252,147.8665313720703,1478000
2015-05-15 00:00:00-04:00,148.5144452662771,149.43513638902357,147.90916285320364,149.30726623535156,1492200
2015-05-18 00:00:00-04:00,149.30725717598418,151.25948178312962,149.19642771075712,151.04635620117188,1558000
2015-05-19 00:00:00-04:00,151.32762502213512,152.3421044813276,150.8928536859733,151.72830200195312,1237000
2015-05-20 00:00:00-04:00,151.49817440162218,152.41886534695507,151.02076223421616,151.33619689941406,941300
2015-05-21 00:00:00-04:00,150.81617867918322,151.10602632705007,149.59709367715743,150.50927734375,1112300
2015-05-22 00:00:00-04:00,150.44959464686545,150.65419987144458,148.91508798290238,149.34133911132812,775000
2015-05-26 00:00:00-04:00,149.187818506735,149.22191285595255,148.1477652456364,148.42909240722656,953600
2015-05-27 00:00:00-04:00,148.87246416766993,150.79911446733547,148.26718187875326,150.60304260253906,808800
2015-05-28 00:00:00-04:00,150.13421620378142,150.1683105802856,148.8043143814682,149.273193359375,1300300
2015-05-29 00:00:00-04:00,148.77874231953467,149.0856437447647,147.48293485654605,147.6704864501953,1158200
2015-06-01 00:00:00-04:00,148.2245578186866,150.02333803522555,147.41468330590828,149.50331115722656,1272000
2015-06-02 00:00:00-04:00,148.79573735564227,150.5945176278715,147.56814503948502,149.80169677734375,1001400
2015-06-03 00:00:00-04:00,150.46666100426953,153.6976391062129,149.80171022858565,153.38221740722656,1930900
2015-06-04 00:00:00-04:00,152.5126432562668,153.441880570192,152.40182681226418,153.13497924804688,1355000
2015-06-05 00:00:00-04:00,153.04117862928922,156.0334562781535,152.2568782685423,155.3599853515625,1940400
2015-06-08 00:00:00-04:00,155.08719150464916,155.1553932384793,153.14348761901695,153.3566131591797,1617700
2015-06-09 00:00:00-04:00,153.40775876467495,154.81439511224042,152.59788432658294,153.76580810546875,991300
2015-06-10 00:00:00-04:00,153.74022858197665,156.7751340356954,153.18610740946002,155.42819213867188,1869400
2015-06-11 00:00:00-04:00,157.10769399287196,157.87495411609495,155.87156785941806,157.6959228515625,1918600
2015-06-12 00:00:00-04:00,156.90304756632165,157.55947796558783,155.80331233823844,156.5449981689453,1680000
2015-06-15 00:00:00-04:00,155.6072338999191,156.2380902448054,154.6865299133899,155.7180633544922,1408000
2015-06-16 00:00:00-04:00,155.38513013444705,156.6485590066816,153.52412140652567,155.47903442382812,2428100
2015-06-17 00:00:00-04:00,151.97896067556775,152.70458582338534,148.97403681683443,150.8691864013672,4032200
2015-06-18 00:00:00-04:00,150.72406676660657,153.82289496034036,150.72406676660657,152.28628540039062,2986600
2015-06-19 00:00:00-04:00,151.40706580686975,152.24365961099323,150.19485473632812,150.19485473632812,2448700
2015-06-22 00:00:00-04:00,150.8948046112725,151.65457089424757,150.2460196702308,150.48504638671875,1732600
2015-06-23 00:00:00-04:00,150.84357582321093,150.95455715731734,149.10209372219114,149.62283325195312,1532500
2015-06-24 00:00:00-04:00,149.39234964676984,150.05821164883142,147.18987801457425,148.04354858398438,1750000
2015-06-25 00:00:00-04:00,148.22276905907498,148.55569993415074,147.33494470822353,147.51422119140625,1527400
2015-06-26 00:00:00-04:00,148.2569451010634,148.63256218223844,147.83010987717847,148.2484130859375,1678900
2015-06-29 00:00:00-04:00,146.5069302132746,147.78743599099502,145.71302288355753,145.99473571777344,2335800
2015-06-30 00:00:00-04:00,147.10454385473136,147.54844324780504,145.08988044638167,145.46548461914062,1551800
2015-07-01 00:00:00-04:00,146.92528323142298,147.22407322450528,144.81671529436645,144.9618377685547,1412100
2015-07-02 00:00:00-04:00,145.29477866261396,146.2765079732569,145.08136094629813,146.0886993408203,1182000
2015-07-06 00:00:00-04:00,145.1240650318287,146.1655446582536,143.32281876245307,144.05697631835938,1945300
2015-07-07 00:00:00-04:00,144.58624477622698,145.74723779041497,143.21183402432786,145.414306640625,1754300
2015-07-08 00:00:00-04:00,143.6898728433819,145.1069564473241,142.2813082319571,142.5544891357422,1338400
2015-07-09 00:00:00-04:00,144.08251864235925,144.95326627635063,142.93860319780896,143.16909790039062,1321300
2015-07-10 00:00:00-04:00,145.12400369739845,145.5081528666956,143.31422617254444,143.80935668945312,1490300
2015-07-13 00:00:00-04:00,144.85940504220434,146.18259743221427,144.40696054495973,145.9521026611328,1327400
2015-07-14 00:00:00-04:00,145.97764004710228,146.73740619063585,145.20079684810258,146.18252563476562,1207400
2015-07-15 00:00:00-04:00,146.18257812966024,146.81428612301247,144.29596011544942,144.38133239746094,1389600
2015-07-16 00:00:00-04:00,145.34594610854919,145.559363750388,144.64594301682703,144.68862915039062,1043300
2015-07-17 00:00:00-04:00,144.68863510834956,145.81547353015003,144.54351266904084,145.32034301757812,1394000
2015-07-20 00:00:00-04:00,145.63627589113557,145.63627589113557,144.6972325931164,145.3033447265625,1016600
2015-07-21 00:00:00-04:00,145.46542987444707,146.80569864500964,145.0812808024817,145.60202026367188,933600
2015-07-22 00:00:00-04:00,145.7301392037275,145.97769798935343,143.06667761081547,143.84352111816406,1311700
2015-07-23 00:00:00-04:00,144.14233700592956,144.1764781105748,142.19596839154505,142.4435272216797,1076600
2015-07-24 00:00:00-04:00,142.52885271239734,143.04959231260753,139.37026099172374,140.09588623046875,1579700
2015-07-27 00:00:00-04:00,138.93487327397344,140.95806818190817,138.6190193586528,140.63368225097656,2177100
2015-07-28 00:00:00-04:00,142.08495359429355,144.82522925064256,141.87153591898993,144.63742065429688,1854200
2015-07-29 00:00:00-04:00,144.52640818432502,147.34352324321878,144.38981778760817,146.73741149902344,1261800
2015-07-30 00:00:00-04:00,145.55931686518701,146.6007956639745,145.26054007843726,146.20811462402344,928000
2015-07-31 00:00:00-04:00,144.27886289342885,147.22403687353207,142.91299775396985,146.33621215820312,1199700
2015-08-03 00:00:00-04:00,146.37038449529916,146.79721984687933,144.74840234370586,145.81549072265625,793000
2015-08-04 00:00:00-04:00,145.95203983846304,146.72033804338903,144.9959330899369,145.2008056640625,912700
2015-08-05 00:00:00-04:00,145.78983723114243,147.68498665691044,145.78983723114243,146.22520446777344,848700
2015-08-06 00:00:00-04:00,146.950833735229,146.99351986379395,144.68861220704034,144.7825164794922,1000800
2015-08-07 00:00:00-04:00,144.36426703237987,144.5862167472184,141.73495945036936,142.5544891357422,1410600
2015-08-10 00:00:00-04:00,143.74108164062986,145.11549203653803,143.6386322953945,144.61181640625,1059400
2015-08-11 00:00:00-04:00,143.61299042206392,146.04595665663425,143.16054608069842,143.78372192382812,1538900
2015-08-12 00:00:00-04:00,143.24591403240518,143.24591403240518,140.16416297351012,141.12026977539062,2306500
2015-08-13 00:00:00-04:00,141.39347282484079,141.77762200914805,139.62636834065492,139.6605224609375,1924100
2015-08-14 00:00:00-04:00,140.3178642118745,141.19714408743047,139.57517478956555,140.6934814453125,2733700
2015-08-17 00:00:00-04:00,140.16413998524163,141.02634236867235,138.83241629361552,140.8300018310547,1512100
2015-08-18 00:00:00-04:00,140.85564168981827,142.82761858931912,140.65075606709885,141.4190673828125,1473300
2015-08-19 00:00:00-04:00,140.7446625550284,141.24833809052663,139.4727017437338,140.81295776367188,1499300
2015-08-20 00:00:00-04:00,139.73734835292396,140.00198416566565,136.69828297592366,136.97145080566406,1962500
2015-08-21 00:00:00-04:00,135.73359863526593,136.75800054807254,133.02746492999455,133.1981964111328,2502600
2015-08-24 00:00:00-04:00,125.07129814974599,129.61283283784638,111.08817998192438,126.65912628173828,4013500
2015-08-25 00:00:00-04:00,130.4067191099406,130.65429088407691,123.78223979377807,123.83345794677734,2917500
2015-08-26 00:00:00-04:00,126.34325502482238,127.49571560199497,123.56882543812866,126.7103271484375,3003500
2015-08-27 00:00:00-04:00,128.7420549939267,131.07257197408558,127.84569830125669,130.64573669433594,1962900
2015-08-28 00:00:00-04:00,130.36409107659196,131.25190309618338,129.54456126728996,130.184814453125,1302600
2015-08-31 00:00:00-04:00,129.7152657579067,129.75795189991223,128.22134196958535,128.57135009765625,1625700
2015-09-01 00:00:00-04:00,126.32613406796354,128.8956901443019,125.92490796353813,126.36882019042969,2839000
2015-09-02 00:00:00-04:00,128.05059418421834,128.80182850507938,126.41154814177796,128.7506103515625,1745300
2015-09-03 00:00:00-04:00,129.76642193571587,130.85058690009862,128.6139748079169,129.08349609375,1781300
2015-09-04 00:00:00-04:00,127.61517904676157,127.9651739733402,125.76271604130825,126.86394500732422,1480200
2015-09-08 00:00:00-04:00,129.13001846417282,131.28489701572423,128.65971890490815,131.0796661376953,1708000
2015-09-09 00:00:00-04:00,132.26827819239887,132.54191938575016,129.35236588233937,129.600341796875,1891900
2015-09-10 00:00:00-04:00,129.25834831861502,129.8227236902854,127.616539731157,127.89872741699219,2362900
2015-09-11 00:00:00-04:00,127.41126698143725,129.40367292347582,126.1970135195806,129.1898956298828,2380600
2015-09-14 00:00:00-04:00,128.89917253815037,129.0616323347524,127.59085643460153,128.4630584716797,2595200
2015-09-15 00:00:00-04:00,129.0787427097305,133.0806609096562,128.8051145261081,131.68682861328125,3237300
2015-09-16 00:00:00-04:00,129.47207487789254,130.13049950520946,125.4103065614316,127.94998168945312,6205400
2015-09-17 00:00:00-04:00,127.65922135671936,129.86540422002815,126.8554298287218,127.83025360107422,2879000
2015-09-18 00:00:00-04:00,126.38511755090128,126.75280817168976,123.88820074298123,124.24734497070312,3603700
2015-09-21 00:00:00-04:00,124.66635949785997,125.53857450009541,123.64879055117075,124.85448455810547,2444600
2015-09-22 00:00:00-04:00,123.28962725473544,123.58037427336784,121.81029212340273,123.11006164550781,2425600
2015-09-23 00:00:00-04:00,123.28107854146045,123.83690729044905,122.2977082863776,122.83641815185547,1651800
2015-09-24 00:00:00-04:00,121.62215628308955,122.16942555207001,120.65589193112741,121.8017349243164,2097400
2015-09-25 00:00:00-04:00,122.72526260653738,124.64925809597797,122.16088746479839,123.5205078125,1731400
2015-09-28 00:00:00-04:00,122.28061024745713,122.82787958958448,120.21124763979027,120.34806823730469,1765200
2015-09-29 00:00:00-04:00,120.34806221127067,121.60507366114173,119.72382315934172,121.36563110351562,1444200
2015-09-30 00:00:00-04:00,122.73380247015957,123.64877542835087,122.2121854210806,123.11859893798828,1711100
2015-10-01 00:00:00-04:00,123.0331318515708,124.3499944495227,122.81935452380421,123.74287414550781,1639200
2015-10-02 00:00:00-04:00,121.72481381847341,124.48681319825037,121.1860907852667,124.43550872802734,1308200
2015-10-05 00:00:00-04:00,124.89726041714374,128.625537431742,124.89726041714374,128.19798278808594,1727100
2015-10-06 00:00:00-04:00,129.16421333053938,129.89960757122523,128.06967488597357,129.55755615234375,2198000
2015-10-07 00:00:00-04:00,130.03642219123742,132.19984675599423,129.71147662014408,130.80601501464844,2394000
2015-10-08 00:00:00-04:00,130.49816952318002,133.38844177547253,130.2672864671636,133.01219177246094,1738600
2015-10-09 00:00:00-04:00,133.1661197988564,134.42313106214,132.73856530244507,132.82408142089844,1803500
2015-10-12 00:00:00-04:00,132.678714306298,132.83262766182494,131.344746366687,132.04592895507812,1245300
2015-10-13 00:00:00-04:00,131.30198799990907,131.36183884427564,129.42929722448545,129.5319061279297,1456900
2015-10-14 00:00:00-04:00,129.42931740535826,130.07064924773792,128.1894117863436,128.89059448242188,1131800
2015-10-15 00:00:00-04:00,129.75426199568764,130.2929718663274,128.05259015711306,130.07064819335938,1004900
2015-10-16 00:00:00-04:00,130.84885136964184,131.70396081753245,129.28399951424987,130.3870849609375,1008700
2015-10-19 00:00:00-04:00,129.6346055987313,130.66928078832058,129.54908942943868,130.3015899658203,624600
2015-10-20 00:00:00-04:00,129.9937158988172,131.7808911556366,129.5490554215072,131.68682861328125,1386900
2015-10-21 00:00:00-04:00,132.23411565442447,134.72248711283726,132.1657053374172,133.3799591064453,1592100
2015-10-22 00:00:00-04:00,133.79036738929,136.8174476780789,133.43121010695788,136.57801818847656,2034700
2015-10-23 00:00:00-04:00,137.67254000577563,138.2711136570849,135.56896626211503,136.406982421875,2263200
2015-10-26 00:00:00-04:00,136.87736001852397,137.16809406623457,134.85930142911732,134.99610900878906,1686300
2015-10-27 00:00:00-04:00,132.96951172266708,135.02176906384335,132.31107383113334,133.3714141845703,1974200
2015-10-28 00:00:00-04:00,133.96988259344099,134.3546789107193,131.5755755500416,132.77273559570312,1639100
2015-10-29 00:00:00-04:00,132.54194361985233,134.07258355024283,132.3281662914332,133.7305450439453,1145300
2015-10-30 00:00:00-04:00,133.7647214309274,133.87588979855698,132.14856561875567,133.43978881835938,2580700
2015-11-02 00:00:00-05:00,133.6449778851125,136.09059011072742,133.6449778851125,135.91957092285156,1617200
2015-11-03 00:00:00-05:00,135.39800297469708,136.75762362561633,135.27828819501738,136.0649871826172,1352800
2015-11-04 00:00:00-05:00,136.74046299685637,136.8174196639151,135.60316663014896,135.96231079101562,1291000
2015-11-05 00:00:00-05:00,136.57805763949764,137.59563978820387,135.68873666586683,137.04837036132812,1659700
2015-11-06 00:00:00-05:00,136.03929920131193,138.9552242697996,136.03929920131193,138.8526153564453,1835400
2015-11-09 00:00:00-05:00,138.10014721808662,138.7842372442332,136.24456166641897,137.2877960205078,2059700
2015-11-10 00:00:00-05:00,137.41603824201877,138.92103870158536,136.58658131998862,138.10012817382812,1627900
2015-11-11 00:00:00-05:00,136.82596644607656,138.70721641016775,135.96231117923537,137.69818115234375,1881100
2015-11-12 00:00:00-05:00,137.0141197426125,137.3305189644303,135.53478473613652,135.7827606201172,1543800
2015-11-13 00:00:00-05:00,135.2696431697977,136.8173877814072,134.58555362130608,135.20123291015625,1758100
2015-11-16 00:00:00-05:00,135.09870064561932,138.2454960858217,135.09870064561932,137.90345764160156,1835400
2015-11-17 00:00:00-05:00,135.09870622358773,139.56237725898785,135.09870622358773,138.02317810058594,1129700
2015-11-18 00:00:00-05:00,137.33053769946537,139.47685701544538,137.33053769946537,139.22032165527344,1416700
2015-11-19 00:00:00-05:00,139.38280493803725,140.51155538827263,138.68160910417626,139.68209838867188,1066700
2015-11-20 00:00:00-05:00,140.30634628256593,141.04174085894732,139.7590768104635,140.35765075683594,1252800
2015-11-23 00:00:00-05:00,140.35763761101342,140.8878011927265,139.297297399655,139.75906372070312,878000
2015-11-24 00:00:00-05:00,138.55331272021226,140.08396516460456,138.23692655985403,139.5452423095703,1085200
2015-11-25 00:00:00-05:00,139.54524865993747,139.80178398581512,138.33099536857375,138.8697052001953,1053300
2015-11-27 00:00:00-05:00,139.7248224836258,140.4773226710713,139.10914288443027,140.31484985351562,561700
2015-11-30 00:00:00-05:00,139.89584780051138,140.64833490268495,135.47492246658877,135.56898498535156,2925800
2015-12-01 00:00:00-05:00,136.31296266808513,137.3903955783583,134.71389956844595,137.2022705078125,2406900
2015-12-02 00:00:00-05:00,136.36428918897207,136.8516947339065,134.72248080151238,134.99610900878906,1611800
2015-12-03 00:00:00-05:00,135.10721377281718,135.42359990821433,131.0796448869826,131.37039184570312,2588300
2015-12-04 00:00:00-05:00,132.1741938019321,133.166110246025,131.11385402964274,132.94378662109375,2250800
2015-12-07 00:00:00-05:00,131.5671357021605,131.97758456977436,129.54907695181876,130.46405029296875,1845700
2015-12-08 00:00:00-05:00,129.6174721409884,130.07067903622806,126.53052697745214,126.8896713256836,2155000
2015-12-09 00:00:00-05:00,126.09435691570269,128.15515933028985,125.20503640378095,125.74375915527344,2049900
2015-12-10 00:00:00-05:00,125.74377085965723,128.22780465007457,125.72663589644027,127.19136810302734,1638900
2015-12-11 00:00:00-05:00,125.39255719769645,126.3262099657413,123.4995426855625,123.56806945800781,2696000
2015-12-14 00:00:00-05:00,122.48885515863661,123.16553609011505,120.68150159817516,123.07988739013672,3089800
2015-12-15 00:00:00-05:00,123.50816445279399,126.3348328258447,123.39680677074806,123.93644714355469,2933100
2015-12-16 00:00:00-05:00,124.96430110847886,128.1678597797409,124.84438249886736,127.48260498046875,3032800
2015-12-17 00:00:00-05:00,134.352283434461,134.9176066450181,129.7953493950378,130.06088256835938,5865000
2015-12-18 00:00:00-05:00,128.77604009878627,128.99018145044855,125.6667165603527,126.04359436035156,5141500
2015-12-21 00:00:00-05:00,126.38624962142352,127.23424115172935,123.97072849474532,124.84442901611328,2065000
2015-12-22 00:00:00-05:00,125.44402008630928,127.44838030296386,125.07570317964023,127.12289428710938,2202500
2015-12-23 00:00:00-05:00,127.48262397636262,129.54694962884165,127.242786721402,129.10153198242188,1794900
2015-12-24 00:00:00-05:00,128.67323075784526,129.25568884447443,127.37982195713755,128.1849822998047,1148600
2015-12-28 00:00:00-05:00,127.6282648163239,128.13363534553844,125.93226871532025,127.12289428710938,1805200
2015-12-29 00:00:00-05:00,127.88520835768989,128.26209919993337,126.90015037088992,127.83381652832031,1055600
2015-12-30 00:00:00-05:00,127.49973938573683,128.6047027787306,126.78021466107424,127.78239440917969,1217700
2015-12-31 00:00:00-05:00,127.002916222246,128.78457327140967,126.86586266381494,127.61964416503906,1461500
2016-01-04 00:00:00-05:00,125.4097677931688,125.91513834082922,122.31756557369333,122.85719299316406,3331500
2016-01-05 00:00:00-05:00,122.96853035604096,123.97071033515208,121.96635037692982,123.90218353271484,1698500
2016-01-06 00:00:00-05:00,122.12058685340058,122.66021439527437,120.15904394087767,120.57876586914062,1931500
2016-01-07 00:00:00-05:00,118.2060401406271,118.84846427182616,115.02817635409535,115.28514862060547,3371200
2016-01-08 00:00:00-05:00,116.15024379458694,117.5464361521923,115.1223551210661,115.38790130615234,2386700
2016-01-11 00:00:00-05:00,115.51642259786827,115.67917213232457,112.40708568419849,113.89751434326172,2490100
2016-01-12 00:00:00-05:00,114.72834245701087,115.8590016996774,113.52058241472709,115.38790130615234,1484100
2016-01-13 00:00:00-05:00,115.90185215975265,116.77555245183854,111.01943241600735,111.60189056396484,2268900
2016-01-14 00:00:00-05:00,111.98738153861241,113.78616130054445,109.98300827509861,112.80967712402344,2144400
2016-01-15 00:00:00-05:00,109.69176265532214,110.4369703683096,106.93362103120096,108.71527862548828,4239300
2016-01-19 00:00:00-05:00,110.6768365908719,111.13937622080813,107.31052730076807,108.95513153076172,2956200
2016-01-20 00:00:00-05:00,106.64240786985856,107.4732774747781,102.53945822061628,105.5117416381836,3764500
2016-01-21 00:00:00-05:00,105.58023103271292,107.14774042141357,104.500957023794,105.84576416015625,2639000
2016-01-22 00:00:00-05:00,108.09857430888057,109.71748274316083,107.63603464343777,109.26350402832031,2393200
2016-01-25 00:00:00-05:00,108.78381174935224,109.68320808257009,107.67884153871272,107.96150970458984,2737600
2016-01-26 00:00:00-05:00,108.2441723748368,109.42623027884214,107.75593035632639,109.02364349365234,1854400
2016-01-27 00:00:00-05:00,111.48199188746294,112.80967099422527,109.39197656211078,109.85452270507812,2323400
2016-01-28 00:00:00-05:00,110.2656705938942,111.18220193127634,109.16926782497573,109.82882690429688,1576800
2016-01-29 00:00:00-05:00,110.32563076442808,113.9574598479605,110.32563076442808,113.82041931152344,2958100
2016-02-01 00:00:00-05:00,112.73256781036505,113.72618676707472,111.36205800316894,113.33216094970703,1857100
2016-02-02 00:00:00-05:00,112.69831371571756,113.28077190248912,111.28497299166804,111.48197937011719,2173000
2016-02-03 00:00:00-05:00,112.11586725240807,112.67262964642546,109.15215115601339,112.19295501708984,1953600
2016-02-04 00:00:00-05:00,111.94452683414336,116.56997446102078,111.94452683414336,114.95964050292969,2542000
2016-02-05 00:00:00-05:00,114.13731913517567,115.24228255267342,112.74968761781841,112.9895248413086,1606200
2016-02-08 00:00:00-05:00,111.59334617630601,112.20151339883039,109.68320887567154,111.63617706298828,1752400
2016-02-09 00:00:00-05:00,110.71111447301445,112.3471580635728,109.69179921952359,111.15653228759766,1936200
2016-02-10 00:00:00-05:00,111.91026553953539,112.86962768601877,109.09217109273328,109.3320083618164,2128700
2016-02-11 00:00:00-05:00,107.53320802302176,108.77522508794907,105.16908597670316,106.5738525390625,2664100
2016-02-12 00:00:00-05:00,107.54177768513276,110.25708815952962,107.40472409818638,110.15430450439453,1726500
2016-02-16 00:00:00-05:00,111.73035780661651,113.7004602224352,110.60825957595125,113.16082000732422,1746900
2016-02-17 00:00:00-05:00,114.40286905827907,115.35365714454682,113.52060777022841,114.00028228759766,2068200
2016-02-18 00:00:00-05:00,113.80329628409744,114.43715947846391,111.32782243726534,112.49275207519531,2125800
2016-02-19 00:00:00-05:00,111.61044834096282,111.9787651038428,109.70031160174723,111.14789581298828,2689200
2016-02-22 00:00:00-05:00,111.1479155676573,116.89547484065059,111.1479155676573,115.97038269042969,2664700
2016-02-23 00:00:00-05:00,115.13953275969554,115.51642367032453,113.40070584305455,114.61702728271484,2357800
2016-02-24 00:00:00-05:00,113.51204134972951,114.8054502945815,112.57837520541214,114.34291076660156,1311800
2016-02-25 00:00:00-05:00,115.13097559179276,116.54430348292428,114.04313371313509,116.47577667236328,1361400
2016-02-26 00:00:00-05:00,117.05823673935878,119.42235266005892,117.00684490393182,117.67496490478516,2005500
2016-02-29 00:00:00-05:00,117.58927155340308,119.51654328524882,117.06676624996342,117.24665069580078,2032100
2016-03-01 00:00:00-05:00,118.34305520537383,121.55517481493534,117.6064085854418,121.1011962890625,2014700
2016-03-02 00:00:00-05:00,120.69864917970298,122.54025979858092,120.64725734031512,121.86357879638672,1798500
2016-03-03 00:00:00-05:00,121.45242035786903,123.50818546535994,121.24685299622682,123.22551727294922,1821300
2016-03-04 00:00:00-05:00,122.90860795352945,125.29842032979711,122.90860795352945,123.26836395263672,1821000
2016-03-07 00:00:00-05:00,122.70296145451977,124.48461858890883,121.85495722507841,124.27047729492188,1548600
2016-03-08 00:00:00-05:00,123.34538691677392,124.05633759033691,121.96631644302353,122.08623504638672,1281000
2016-03-09 00:00:00-05:00,121.5466389022112,122.08627934824041,119.82494695699494,121.61516571044922,1483800
2016-03-10 00:00:00-05:00,121.88115831617314,122.91943645491816,119.7702978390903,121.51219177246094,1168000
2016-03-11 00:00:00-05:00,123.00517500002627,124.06060460081731,122.34445294734334,123.92330932617188,1145800
2016-03-14 00:00:00-04:00,123.64879026784064,124.41247759058852,122.91942023336274,123.4256820678711,1657300
2016-03-15 00:00:00-04:00,122.69632120452054,122.97948792321195,121.58939556843559,122.76496887207031,1769600
2016-03-16 00:00:00-04:00,122.2758714045944,124.20654305835114,121.15179355887551,123.79467010498047,2573200
2016-03-17 00:00:00-04:00,133.19918496333324,138.75093986270247,132.21240242168204,138.44203186035156,8891700
2016-03-18 00:00:00-04:00,137.8499679752529,140.6215641653651,137.6011315810716,140.47569274902344,4538100
2016-03-21 00:00:00-04:00,140.35549875350264,141.44524585531738,139.7805763067805,141.1878204345703,2154800
2016-03-22 00:00:00-04:00,140.33839127481176,140.63871014484133,139.28296101827365,140.22683715820312,1647700
2016-03-23 00:00:00-04:00,140.22685536418453,140.49285697536578,139.32587245070673,139.54898071289062,1247500
2016-03-24 00:00:00-04:00,138.40769082523335,139.69480509869825,137.75554454702757,139.5660858154297,1100000
2016-03-28 00:00:00-04:00,139.49747517257728,139.77205278955233,137.6268619657866,139.17140197753906,1527300
2016-03-29 00:00:00-04:00,139.03413568791527,139.94369469242483,137.86715111209716,139.85789489746094,1508800
2016-03-30 00:00:00-04:00,139.86646260543836,140.26975958801495,138.55360667261078,138.63941955566406,1399600
2016-03-31 00:00:00-04:00,138.62224238792902,139.81496803739364,137.8499657867723,139.62619018554688,1984300
2016-04-01 00:00:00-04:00,139.274376065375,140.7159512017907,138.23611097089366,140.4413604736328,1504900
2016-04-04 00:00:00-04:00,140.62154989767657,142.02020537984603,140.0208860060052,140.5529022216797,1643600
2016-04-05 00:00:00-04:00,139.1456412167878,139.87499813863593,138.70801397047504,138.9568634033203,1147500
2016-04-06 00:00:00-04:00,139.00837541288584,139.9865819753964,137.91861472966227,139.66909790039062,1123800
2016-04-07 00:00:00-04:00,138.29612928977355,139.48027854746542,137.9786453092283,138.39051818847656,1362500
2016-04-08 00:00:00-04:00,139.08559402839592,142.0030615078658,138.93972261840335,140.22683715820312,1597500
2016-04-11 00:00:00-04:00,140.2611313757943,141.66837571936244,139.89215182773287,139.90931701660156,1452800
2016-04-12 00:00:00-04:00,140.34695061744304,142.25188095703336,139.9007472973324,141.67697143554688,1667700
2016-04-13 00:00:00-04:00,142.20040387510474,143.68487219121724,142.1832386832014,143.48751831054688,1603000
2016-04-14 00:00:00-04:00,143.42743544382947,143.77067378896785,142.13174506059278,142.1832275390625,1039500
2016-04-15 00:00:00-04:00,142.18329147167202,142.80110767751762,141.42819295924625,142.3549041748047,863700
2016-04-18 00:00:00-04:00,141.86576874323356,143.6248279317817,141.41956536184233,143.41030883789062,833800
2016-04-19 00:00:00-04:00,143.98520711606182,145.27232157819608,142.99841150583563,144.3885040283203,1056000
2016-04-20 00:00:00-04:00,144.48290732495138,144.97200406077076,143.59908968711764,143.64198303222656,815100
2016-04-21 00:00:00-04:00,143.05851429938767,143.82220185623885,141.71991706204923,142.0717315673828,1178400
2016-04-22 00:00:00-04:00,142.68095586353047,143.2387003375303,141.63410151181952,142.7152862548828,1359100
2016-04-25 00:00:00-04:00,142.1488774149583,143.49604996546975,140.7502093046684,142.0630645751953,1033100
2016-04-26 00:00:00-04:00,142.28619966201603,143.81357422794508,141.93438528285617,143.3931121826172,1034200
2016-04-27 00:00:00-04:00,143.35886298197957,144.328480630748,142.6294926390953,143.77931213378906,847600
2016-04-28 00:00:00-04:00,143.2043252406344,144.2940855950932,141.97728265579872,142.14889526367188,1118900
2016-04-29 00:00:00-04:00,141.45387632209386,142.08884437315422,140.5014111522987,141.67697143554688,1228900
2016-05-02 00:00:00-04:00,142.0974745854083,144.3113004481564,142.0116616975524,143.80503845214844,1393100
2016-05-03 00:00:00-04:00,142.23472459548,142.62944545954394,140.01231009239567,141.4023895263672,1284200
2016-05-04 00:00:00-04:00,142.10602715537064,143.38456565119134,141.1793031111337,141.797119140625,1416500
2016-05-05 00:00:00-04:00,141.9429834750684,142.44066931252573,137.35228301278684,137.6096954345703,2584600
2016-05-06 00:00:00-04:00,137.67832436215437,138.6136242824783,135.31003875182495,138.17601013183594,1758400
2016-05-09 00:00:00-04:00,138.4935299118549,139.7806445507874,138.27043475466118,139.25721740722656,1056800
2016-05-10 00:00:00-04:00,139.36877337938878,140.67305323022316,138.92256996588094,140.0809783935547,1451800
2016-05-11 00:00:00-04:00,139.8664558369719,140.68162581369936,138.03017283007983,138.39913940429688,1287100
2016-05-12 00:00:00-04:00,139.3516031542185,139.40309873689338,135.7648500604081,136.7516326904297,1634300
2016-05-13 00:00:00-04:00,136.07373072515446,136.76877037960938,134.64932103469874,135.37010192871094,1322200
2016-05-16 00:00:00-04:00,135.19851875985617,136.6143527100326,134.64077432364573,136.08233642578125,1080900
2016-05-17 00:00:00-04:00,136.06520212012646,137.87573103524375,135.44738596892077,136.1681671142578,1433500
2016-05-18 00:00:00-04:00,135.57603031743045,137.8327747587417,135.57603031743045,136.8545684814453,1292300
2016-05-19 00:00:00-04:00,135.97077432696506,137.4809838799522,135.43875812514506,136.5285186767578,1101600
2016-05-20 00:00:00-04:00,137.5839464680375,139.4030770701449,136.88890678183247,138.6908721923828,1369900
2016-05-23 00:00:00-04:00,138.70804481953283,139.67767534133674,138.2361132741091,139.04269409179688,1190100
2016-05-24 00:00:00-04:00,139.8407224461857,141.56545142601894,138.99981117719918,141.0506134033203,1205900
2016-05-25 00:00:00-04:00,141.58259806759173,142.41493317641527,140.7502629587682,140.91329956054688,1013900
2016-05-26 00:00:00-04:00,140.90472386561126,141.13639505410632,139.7119982571588,140.2096710205078,1045100
2016-05-27 00:00:00-04:00,140.4155875477899,141.18785088337796,140.0208667384248,141.12779235839844,919600
2016-05-31 00:00:00-04:00,141.95154672921726,143.29873271674148,141.13637691623595,141.5568389892578,1338700
2016-06-01 00:00:00-04:00,140.6386555783616,141.41950790524623,139.32580030459786,141.3251190185547,928900
2016-06-02 00:00:00-04:00,141.27368487097212,141.66840573937787,140.46709103486012,141.41098022460938,684200
2016-06-03 00:00:00-04:00,139.31724093151834,140.77596773325996,138.15025687148454,140.57003784179688,1429700
2016-06-06 00:00:00-04:00,140.0208924501564,140.70735614851276,138.71662582580598,140.09812927246094,1473800
2016-06-07 00:00:00-04:00,141.2222027211436,141.8571839133157,140.56148028675418,141.4367218017578,1502800
2016-06-08 00:00:00-04:00,141.36807250976562,142.3548550320357,141.1449773820295,141.36807250976562,934100
2016-06-09 00:00:00-04:00,140.41562697920915,141.09350160030087,139.7634936036521,140.8189239501953,1043900
2016-06-10 00:00:00-04:00,139.66047501209016,140.11525434221184,137.56678012115418,138.03871154785156,1599400
2016-06-13 00:00:00-04:00,137.56678751422953,138.98260805681724,137.54962232352787,137.66116333007812,1447600
2016-06-14 00:00:00-04:00,137.80736956203936,138.8826455622518,136.31919125300513,137.42027282714844,1299600
2016-06-15 00:00:00-04:00,137.66112721244045,138.7794168259485,137.2138087418518,137.3428497314453,1202500
2016-06-16 00:00:00-04:00,136.73212896653166,139.60526403283123,135.4934085933907,139.2439727783203,1896300
2016-06-17 00:00:00-04:00,139.27845072431722,139.99243606501855,138.72790955058738,139.5709228515625,2247000
2016-06-20 00:00:00-04:00,141.31711619943573,143.22680802315233,140.4224920628693,141.48056030273438,2018200
2016-06-21 00:00:00-04:00,141.5493715050924,141.7472186644861,140.39667848819906,141.03323364257812,1933300
2016-06-22 00:00:00-04:00,139.41603411022743,139.76011728537404,134.53856912767148,134.63319396972656,4839100
2016-06-23 00:00:00-04:00,135.484781123982,136.4826404399433,134.83961549958207,135.8202667236328,2269700
2016-06-24 00:00:00-04:00,130.71056394131617,132.53424118627018,128.60302534841762,129.52346801757812,5853500
2016-06-27 00:00:00-04:00,128.25897460498675,128.52564105279146,124.73206275264243,125.70411682128906,2933400
2016-06-28 00:00:00-04:00,127.76005689453616,128.37941721149667,125.75573991408535,127.39876556396484,1936800
2016-06-29 00:00:00-04:00,128.8008741255568,129.52346967097327,128.04388864482593,129.2567901611328,2192100
2016-06-30 00:00:00-04:00,129.25679157234302,130.58153914846207,128.1815154152014,130.5643310546875,1716200
2016-07-01 00:00:00-04:00,132.87838465687415,134.14291101219916,131.6740800927243,132.33644104003906,2048800
2016-07-05 00:00:00-04:00,131.15792554889964,131.66545289945805,129.3342608311325,130.8998565673828,1917300
2016-07-06 00:00:00-04:00,130.4009327661852,130.83965399294166,129.0331841642682,130.28050231933594,1876500
2016-07-07 00:00:00-04:00,130.7020565690253,132.03540251675318,130.16872344030952,131.26980590820312,1511000
2016-07-08 00:00:00-04:00,132.47403632377075,134.95147704752623,132.43102264783008,134.38372802734375,1743800
2016-07-11 00:00:00-04:00,135.14932250976562,136.4482515009154,134.5557679166534,135.14932250976562,1895700
2016-07-12 00:00:00-04:00,135.74290640094293,137.76441832178972,135.40742066189569,137.59237670898438,1718300
2016-07-13 00:00:00-04:00,137.74727615383347,138.71072005562485,137.08490190838253,137.99673461914062,1448300
2016-07-14 00:00:00-04:00,139.17516329480716,140.76657754932054,138.87409379120467,138.9257049560547,1556300
2016-07-15 00:00:00-04:00,139.5020648349706,139.55367600475162,137.97946969676394,138.14291381835938,1257100
2016-07-18 00:00:00-04:00,138.28915405273438,138.64184789155644,137.31711303174563,138.28915405273438,870300
2016-07-19 00:00:00-04:00,137.59235552387509,138.27193750983136,136.99880089404266,137.36009216308594,773200
2016-07-20 00:00:00-04:00,137.7128431709839,138.50424529763615,136.83542677839773,137.69564819335938,683400
2016-07-21 00:00:00-04:00,137.21387457486148,138.082706360157,135.94075091412952,136.26763916015625,870700
2016-07-22 00:00:00-04:00,135.9578823938651,138.3406973754151,135.9578823938651,138.2976837158203,1233200
2016-07-25 00:00:00-04:00,137.88484786524802,138.33216655637528,137.1278621486483,137.83323669433594,1344200
2016-07-26 00:00:00-04:00,138.0482757758081,139.20098200316423,137.77301185463062,138.9257049560547,1146600
2016-07-27 00:00:00-04:00,138.79668176272463,139.3472227497289,137.635378010389,138.41818237304688,1020300
2016-07-28 00:00:00-04:00,137.80739894144594,139.15795218608494,137.1278301398414,138.88267517089844,872200
2016-07-29 00:00:00-04:00,138.16872383114392,139.5364855038402,137.07625236661306,139.26980590820312,1016400
2016-08-01 00:00:00-04:00,139.35581124257283,140.11280997307753,138.5558119599608,139.06333923339844,820700
2016-08-02 00:00:00-04:00,138.49561686039712,139.2096020503796,136.44828614998795,136.9300079345703,854600
2016-08-03 00:00:00-04:00,137.11922203033973,138.3235393048505,137.07622148112176,138.16009521484375,589800
2016-08-04 00:00:00-04:00,138.27196224208922,138.35797648766652,136.64614467762388,137.48056030273438,876800
2016-08-05 00:00:00-04:00,138.16868229064937,140.18160925296303,137.82459916724233,140.1385955810547,1044900
2016-08-08 00:00:00-04:00,140.5085266323321,142.31499638952187,140.31927691963855,140.81820678710938,972500
2016-08-09 00:00:00-04:00,140.65475032202892,142.22035905771722,140.34507019441654,141.36013793945312,730800
2016-08-10 00:00:00-04:00,140.9730304747013,141.80744594682957,140.86979502262815,141.63539123535156,823100
2016-08-11 00:00:00-04:00,141.8849086104961,142.9429771736706,141.42899235457799,142.6160888671875,1046100
2016-08-12 00:00:00-04:00,142.03968896435467,142.79668765341768,141.63538403959882,142.3665771484375,1048300
2016-08-15 00:00:00-04:00,142.5386710613786,143.6569614101176,142.5386710613786,143.1408233642578,1118400
2016-08-16 00:00:00-04:00,142.7106670524581,143.7687483954283,142.44400062690565,143.42465209960938,913400
2016-08-17 00:00:00-04:00,143.64838006808722,143.81181111257433,142.65052006776594,143.18385314941406,1101200
2016-08-18 00:00:00-04:00,143.32144370218018,144.22467851832766,142.9687498869144,143.82037353515625,1104000
2016-08-19 00:00:00-04:00,143.4762954844546,145.755889656188,143.34726754825257,145.05911254882812,1365900
2016-08-22 00:00:00-04:00,145.36876430275004,145.86769410175026,143.854766808975,144.42251586914062,946500
2016-08-23 00:00:00-04:00,145.3773519705551,145.7558513184381,144.70638062691935,145.024658203125,850600
2016-08-24 00:00:00-04:00,144.98164749986947,145.6096183062476,144.31928675342382,144.71498107910156,859700
2016-08-25 00:00:00-04:00,143.88060465648198,144.14728427552546,142.06553725475177,142.39242553710938,1319300
2016-08-26 00:00:00-04:00,142.83969620334955,143.72572276173946,141.39451813299178,141.89344787597656,1102000
2016-08-29 00:00:00-04:00,142.306385939584,142.7020934645591,141.62681697117796,142.08273315429688,1185200
2016-08-30 00:00:00-04:00,142.38382224174768,142.73650297176655,141.4031705606118,141.87628173828125,1004100
2016-08-31 00:00:00-04:00,141.48058732140126,141.97951721193485,140.6375741878473,141.87628173828125,1228800
2016-09-01 00:00:00-04:00,142.3665995939526,143.0117654531397,140.9472399541142,142.48703002929688,1181900
2016-09-02 00:00:00-04:00,142.9859288160445,143.72571936561985,142.3407630969705,142.35797119140625,1599500
2016-09-06 00:00:00-04:00,143.7429428879996,143.7429428879996,140.843989020183,141.7902374267578,1169000
2016-09-07 00:00:00-04:00,141.48917546929874,142.2977854755515,141.03325929571938,142.10853576660156,897300
2016-09-08 00:00:00-04:00,141.34105318585006,143.02255288822275,141.28068524786747,142.62588500976562,831400
2016-09-09 00:00:00-04:00,141.50492765246972,142.4448414074843,138.67655487549484,138.70242309570312,1487500
2016-09-12 00:00:00-04:00,138.1419298512414,141.4790753697551,138.02120709073924,140.7805938720703,1325400
2016-09-13 00:00:00-04:00,139.3749792159592,139.67677940921482,137.35716657103106,138.27122497558594,1317400
2016-09-14 00:00:00-04:00,138.02115664597326,138.53854723490886,137.15022941764724,137.49514770507812,1030300
2016-09-15 00:00:00-04:00,137.1071538332189,138.58170825821276,136.69324912847054,138.0298309326172,1397600
2016-09-16 00:00:00-04:00,137.39168610834346,138.0297994659461,136.4172727877129,137.01226806640625,2534400
2016-09-19 00:00:00-04:00,138.02986269141545,139.8924408702336,137.58145814938683,139.05599975585938,1814400
2016-09-20 00:00:00-04:00,139.4784894924025,141.5307892515322,139.39225332388082,140.2545623779297,2689200
2016-09-21 00:00:00-04:00,147.1185466303486,150.31771897534804,147.1185466303486,149.92105102539062,5308100
2016-09-22 00:00:00-04:00,150.3780934509918,151.23178425372745,149.00702504842923,149.7486114501953,3176300
2016-09-23 00:00:00-04:00,148.9121594481333,150.98169600922688,148.86042300777484,150.37808227539062,2472500
2016-09-26 00:00:00-04:00,150.04180494056172,151.9043960218325,149.27435025769478,151.19729614257812,2420800
2016-09-27 00:00:00-04:00,150.886872094732,152.93917236394074,150.44709910467097,152.88743591308594,2133200
2016-09-28 00:00:00-04:00,152.5165607172869,152.84424228783217,150.49014283268562,151.29208374023438,2280200
2016-09-29 00:00:00-04:00,151.29214723446492,151.74055170479912,149.98143355999267,151.00758361816406,1947400
2016-09-30 00:00:00-04:00,151.36112662242545,151.85264916203,150.3608448335343,150.62815856933594,1939300
2016-10-03 00:00:00-04:00,149.9210275312162,150.65399536740335,149.42088678477398,150.30044555664062,1453600
2016-10-04 00:00:00-04:00,150.66263554574766,151.0075538963973,149.05874021542266,149.6968536376953,1492700
2016-10-05 00:00:00-04:00,150.809250198472,151.12830038084306,149.9038229385124,150.2659912109375,1202600
2016-10-06 00:00:00-04:00,150.32631737072836,150.32631737072836,148.670685803789,149.25704956054688,1260400
2016-10-07 00:00:00-04:00,148.8517798401954,149.38642038355104,148.0757069800029,149.18807983398438,1418200
2016-10-10 00:00:00-04:00,149.4726823950319,150.55056895867057,149.3002231764087,150.222900390625,1221600
2016-10-11 00:00:00-04:00,149.86931806433154,150.11938190364583,149.2225862658587,150.1107635498047,1462100
2016-10-12 00:00:00-04:00,150.14526723619915,150.46433057377723,149.23985314137371,149.64512634277344,1253300
2016-10-13 00:00:00-04:00,148.42062790415704,148.4896142063617,146.2993550319787,147.41172790527344,1432800
2016-10-14 00:00:00-04:00,148.5672603830975,149.0846512153347,147.3427827817846,147.43763732910156,803600
2016-10-17 00:00:00-04:00,147.4031001753902,147.77388672363884,146.78223665283298,147.31686401367188,1051500
2016-10-18 00:00:00-04:00,148.39476117767424,148.73969269216585,147.03231130046413,147.23065185546875,900300
2016-10-19 00:00:00-04:00,147.47205709047742,147.61001650083202,146.23033029276803,146.98916625976562,1086800
2016-10-20 00:00:00-04:00,146.94609227711248,147.12716981406567,146.14413799722885,146.33384704589844,836000
2016-10-21 00:00:00-04:00,145.03179307292248,146.80814800075345,144.86795221219722,146.76502990722656,924700
2016-10-24 00:00:00-04:00,147.72217247168487,148.73970407003148,146.85124500183161,148.3861541748047,1848300
2016-10-25 00:00:00-04:00,147.74804618074674,148.70520986082212,147.67905987000873,148.25680541992188,1132700
2016-10-26 00:00:00-04:00,147.4203083422388,150.248679963769,147.03225888205512,149.68817138671875,1772700
2016-10-27 00:00:00-04:00,150.63674993309996,151.09377261594395,148.9552501417127,150.3866729736328,1499700
2016-10-28 00:00:00-04:00,150.53328466635077,152.06819359519102,149.52437158282498,150.25733947753906,1502700
2016-10-31 00:00:00-04:00,151.0247897476288,151.86984883876127,150.2487169517833,150.3177032470703,992900
2016-11-01 00:00:00-04:00,150.25737782427262,150.32636413908133,146.7305363606151,147.91189575195312,1955600
2016-11-02 00:00:00-04:00,148.31718523061147,149.58478083142688,147.97226680714644,148.64486694335938,1457300
2016-11-03 00:00:00-04:00,148.9293850945549,149.79169404774308,148.41199445952583,149.7399444580078,1265000
2016-11-04 00:00:00-04:00,149.52443323222178,151.5336155591051,149.0587919813552,150.73167419433594,1558800
2016-11-07 00:00:00-05:00,152.49936151548638,155.8106251261156,152.49936151548638,155.23287963867188,2451900
2016-11-08 00:00:00-05:00,154.59474402603644,157.61282528314996,154.21532599132433,156.34523010253906,2012400
2016-11-09 00:00:00-05:00,153.96531759791543,157.28520028078248,152.14584457326137,156.2245635986328,2874200
2016-11-10 00:00:00-05:00,156.9402510830024,159.5271782986563,156.27626941346944,158.29408264160156,2298000
2016-11-11 00:00:00-05:00,157.80258753971071,159.43235144208776,157.03513285886217,158.3975830078125,1560400
2016-11-14 00:00:00-05:00,159.0960446737598,160.84653126714025,158.19924891055655,160.52748107910156,2168100
2016-11-15 00:00:00-05:00,160.19116127474013,160.24289771422843,157.78531157619577,159.8634796142578,1447000
2016-11-16 00:00:00-05:00,159.43232267196092,160.38948626144577,157.58698179720005,158.50965881347656,1262200
2016-11-17 00:00:00-05:00,158.7769547405397,159.82034122511428,158.19920930999686,159.5961456298828,931800
2016-11-18 00:00:00-05:00,159.27708563072437,161.53633077968266,158.64759064856636,161.5018310546875,1334400
2016-11-21 00:00:00-05:00,161.5363521582013,162.3296748868141,161.0275929884048,162.24343872070312,1295300
2016-11-22 00:00:00-05:00,162.54521255903472,162.54521255903472,161.72602181164766,162.18304443359375,1162000
2016-11-23 00:00:00-05:00,162.76082531735906,164.0887754007189,162.1572116431046,163.9421844482422,880800
2016-11-25 00:00:00-05:00,164.3733765199169,165.42539480310964,164.35613980942108,165.1580810546875,653200
2016-11-28 00:00:00-05:00,164.33889673757204,164.8304061629152,163.39898282270212,163.8646240234375,1746600
2016-11-29 00:00:00-05:00,163.83875504577477,165.00287777895474,163.83875504577477,164.1147003173828,1077700
2016-11-30 00:00:00-05:00,165.13215662251116,166.06345182626217,164.5112931533438,165.27874755859375,1533600
2016-12-01 00:00:00-05:00,165.5633167886216,167.1844618093364,165.5633167886216,165.72715759277344,1767600
2016-12-02 00:00:00-05:00,165.6495753776076,166.98614389186048,165.6495753776076,166.25318908691406,1542900
2016-12-05 00:00:00-05:00,167.02925111873049,168.1071373716363,166.42563744866143,167.71910095214844,1409800
2016-12-06 00:00:00-05:00,167.59836697954887,167.6846031371151,165.2183990295303,166.71018981933594,1238300
2016-12-07 00:00:00-05:00,166.70158185478022,169.63342718566716,165.80477312825144,169.46096801757812,1886100
2016-12-08 00:00:00-05:00,170.00538277437866,170.480622821856,167.2835737878029,170.28189086914062,2951600
2016-12-09 00:00:00-05:00,169.60787556719237,170.2127336209221,168.6055668632385,169.87574768066406,1957400
2016-12-12 00:00:00-05:00,169.24500987584187,171.29286018210252,169.09811988503543,170.7744140625,1442700
2016-12-13 00:00:00-05:00,171.6556548831779,174.17009450425752,170.65333340620387,173.69485473632812,2237900
2016-12-14 00:00:00-05:00,173.48757724539942,173.67767326593366,170.74848318450543,171.01634216308594,2533200
2016-12-15 00:00:00-05:00,170.85216712856712,172.6148732854062,170.4547032199095,171.01634216308594,1216300
2016-12-16 00:00:00-05:00,171.7939623165508,172.26055311642844,168.88204493294057,169.77203369140625,3589600
2016-12-19 00:00:00-05:00,169.936203092399,171.14590585518334,169.1412623432349,170.75706481933594,1498100
2016-12-20 00:00:00-05:00,171.88039467646982,172.37291973557416,169.83255785828564,171.72486877441406,3068000
2016-12-21 00:00:00-05:00,168.06116981987446,169.3313504100442,165.93555744919445,166.0046844482422,6406000
2016-12-22 00:00:00-05:00,166.10840665029392,166.29850263025588,164.8468618000581,164.94190979003906,2030100
2016-12-23 00:00:00-05:00,165.45170980923038,166.7823816943536,164.87278592634715,165.78005981445312,1677400
2016-12-27 00:00:00-05:00,165.87504560554854,166.35892131519103,164.61350120430274,164.6480712890625,966500
2016-12-28 00:00:00-05:00,164.89004249546724,165.5294573466117,162.46201434264626,162.83355712890625,1555400
2016-12-29 00:00:00-05:00,163.1791815196006,163.86178916413766,161.07949026710486,161.53744506835938,1293100
2016-12-30 00:00:00-05:00,162.27199485051887,162.41024891341533,160.4401614787233,160.8894805908203,1323200
2017-01-03 00:00:00-05:00,161.20911358457744,163.8877154850974,161.20911358457744,162.1855010986328,1708400
2017-01-04 00:00:00-05:00,162.8767675140708,163.654423199173,161.89173082678192,163.0582275390625,1290300
2017-01-05 00:00:00-05:00,163.05820363145983,164.49254583624221,162.40150381313444,162.79898071289062,1207800
2017-01-06 00:00:00-05:00,162.53979617189714,165.67636653945294,162.35833613066623,164.38890075683594,1658400
2017-01-09 00:00:00-05:00,163.80996605795087,164.63082778568412,163.3174411105344,163.90501403808594,1279200
2017-01-10 00:00:00-05:00,163.3606811719459,164.0864950707704,162.7472003234027,162.80767822265625,1358100
2017-01-11 00:00:00-05:00,162.6607273783258,163.68896994247518,162.44471047609693,163.5161590576172,1045300
2017-01-12 00:00:00-05:00,163.01501745568314,163.1964642915287,161.01037403835244,161.9090118408203,1177900
2017-01-13 00:00:00-05:00,162.26328150142896,163.04958634019212,161.3041657447667,161.5893096923828,1140600
2017-01-17 00:00:00-05:00,160.82028928931936,161.35602027278597,159.36866176293262,160.7598114013672,1343800
2017-01-18 00:00:00-05:00,161.09681114892476,162.42746982913323,160.50060222626902,161.7794189453125,903000
2017-01-19 00:00:00-05:00,161.81402073905187,162.5311987731183,160.4401425759151,160.86354064941406,1061300
2017-01-20 00:00:00-05:00,160.73390920977826,161.58069203247683,159.30818931047875,160.4833221435547,2192900
2017-01-23 00:00:00-05:00,160.5524769318391,161.33014606180566,159.247738966114,160.25006103515625,1070500
2017-01-24 00:00:00-05:00,160.29319243688985,165.89236056142119,160.29319243688985,165.5640106201172,2138500
2017-01-25 00:00:00-05:00,165.55537928974982,167.6464215756451,164.69994750635436,166.72186279296875,1807000
2017-01-26 00:00:00-05:00,166.16887390927366,166.71324083383982,165.15791618124229,166.4021759033203,1067600
2017-01-27 00:00:00-05:00,166.56636894171976,169.72021143029252,165.72822204323657,169.28817749023438,1991400
2017-01-30 00:00:00-05:00,168.9080080750602,168.9080080750602,165.19251305734278,166.98114013671875,2304100
2017-01-31 00:00:00-05:00,164.41481206560977,164.58762298041893,160.8548571189561,163.4038543701172,2952300
2017-02-01 00:00:00-05:00,163.5507135967063,163.56799864032985,159.60193153704546,160.9498748779297,2076100
2017-02-02 00:00:00-05:00,160.82031703624367,161.5115740091049,158.8761642164259,159.5155792236328,1461900
2017-02-03 00:00:00-05:00,160.79440292782138,163.2570018787255,160.1895579949453,162.62623596191406,1356300
2017-02-06 00:00:00-05:00,164.54437485166633,164.8208827923098,162.2113951371404,162.6175079345703,1352500
2017-02-07 00:00:00-05:00,162.6175772860724,163.02369025669725,161.74487344740513,162.46205139160156,1158500
2017-02-08 00:00:00-05:00,162.22869624790158,162.68665103340524,161.41647057259303,162.41015625,955600
2017-02-09 00:00:00-05:00,162.41017402417978,164.27655027414178,162.29784100179532,162.937255859375,1347800
2017-02-10 00:00:00-05:00,163.1187224547096,165.03695407517037,162.71260952341927,164.91598510742188,1188300
2017-02-13 00:00:00-05:00,165.08018298254157,166.89471775025473,164.71727602899892,166.39356994628906,1068300
2017-02-14 00:00:00-05:00,165.97874792533432,166.8255436958839,165.32206127282964,166.2984619140625,945300
2017-02-15 00:00:00-05:00,166.56633027164085,168.31173749132842,166.0910904109828,168.2080535888672,1308700
2017-02-16 00:00:00-05:00,167.95747827124805,168.25125811536316,166.03924698499418,167.06748962402344,1143800
2017-02-17 00:00:00-05:00,166.59227831795258,167.36993408203125,166.1602444079914,167.36993408203125,808100
2017-02-21 00:00:00-05:00,167.9488740599745,168.98576609111134,167.42179211184418,168.80430603027344,1269600
2017-02-22 00:00:00-05:00,167.99202022745092,168.0611472172017,166.42805999013677,167.4822235107422,2126100
2017-02-23 00:00:00-05:00,167.62913638666626,168.06117024333292,164.78635941103548,165.1924591064453,1806500
2017-02-24 00:00:00-05:00,164.81230141664315,166.86013793945312,164.27657040047436,166.86013793945312,2209900
2017-02-27 00:00:00-05:00,166.73917805280274,168.00070976054946,165.7022992449567,167.94886779785156,1777000
2017-02-28 00:00:00-05:00,168.0352531446305,168.83882980795454,166.6873095902629,166.74778747558594,1788200
2017-03-01 00:00:00-05:00,168.3981686111379,171.60386586654795,168.3981686111379,170.58425903320312,2212700
2017-03-02 00:00:00-05:00,170.20410052823502,170.21274964586956,167.82791367370757,168.24267578125,1786400
2017-03-03 00:00:00-05:00,168.09571084679,168.74376156893467,167.59456322413544,167.93154907226562,819900
2017-03-06 00:00:00-05:00,167.6291435244318,168.86475407849068,167.05885564503808,167.5859375,925100
2017-03-07 00:00:00-05:00,167.49958870836542,168.1476397146893,166.22075856295163,166.68736267089844,1217600
2017-03-08 00:00:00-05:00,166.86012835573243,167.49089413902337,165.93556950897977,166.69595336914062,1206800
2017-03-09 00:00:00-05:00,166.85181884914275,167.02498882894014,164.42739949591137,165.6482696533203,1406200
2017-03-10 00:00:00-05:00,166.63535667409695,167.42329529303655,164.8516807407772,166.37559509277344,1226600
2017-03-13 00:00:00-04:00,166.1331556989939,167.3193971796503,165.717545093024,167.21548461914062,1283000
2017-03-14 00:00:00-04:00,167.02496452929253,167.13753094519427,165.36250918345937,165.7088623046875,1352200
2017-03-15 00:00:00-04:00,166.20240672014134,168.20254821459238,165.81277099727788,167.33668518066406,1412100
2017-03-16 00:00:00-04:00,167.44927350999845,167.97745055827602,166.62670616255585,167.2068328857422,1244000
2017-03-17 00:00:00-04:00,167.88217978070978,169.7870757750595,166.57473138181084,168.48828125,2390700
2017-03-20 00:00:00-04:00,168.8865749281678,169.2848644956063,166.4015392202813,166.47947692871094,2189300
2017-03-21 00:00:00-04:00,167.18952199235642,167.85624035522562,165.96865171038172,166.10719299316406,3352300
2017-03-22 00:00:00-04:00,169.42344204804317,170.99065224554485,166.67865743060278,169.63990783691406,6132700
2017-03-23 00:00:00-04:00,168.84326822787705,168.96448850735473,163.73468232014912,163.81260681152344,3489800
2017-03-24 00:00:00-04:00,163.94252351982922,164.78241182137748,162.11555176858815,162.88616943359375,2862300
2017-03-27 00:00:00-04:00,161.73453828591013,162.45320613615442,159.57854794719768,161.9510040283203,2405900
2017-03-28 00:00:00-04:00,161.91637301258672,164.93823948984408,161.91637301258672,164.41871643066406,1675600
2017-03-29 00:00:00-04:00,164.029134016534,165.95135146297966,163.77802627863346,165.31060791015625,1648300
2017-03-30 00:00:00-04:00,166.67858351096748,168.2717678396167,165.968569696581,168.12457275390625,1890800
2017-03-31 00:00:00-04:00,167.934126828601,169.9082934189396,167.30205053562946,168.97315979003906,2175500
2017-04-03 00:00:00-04:00,169.58794558371864,170.74819895512888,168.32377965718138,169.15501403808594,1796500
2017-04-04 00:00:00-04:00,168.8952321015256,170.2113475409072,168.54022510603113,169.94293212890625,1866400
2017-04-05 00:00:00-04:00,170.57506794192795,172.45398969371325,169.27627300835996,169.57933044433594,1651300
2017-04-06 00:00:00-04:00,169.70916962184535,170.8001523845148,169.39745837365086,169.7005157470703,1410500
2017-04-07 00:00:00-04:00,169.31082144941504,170.47108774774506,169.1636263455116,169.40606689453125,1612000
2017-04-10 00:00:00-04:00,169.82176694307068,170.77420861044473,169.04248207482834,169.5013885498047,1152400
2017-04-11 00:00:00-04:00,168.88659636274758,168.9558669945764,166.83449187938152,167.10292053222656,2393500
2017-04-12 00:00:00-04:00,167.2154801533311,167.31072562424123,161.18041319880916,161.31895446777344,3427400
2017-04-13 00:00:00-04:00,161.4748435349647,161.74325903067864,159.06774473775428,159.08505249023438,2691600
2017-04-17 00:00:00-04:00,159.63922416458615,160.96399405430964,158.51361236120644,160.65228271484375,2372600
2017-04-18 00:00:00-04:00,160.06343839406208,160.8600307869617,158.9291599518678,158.98110961914062,1525900
2017-04-19 00:00:00-04:00,160.3059164286591,161.11117609555285,158.35772417872084,158.93785095214844,1567300
2017-04-20 00:00:00-04:00,159.87297098574527,161.87311274204396,159.13698202574597,161.46615600585938,1672200
2017-04-21 00:00:00-04:00,161.89908874198213,162.47921546938403,160.35785338571475,160.4271240234375,1725000
2017-04-24 00:00:00-04:00,162.34936841430624,163.35377301111552,162.18485227372233,163.26718139648438,1533400
2017-04-25 00:00:00-04:00,163.8213219693749,165.024871341583,163.30181195384614,163.62217712402344,1472600
2017-04-26 00:00:00-04:00,163.70007707434553,165.43180329023753,163.32776227969956,164.15032958984375,1598000
2017-04-27 00:00:00-04:00,164.51398199620547,166.5660732279954,163.42299929297957,165.99461364746094,2119500
2017-04-28 00:00:00-04:00,166.32363895572817,166.52279698048338,163.44898034698372,164.2542266845703,1377500
2017-05-01 00:00:00-04:00,164.43604094731216,164.76505989402673,162.92078073927283,162.98138427734375,1349700
2017-05-02 00:00:00-04:00,163.34507057324058,164.28887140518225,162.9900767389375,163.67410278320312,1159500
2017-05-03 00:00:00-04:00,163.6827688439111,164.61790265866932,163.17191274137448,164.44473266601562,805000
2017-05-04 00:00:00-04:00,164.83435845614167,165.579001270215,164.4100939816731,165.54437255859375,1361500
2017-05-05 00:00:00-04:00,165.8214364133951,166.9384072036421,165.146064256883,166.609375,1116500
2017-05-08 00:00:00-04:00,166.3496299708105,166.3496299708105,165.2240184060433,165.47511291503906,1054700
2017-05-09 00:00:00-04:00,165.69154630488964,165.91666593141045,164.2022608690848,165.197998046875,1129500
2017-05-10 00:00:00-04:00,164.98157251885894,165.37987541429925,163.65680284606236,164.29754638671875,971000
2017-05-11 00:00:00-04:00,163.7693530598212,165.51840029439103,162.73031993873863,165.24131774902344,1328700
2017-05-12 00:00:00-04:00,164.32351272061138,166.30634679523584,164.32351272061138,165.9513397216797,1352300
2017-05-15 00:00:00-04:00,166.14183625565198,169.65723875936877,165.6136591713186,168.63551330566406,2088500
2017-05-16 00:00:00-04:00,168.7047648635312,169.0597719088475,168.00341785967674,168.09866333007812,1069200
2017-05-17 00:00:00-04:00,168.09865171250365,168.09865171250365,161.97700682967073,162.34066772460938,2284400
2017-05-18 00:00:00-04:00,163.21517710681937,165.15471500224123,161.05051958550877,163.41432189941406,1604700
2017-05-19 00:00:00-04:00,163.9078870539923,165.5443677803339,163.4316597078035,163.96849060058594,1308100
2017-05-22 00:00:00-04:00,164.8516747233946,166.15912324523418,164.02910742258106,165.94265747070312,1083800
2017-05-23 00:00:00-04:00,165.968587684019,167.37994838234727,165.31919053502412,167.16348266601562,907000
2017-05-24 00:00:00-04:00,167.4838954884864,167.89085220827312,166.76524073177976,167.34536743164062,715800
2017-05-25 00:00:00-04:00,167.71764832491286,168.7913231235708,167.05093016377737,168.6787567138672,1357600
2017-05-26 00:00:00-04:00,167.77828074277397,168.79133888866647,167.61376465538595,168.20254516601562,758000
2017-05-30 00:00:00-04:00,167.82160074037586,168.82599194525204,166.8345040736823,167.87355041503906,1083500
2017-05-31 00:00:00-04:00,168.21987957749025,168.23720053860595,166.1850960371174,167.83889770507812,1303100
2017-06-01 00:00:00-04:00,168.47970758374893,172.09035649688172,167.92555551772435,171.75267028808594,1420100
2017-06-02 00:00:00-04:00,172.34136402193832,177.40666780722935,172.176861151644,175.8654327392578,3027100
2017-06-05 00:00:00-04:00,175.48448002313313,176.98241954764217,174.95630298218748,175.12081909179688,1721000
2017-06-06 00:00:00-04:00,174.2896075566139,177.4240415017875,173.89997173701647,175.9174346923828,2120100
2017-06-07 00:00:00-04:00,176.03002379079885,178.63626774896355,175.268059805889,178.4977264404297,2175700
2017-06-08 00:00:00-04:00,178.4976634799662,179.17303560581567,176.89582475563992,178.229248046875,1975200
2017-06-09 00:00:00-04:00,178.27255641290066,179.32891047131218,177.45864296999116,178.71414184570312,1511100
2017-06-12 00:00:00-04:00,178.4890217809316,181.26844818999732,177.7270580128094,181.0692901611328,1841300
2017-06-13 00:00:00-04:00,181.7446510969784,182.39404839229206,180.4891523017763,181.32904052734375,1210800
2017-06-14 00:00:00-04:00,181.9351381478349,181.9351381478349,179.83109729765346,180.8787841796875,1110300
2017-06-15 00:00:00-04:00,179.96098301746326,182.541264560726,179.89171238421906,182.22088623046875,1281100
2017-06-16 00:00:00-04:00,182.56720220466363,183.45903995646398,181.45889872258127,182.26414489746094,1842200
2017-06-19 00:00:00-04:00,182.89626447094383,183.06078057886626,180.6190534329259,182.65382385253906,2318000
2017-06-20 00:00:00-04:00,182.6451192486838,183.1311524157705,181.35191345214844,181.35191345214844,2344600
2017-06-21 00:00:00-04:00,180.52741590362538,185.61342920833903,178.35761523170683,184.2594757080078,3534300
2017-06-22 00:00:00-04:00,182.08962225976177,184.5805484712695,181.05679532033412,183.67791748046875,2027300
2017-06-23 00:00:00-04:00,183.46964646826785,188.30396823159967,183.35681260688543,186.9066162109375,2547200
2017-06-26 00:00:00-04:00,187.8092858894807,188.59040891494575,186.60287712062345,186.9153289794922,1246600
2017-06-27 00:00:00-04:00,186.62887325795566,187.58359074315038,185.98660756396913,186.02133178710938,1541500
2017-06-28 00:00:00-04:00,187.63567606837313,188.62510459780844,186.8545399177168,188.4688720703125,1463300
2017-06-29 00:00:00-04:00,188.3387437060064,188.3387437060064,186.60290275019065,186.80252075195312,1574000
2017-06-30 00:00:00-04:00,187.88736931225853,189.51906359670602,187.5228444017055,188.62510681152344,1412800
2017-07-03 00:00:00-04:00,189.631864113997,190.3175151539554,188.66847229003906,188.66847229003906,991600
2017-07-05 00:00:00-04:00,188.68583645296448,190.38696578434593,188.3647102334151,189.47564697265625,1169200
2017-07-06 00:00:00-04:00,188.59910451392665,189.20664614184608,186.29043308441865,186.62892150878906,1501100
2017-07-07 00:00:00-04:00,187.70509825839082,190.06584217252055,186.94132427340452,189.64923095703125,1069200
2017-07-10 00:00:00-04:00,189.20662925973085,190.9337954595929,188.9549381946981,189.9617156982422,1018200
2017-07-11 00:00:00-04:00,190.15263677033235,190.30018161770744,187.7832182909843,188.80735778808594,1164900
2017-07-12 00:00:00-04:00,189.9617358895342,190.2915498832107,189.09381547957656,189.48439025878906,1031600
2017-07-13 00:00:00-04:00,189.51909143997298,189.67531074884164,188.52098831754193,189.18060302734375,977800
2017-07-14 00:00:00-04:00,188.55571408430964,190.4651363883792,188.2432621986681,190.12664794921875,1000100
2017-07-17 00:00:00-04:00,186.8198217607983,187.8786854569642,183.5911575796057,187.01943969726562,2838900
2017-07-18 00:00:00-04:00,186.74170306859776,186.74170306859776,183.0877534018538,183.16586303710938,2231000
2017-07-19 00:00:00-04:00,183.24401788708218,184.82362595262953,182.35006103409054,184.76287841796875,2616200
2017-07-20 00:00:00-04:00,185.04062176618572,185.27496397618035,183.42628933489354,183.8949737548828,1975900
2017-07-21 00:00:00-04:00,182.95759048042427,184.5285240065232,182.01156059083272,184.4417266845703,1235700
2017-07-24 00:00:00-04:00,184.0772246034257,185.2141981476141,183.67798865710986,184.58929443359375,1035900
2017-07-25 00:00:00-04:00,185.54399101908206,187.11492456138689,185.4311571480617,186.05606079101562,898300
2017-07-26 00:00:00-04:00,186.43792727278267,186.47265149545953,185.26624300394693,185.41378784179688,669200
2017-07-27 00:00:00-04:00,185.08403594175016,185.53535828385577,178.9825562384074,180.12820434570312,2374100
2017-07-28 00:00:00-04:00,180.2323178489264,181.35192911671575,179.39043416771415,180.56211853027344,1076400
2017-07-31 00:00:00-04:00,180.848510682099,181.23908532978086,180.27569346942494,180.5534210205078,828900
2017-08-01 00:00:00-04:00,181.36062702093946,181.751188497148,178.7134675257734,179.40780639648438,1176900
2017-08-02 00:00:00-04:00,179.65949921164136,181.98551922140817,179.0519576600913,181.8292999267578,1359900
2017-08-03 00:00:00-04:00,181.50814574493876,182.02021545653676,180.7704083178897,181.707763671875,1091000
2017-08-04 00:00:00-04:00,181.58628311845595,182.67985791011583,179.15610367135477,181.67308044433594,1450000
2017-08-07 00:00:00-04:00,181.39533526424356,181.39533526424356,180.17156451298928,180.84854125976562,988400
2017-08-08 00:00:00-04:00,181.00477922094225,181.78590218497752,179.4164835002188,179.6595001220703,1255300
2017-08-09 00:00:00-04:00,179.2949757459205,179.35572327986566,177.61988269358713,178.9477996826172,1018700
2017-08-10 00:00:00-04:00,178.61798160242336,178.79156299548427,176.64779902048298,176.6651611328125,1110200
2017-08-11 00:00:00-04:00,176.5263183899111,179.49460437976236,176.30066386790372,177.8108367919922,1136600
2017-08-14 00:00:00-04:00,178.74818335321007,180.55345916861012,178.74818335321007,180.40591430664062,1105200
2017-08-15 00:00:00-04:00,180.9700235436396,182.48888378796707,180.55342558477895,181.45606994628906,723000
2017-08-16 00:00:00-04:00,181.7685287710587,183.1224954644475,181.6904191281935,181.94212341308594,709700
2017-08-17 00:00:00-04:00,181.39536736703892,181.77725446991587,178.24481201171875,178.24481201171875,1028600
2017-08-18 00:00:00-04:00,178.114618632739,180.15423679092302,177.65462189807005,178.79159545898438,930400
2017-08-21 00:00:00-04:00,178.7915876321352,179.31234512648726,177.81083342325113,179.0780029296875,980800
2017-08-22 00:00:00-04:00,179.65947920924359,181.91607699909127,179.49457225430865,181.63833618164062,701500
2017-08-23 00:00:00-04:00,180.80517633238856,181.2564853857793,178.79159473388677,179.72027587890625,1015800
2017-08-24 00:00:00-04:00,180.54479039187748,180.57950137790587,178.479135772737,179.3730926513672,598200
2017-08-25 00:00:00-04:00,180.29307050753837,181.40400737227512,179.8243993978637,180.31910705566406,614200
2017-08-28 00:00:00-04:00,180.9006040013115,181.6036304997161,180.3798598185147,181.25645446777344,640100
2017-08-29 00:00:00-04:00,180.0587601076688,183.69533521879188,179.85045445781046,183.39157104492188,824300
2017-08-30 00:00:00-04:00,184.15532852783141,186.16023560659949,183.61722216327053,185.54400634765625,1010700
2017-08-31 00:00:00-04:00,186.385945714642,186.73310865143515,185.18821106889658,186.0648193359375,1088500
2017-09-01 00:00:00-04:00,186.7070030250929,188.08700631037323,186.1688966990993,186.64625549316406,825600
2017-09-05 00:00:00-04:00,185.90849844893322,186.53340203310395,184.34623948850637,185.0926513671875,992000
2017-09-06 00:00:00-04:00,185.73498642759142,186.3685646824824,183.92103576660156,183.92103576660156,1134800
2017-09-07 00:00:00-04:00,184.60668612987243,185.73498541895108,184.09461621765118,185.4398956298828,881600
2017-09-08 00:00:00-04:00,185.030946026624,185.030946026624,182.40367515764257,183.10833740234375,1601000
2017-09-11 00:00:00-04:00,184.52635935923038,185.30061963329192,183.56940249264895,184.7786407470703,1491900
2017-09-12 00:00:00-04:00,185.5703620340264,189.04149218431775,185.39637344223144,187.51036071777344,1580700
2017-09-13 00:00:00-04:00,187.1449788780753,187.5016641162076,185.83134975711013,187.04058837890625,800900
2017-09-14 00:00:00-04:00,186.3098011136182,188.0758109304111,186.1967025730578,186.62298583984375,967900
2017-09-15 00:00:00-04:00,185.18758012812725,188.7805036387627,184.20453860587045,186.8927001953125,1811600
2017-09-18 00:00:00-04:00,187.04053986656575,188.2062777198601,186.26627955809712,187.11013793945312,1125800
2017-09-19 00:00:00-04:00,187.15368007952173,188.73699344832048,187.04058152657967,187.91053771972656,2127000
2017-09-20 00:00:00-04:00,188.23240946492606,193.7479415895732,187.53645515882425,191.82533264160156,4275900
2017-09-21 00:00:00-04:00,191.3903752973156,192.0689401114114,189.65046279461274,190.37252807617188,2092300
2017-09-22 00:00:00-04:00,190.38989091395527,192.21679069324375,189.51122678904582,191.3903350830078,1607600
2017-09-25 00:00:00-04:00,191.50343249682152,192.19069194618382,189.3024447182311,190.69436645507812,1277500
2017-09-26 00:00:00-04:00,190.2941905532686,191.66872270085344,190.1201887242389,191.22503662109375,1404700
2017-09-27 00:00:00-04:00,192.06889975452583,192.24288831334243,191.3903350830078,191.3903350830078,1262300
2017-09-28 00:00:00-04:00,191.05971846350806,195.30510768006457,190.624740495401,195.0963134765625,1467900
2017-09-29 00:00:00-04:00,195.09631122950427,196.9058211489251,194.42645472395597,196.24465942382812,1290200
2017-10-02 00:00:00-04:00,196.1837550169874,197.47999411842554,195.3921052172714,196.89712524414062,1168800
2017-10-03 00:00:00-04:00,196.77536027643393,197.3930216357258,193.63481841767478,194.0001983642578,1291300
2017-10-04 00:00:00-04:00,193.8871176655582,194.40909665124994,192.44300058416826,192.5386962890625,1004800
2017-10-05 00:00:00-04:00,189.98969513670505,192.83445504584412,189.45032665083158,192.79095458984375,2072800
2017-10-06 00:00:00-04:00,192.70399570521207,193.3390732974775,191.58175803271274,192.08633422851562,783000
2017-10-09 00:00:00-04:00,192.35600875664488,192.93018301315828,191.4251492855267,191.94712829589844,1024600
2017-10-10 00:00:00-04:00,192.5647594489386,193.3216168957128,191.95577964979074,192.06887817382812,710200
2017-10-11 00:00:00-04:00,192.6605131427606,194.00023990040535,192.47781649311517,193.7218475341797,1318600
2017-10-12 00:00:00-04:00,193.6261455753523,196.4621978294009,193.39994848197404,195.79232788085938,1172400
2017-10-13 00:00:00-04:00,196.16641557957894,196.6796865183771,193.13026385990642,193.3216552734375,1088200
2017-10-16 00:00:00-04:00,193.756593725855,193.89578986622882,191.63389904581518,192.56475830078125,762800
2017-10-17 00:00:00-04:00,192.2689906514551,192.70396869640845,191.22504599846243,191.4773406982422,1034000
2017-10-18 00:00:00-04:00,191.7905496473941,194.2351244448992,191.57306059744556,193.39126586914062,851300
2017-10-19 00:00:00-04:00,192.67787494835233,194.87016805583394,191.92101738275375,194.8440704345703,1487000
2017-10-20 00:00:00-04:00,195.68794210000348,196.47960539692212,194.87018118006358,195.80104064941406,1297900
2017-10-23 00:00:00-04:00,196.61009344467948,197.11466961371374,195.4704529915493,196.03591918945312,1192400
2017-10-24 00:00:00-04:00,196.38389858347566,197.23645186107845,195.94892052507956,196.47088623046875,1107100
2017-10-25 00:00:00-04:00,196.0794141567591,196.96677313773932,195.7575346323106,196.17510986328125,1108600
2017-10-26 00:00:00-04:00,196.8884619529419,200.15949196109273,196.52306872605084,199.25473022460938,1430400
2017-10-27 00:00:00-04:00,199.2112480122632,201.26434489692997,198.8806604532438,200.498779296875,1241400
2017-10-30 00:00:00-04:00,200.1508016332688,200.48137591691906,197.62792103739073,198.1063995361328,742800
2017-10-31 00:00:00-04:00,198.4543902591383,198.61968404952987,196.41869607894975,196.44479370117188,949200
2017-11-01 00:00:00-04:00,197.4800310941978,197.81061865399408,195.45303182527172,196.1403045654297,1149900
2017-11-02 00:00:00-04:00,196.3491063110753,197.04507390692245,193.8784339565718,196.00112915039062,1318400
2017-11-03 00:00:00-04:00,195.87933758858435,196.5404995096571,194.64400140015803,195.0789794921875,810600
2017-11-06 00:00:00-05:00,194.54830156031773,194.9919744259603,191.84273735433155,192.21681213378906,1103700
2017-11-07 00:00:00-05:00,192.74745219320485,193.86099482833077,192.0862904018724,192.39947509765625,855600
2017-11-08 00:00:00-05:00,191.76442933885505,193.0519740089939,191.24246360927867,191.82533264160156,972900
2017-11-09 00:00:00-05:00,190.8683448855903,191.17283480143504,187.44942410935374,189.16323852539062,1003400
2017-11-10 00:00:00-05:00,188.68480476155105,190.0419343461335,188.14543615087817,189.78094482421875,936300
2017-11-13 00:00:00-05:00,190.95534490391023,192.93014877079463,190.2158769828749,192.6343536376953,1209500
2017-11-14 00:00:00-05:00,192.09496163906223,192.24285255026788,190.97272436016104,191.33810424804688,805000
2017-11-15 00:00:00-05:00,190.48561420467877,191.28597231074943,186.3185165989619,186.56210327148438,1323400
2017-11-16 00:00:00-05:00,187.31894528547622,190.2419849047422,186.87525919903504,189.57212829589844,1520300
2017-11-17 00:00:00-05:00,188.83268916054575,189.8940367781432,187.78874438366512,187.91053771972656,1446800
2017-11-20 00:00:00-05:00,188.4411991848905,189.94621958359605,187.9540258725565,188.9979705810547,991200
2017-11-21 00:00:00-05:00,189.54605700453965,189.62434987497167,188.63260035939925,189.0588836669922,1226000
2017-11-22 00:00:00-05:00,189.67653679147352,190.01581915625573,188.37160257700694,189.50254821777344,1331900
2017-11-24 00:00:00-05:00,190.5203839842625,190.60738490317834,188.2150056522344,188.7804718017578,703600
2017-11-27 00:00:00-05:00,188.8761155529899,189.96356036795703,188.22364866400963,189.5372772216797,1244700
2017-11-28 00:00:00-05:00,190.36376793045005,190.45075556103035,188.5281603393812,190.0940704345703,1647700
2017-11-29 00:00:00-05:00,190.45080626315445,197.02767289217078,190.32031814530805,196.5491943359375,1881800
2017-11-30 00:00:00-05:00,197.7671084301019,203.47401793620293,197.7671084301019,201.3600311279297,2789100
2017-12-01 00:00:00-05:00,201.58622906994052,202.69107703662195,196.75797004768674,200.82066345214844,1809900
2017-12-04 00:00:00-05:00,204.23957160046314,211.45150092072464,203.38700517217652,207.96298217773438,3049700
2017-12-05 00:00:00-05:00,207.3105547689768,208.3631942847366,204.50060010006263,204.7876739501953,1592100
2017-12-06 00:00:00-05:00,204.1352125066961,206.84948481732755,203.28265916640026,205.64894104003906,1523400
2017-12-07 00:00:00-05:00,205.66632363191817,209.0330494721792,205.09214942326815,208.1804962158203,1232200
2017-12-08 00:00:00-05:00,209.46199636672094,210.09839025572307,208.1891952864469,209.86300659179688,1196600
2017-12-11 00:00:00-05:00,208.93894422546612,210.19430614847755,206.8379569321559,208.01486206054688,1423000
2017-12-12 00:00:00-05:00,208.04975507469044,210.4209916229537,207.50054413679064,208.790771484375,1731100
2017-12-13 00:00:00-05:00,209.56660817656564,212.2603976580495,208.79072667633102,210.98760986328125,1204800
2017-12-14 00:00:00-05:00,211.17070283854977,211.6850617773737,207.75333594319173,207.91897583007812,1537000
2017-12-15 00:00:00-05:00,209.6624845846822,210.74349345202288,208.84301162259945,209.2701873779297,2227000
2017-12-18 00:00:00-05:00,211.84194270224188,212.4957758587303,210.1855706933791,210.89170837402344,1977900
2017-12-19 00:00:00-05:00,211.0660752446705,212.295284853079,209.53175145765812,211.44093322753906,2330000
2017-12-20 00:00:00-05:00,220.2110158614873,220.76895296497042,214.98035052798187,218.877197265625,5898100
2017-12-21 00:00:00-05:00,221.29199689455442,222.39915804162362,216.86336560854664,218.0925750732422,3257100
2017-12-22 00:00:00-05:00,218.4326071080435,219.29567177530964,217.22083669968654,217.96185302734375,1341200
2017-12-26 00:00:00-05:00,218.29311567540907,219.03413199011493,217.25571145800046,217.6305694580078,755900
2017-12-27 00:00:00-05:00,218.17105565888528,218.24952575198924,216.90698080935306,217.97055053710938,890200
2017-12-28 00:00:00-05:00,217.94440791697133,218.4849057918787,215.56445870715388,216.47982788085938,1003400
2017-12-29 00:00:00-05:00,217.0726571285678,218.55467662521596,216.7065120742622,217.5434112548828,1162200
2018-01-02 00:00:00-05:00,218.66796281892783,224.5699005126953,217.94438586159498,224.5699005126953,2461300
2018-01-03 00:00:00-05:00,224.27351848648337,228.03087789113627,223.18379646414687,227.37704467773438,2149600
2018-01-04 00:00:00-05:00,228.65855730728327,232.08463693745122,228.40573435052448,230.9164581298828,2600400
2018-01-05 00:00:00-05:00,232.1108714190019,236.59182270221416,229.81809123051048,231.8231964111328,2863900
2018-01-08 00:00:00-05:00,234.42099484709402,235.52816944266308,232.66873993581072,234.21177673339844,1956000
2018-01-09 00:00:00-05:00,235.3799412831539,236.25171884346187,232.76460860222997,233.41844177246094,1648300
2018-01-10 00:00:00-05:00,231.2825898586075,234.26408099812042,229.81800985530424,233.64512634277344,1644400
2018-01-11 00:00:00-05:00,234.07228974335257,236.42609994683417,233.3138474746538,236.41737365722656,1652100
2018-01-12 00:00:00-05:00,236.46966495550453,237.03631505292307,234.99635873949228,236.99273681640625,1342900
2018-01-16 00:00:00-05:00,237.35895487534768,238.13484996221408,232.947760911112,235.0138702392578,1668600
2018-01-17 00:00:00-05:00,235.93794999360298,237.03637189993057,233.6800221424629,236.67893981933594,1378100
2018-01-18 00:00:00-05:00,237.35891334624787,239.4424748944369,235.94663767813324,237.28045654296875,1903100
2018-01-19 00:00:00-05:00,237.80357275860734,239.19842270931593,235.22311764275392,239.1461181640625,1420400
2018-01-22 00:00:00-05:00,238.03884739256668,238.9542297751258,236.51323669284074,238.7711639404297,1006300
2018-01-23 00:00:00-05:00,238.82358871132445,238.82358871132445,236.53080836289027,237.1410369873047,1182800
2018-01-24 00:00:00-05:00,237.50710379587744,237.89068808814372,234.35127297685762,235.73739624023438,1421700
2018-01-25 00:00:00-05:00,236.33894815282494,236.33894815282494,232.5641356797235,233.6713104248047,1603500
2018-01-26 00:00:00-05:00,234.08099446049687,234.50815693923852,231.62257542645338,234.3773956298828,1522200
2018-01-29 00:00:00-05:00,233.2005252764982,235.8594365116654,233.00000683600817,233.3661651611328,1153300
2018-01-30 00:00:00-05:00,232.36358109910466,232.6251037059387,226.23498636994057,227.9349365234375,2455400
2018-01-31 00:00:00-05:00,229.88774261196522,232.91281166983816,228.109309022311,228.8241729736328,1764600
2018-02-01 00:00:00-05:00,225.04935723721687,231.60514109130347,224.3344932991637,228.2574920654297,2318100
2018-02-02 00:00:00-05:00,227.16780223254517,227.74317865864396,222.93097573746576,223.06173706054688,1655000
2018-02-05 00:00:00-05:00,220.10642064187556,225.90375008251166,216.51470092684218,216.63674926757812,2315400
2018-02-06 00:00:00-05:00,213.09732333923958,221.53612430696126,211.41478561721098,218.101318359375,3366200
2018-02-07 00:00:00-05:00,217.03779361712168,221.84128421141847,216.64548298938664,218.9469757080078,1520100
2018-02-08 00:00:00-05:00,219.3828386591719,219.3828386591719,208.47690512813733,208.59024047851562,2735400
2018-02-09 00:00:00-05:00,205.478010269443,208.35487946646373,197.19612175508564,205.14674377441406,5153300
2018-02-12 00:00:00-05:00,206.44570682757194,210.42973791571077,205.21649688857175,209.1656494140625,2667200
2018-02-13 00:00:00-05:00,208.12818976632667,210.56044342613342,206.36719528331543,209.50559997558594,1537700
2018-02-14 00:00:00-05:00,209.00868934216513,211.25787725127512,208.22409478650235,209.94149780273438,1817100
2018-02-15 00:00:00-05:00,210.9004349559225,213.6988468990858,208.0671577618309,213.61166381835938,1707700
2018-02-16 00:00:00-05:00,212.71373939620713,215.95675320856049,211.4932560484487,212.87937927246094,1476800
2018-02-20 00:00:00-05:00,212.15581349699622,212.97528663204528,209.44458442150932,210.0809783935547,1125400
2018-02-21 00:00:00-05:00,210.0983789245834,215.98287708948354,210.0983789245834,212.1034698486328,1281300
2018-02-22 00:00:00-05:00,212.84451382485278,216.36650307772464,212.75734403879994,213.96038818359375,1383500
2018-02-23 00:00:00-05:00,216.39263511278205,219.89718475988724,215.76495418188946,219.87974548339844,1806900
2018-02-26 00:00:00-05:00,220.55974966256616,222.43406632495606,217.9444166626148,221.87612915039062,1534300
2018-02-27 00:00:00-05:00,221.98077885772088,223.10536633321806,216.73267293343008,216.84600830078125,1393700
2018-02-28 00:00:00-05:00,217.5608374350795,219.33927136579675,214.68396840758166,214.8147430419922,1739400
2018-03-01 00:00:00-05:00,214.7624127890617,218.35413217255766,211.39735078821883,212.4521942138672,1967800
2018-03-02 00:00:00-05:00,210.60403602241783,211.68504504456754,207.48307059120205,210.36865234375,1729900
2018-03-05 00:00:00-05:00,208.703569716081,211.9378707377824,206.78566149482532,210.9178924560547,1064200
2018-03-06 00:00:00-05:00,212.33883956421647,213.25419524353376,210.6039976524929,211.8767852783203,1434900
2018-03-07 00:00:00-05:00,209.2266430284227,212.1994081073301,208.79075418878017,210.69122314453125,1648200
2018-03-08 00:00:00-05:00,210.97020186374618,210.9789148518648,205.89644930160193,209.63638305664062,1837500
2018-03-09 00:00:00-05:00,211.7854248927192,216.1184577727389,210.48377813115232,215.88258361816406,1644700
2018-03-12 00:00:00-04:00,215.8476027073367,217.08810456238052,214.59835638128024,215.3758544921875,1277100
2018-03-13 00:00:00-04:00,216.2843849871175,220.79213282755967,215.58550718294282,219.07115173339844,1950400
2018-03-14 00:00:00-04:00,220.35536986459226,220.58249952074883,215.40209315812086,215.69911193847656,1539300
2018-03-15 00:00:00-04:00,216.25821385603138,219.8137347755525,215.9699262144506,216.12716674804688,1732100
2018-03-16 00:00:00-04:00,217.07937342711693,221.99769848231838,216.66878318910022,220.17189025878906,2167000
2018-03-19 00:00:00-04:00,219.46430253253507,220.84458275770675,215.1662213233867,218.0578155517578,1984000
2018-03-20 00:00:00-04:00,218.8789853633581,221.9103576928177,217.85688195495052,220.136962890625,3398100
2018-03-21 00:00:00-04:00,220.36407844164518,225.3872437579562,217.53362918635491,217.54237365722656,4843700
2018-03-22 00:00:00-04:00,214.90415017484608,214.90415017484608,205.63531617272332,206.40408325195312,4249800
2018-03-23 00:00:00-04:00,207.0942110783958,208.5618560686869,199.96568016552564,200.4723663330078,2666300
2018-03-26 00:00:00-04:00,204.20261083695266,209.74119395949376,202.2544998221132,209.5315399169922,2659400
2018-03-27 00:00:00-04:00,209.9421235579829,210.77203521997157,203.70464939085804,204.9801025390625,1907100
2018-03-28 00:00:00-04:00,204.9800948082364,207.04177717320277,203.04944621075214,205.119873046875,1882000
2018-03-29 00:00:00-04:00,206.98939052232828,211.91646076872254,206.86708788014784,209.75868225097656,1923500
2018-04-02 00:00:00-04:00,208.95498546137156,211.30495584181332,205.46934002759502,208.35220336914062,2063900
2018-04-03 00:00:00-04:00,208.98115655886997,210.78948919700116,207.11166594269275,210.5710906982422,1540100
2018-04-04 00:00:00-04:00,206.61371341464314,208.8763320193783,203.13681300560995,208.5792999267578,2027400
2018-04-05 00:00:00-04:00,209.05977137543363,211.35732778814653,207.20775641977872,210.59730529785156,1153600
2018-04-06 00:00:00-04:00,209.03358609206845,209.339349345768,202.42048597422362,204.67434692382812,1447000
2018-04-09 00:00:00-04:00,205.9060815350095,208.2473201410129,204.47338805849466,204.70053100585938,1385400
2018-04-10 00:00:00-04:00,207.91537475585938,210.32648942902287,206.99809837770383,207.91537475585938,1649200
2018-04-11 00:00:00-04:00,206.27301374849466,208.71034850559332,205.97599498375453,207.91537475585938,906000
2018-04-12 00:00:00-04:00,209.2607041052899,212.79003138422942,209.16460823061612,211.3311309814453,1167800
2018-04-13 00:00:00-04:00,212.82495564770858,215.7340251256063,212.37069638742585,213.58499145507812,1651800
2018-04-16 00:00:00-04:00,214.57213030370633,219.34195888182376,214.57213030370633,218.4246826171875,1417400
2018-04-17 00:00:00-04:00,219.90113138663028,221.15036468455634,218.73051836689757,220.14573669433594,1351800
2018-04-18 00:00:00-04:00,220.3466441451727,224.92428219488426,218.4247397210913,223.22950744628906,2186200
2018-04-19 00:00:00-04:00,222.74898916082532,222.74898916082532,218.04031814451318,219.78750610351562,1483900
2018-04-20 00:00:00-04:00,219.89239092598083,220.5563176859079,214.4673653506928,215.88258361816406,1512500
2018-04-23 00:00:00-04:00,216.07476217040502,217.85690160477057,215.4894557211735,217.36769104003906,813900
2018-04-24 00:00:00-04:00,218.73922113743782,221.7968004171504,212.4930287980201,214.51976013183594,1817800
2018-04-25 00:00:00-04:00,214.44113554163445,216.66005859470735,212.78131215524047,215.69036865234375,1316000
2018-04-26 00:00:00-04:00,215.95247266522415,218.87027394663474,213.67239138520222,215.7165985107422,1708400
2018-04-27 00:00:00-04:00,215.71652520079599,219.17596274757008,214.65075295641984,218.68675231933594,1243600
2018-04-30 00:00:00-04:00,219.35074954551754,220.96690403748644,215.48946504399052,215.9524688720703,1603400
2018-05-01 00:00:00-04:00,215.97866567265277,216.92214890052242,212.51049602825734,213.73353576660156,1599400
2018-05-02 00:00:00-04:00,212.96475978474967,213.07833127862796,208.56185156884735,210.18673706054688,1461900
2018-05-03 00:00:00-04:00,209.00735433952661,212.9822095122943,206.7010668248416,211.540771484375,1355400
2018-05-04 00:00:00-04:00,210.14307169722224,215.02645970935126,208.4133590434963,213.9781494140625,989500
2018-05-07 00:00:00-04:00,214.6333421463498,215.5331430263627,211.68058974592586,212.38819885253906,1308600
2018-05-08 00:00:00-04:00,210.51868633002937,214.31882570539523,210.4487972077942,211.36607360839844,1682500
2018-05-09 00:00:00-04:00,212.37947329538284,213.42778360423029,210.6060782460021,213.30548095703125,1388700
2018-05-10 00:00:00-04:00,213.72477201873815,216.83477793233266,213.58500710609422,216.3892364501953,1232900
2018-05-11 00:00:00-04:00,216.84349744679997,220.32039773339505,216.62509895314474,219.18472290039062,1941200
2018-05-14 00:00:00-04:00,220.66985814220416,221.70069270309796,219.05370384861436,219.57786560058594,1047600
2018-05-15 00:00:00-04:00,217.94418201001983,218.03154672382448,215.1224777099157,216.07469177246094,1638200
2018-05-16 00:00:00-04:00,216.45915896046307,217.28033960010305,215.37589740796088,215.88258361816406,1101200
2018-05-17 00:00:00-04:00,216.3805209610906,218.59944407092064,216.0223441871848,217.05319213867188,1084000
2018-05-18 00:00:00-04:00,216.54646375364746,218.16260449719616,215.52436047346103,217.91799926757812,1195700
2018-05-21 00:00:00-04:00,219.27210969502914,222.71407243419534,218.99255319662555,222.46946716308594,1384200
2018-05-22 00:00:00-04:00,222.89751618550162,223.90214400947423,220.45146351322265,220.66111755371094,1011300
2018-05-23 00:00:00-04:00,220.16315534640887,220.16315534640887,217.19292785993358,218.80908203125,1106800
2018-05-24 00:00:00-04:00,218.55577630006405,220.15445518137258,217.0881445382004,219.91859436035156,1496300
2018-05-25 00:00:00-04:00,219.14982363074708,221.17655507747685,219.14982363074708,219.70892333984375,841200
2018-05-29 00:00:00-04:00,218.59946615394134,219.67399658420828,215.17497859574743,216.31065368652344,1159700
2018-05-30 00:00:00-04:00,217.28903310990987,222.05886224193546,217.17547495366193,221.08917236328125,1201800
2018-05-31 00:00:00-04:00,221.49977405672294,221.49977405672294,217.35020231897516,217.62974548339844,1300900
2018-06-01 00:00:00-04:00,219.77009244448527,222.59179789016545,219.35950211687987,221.54348754882812,1174500
2018-06-04 00:00:00-04:00,222.51312024952816,224.07684755047615,219.8311804321098,220.0408477783203,919300
2018-06-05 00:00:00-04:00,219.76135311651575,220.80093233925956,218.18014975956507,220.14573669433594,953900
2018-06-06 00:00:00-04:00,221.83174737511533,224.28654470714434,219.71765121496952,224.1205596923828,1096300
2018-06-07 00:00:00-04:00,224.7757399616649,227.67607862619633,222.7490086831864,224.73207092285156,1758700
2018-06-08 00:00:00-04:00,224.4874348348066,227.492600107906,224.29524310245824,227.2654571533203,1221800
2018-06-11 00:00:00-04:00,227.2567879763536,230.12217563367625,227.2567879763536,228.85545349121094,1424300
2018-06-12 00:00:00-04:00,230.2706641666703,232.96134890727728,229.92123186087065,231.96543884277344,1782400
2018-06-13 00:00:00-04:00,232.3497841376403,232.40219764188538,229.17863383095522,229.68533325195312,1147800
2018-06-14 00:00:00-04:00,230.62888099245365,230.69875680175684,228.3225793857384,230.17462158203125,1015600
2018-06-15 00:00:00-04:00,229.32715455508122,231.49365047178316,227.86824093958506,231.11801147460938,1363700
2018-06-18 00:00:00-04:00,229.83384619603615,231.19665072657236,228.5147107022584,230.34054565429688,1392400
2018-06-19 00:00:00-04:00,228.38368830997945,228.4535907642438,222.54808639772838,225.7279815673828,3160700
2018-06-20 00:00:00-04:00,224.7844726414973,224.7844726414973,219.35071683141908,219.64773559570312,3906200
2018-06-21 00:00:00-04:00,219.7176364993099,219.97098624065825,214.598374791577,215.5331268310547,3665100
2018-06-22 00:00:00-04:00,217.13606932876667,217.3462905901061,211.5303026784012,211.7667999267578,2635600
2018-06-25 00:00:00-04:00,209.97987147112917,210.5054177387781,203.19163456751374,205.42518615722656,3605700
2018-06-26 00:00:00-04:00,206.362444051619,208.40328323329936,204.69822281713226,207.4573211669922,1954200
2018-06-27 00:00:00-04:00,207.45731035768335,209.02516842451882,201.14205360457186,201.2384033203125,2596500
2018-06-28 00:00:00-04:00,198.10271376122526,199.7581676725647,194.83560370274924,198.54066467285156,4067900
2018-06-29 00:00:00-04:00,199.8544993955978,202.11432749974395,198.82969595857801,198.8822479248047,2262700
2018-07-02 00:00:00-04:00,197.40196703443078,201.13331692811556,197.30561731029337,200.923095703125,1587500
2018-07-03 00:00:00-04:00,201.9741355174779,202.72741138624428,199.07490352095056,199.36395263671875,922000
2018-07-05 00:00:00-04:00,200.00337133046838,200.6953410900301,197.5245681590574,200.21359252929688,1623600
2018-07-06 00:00:00-04:00,200.2135744565353,200.83545706182048,197.3844162409889,199.94204711914062,1584900
2018-07-09 00:00:00-04:00,200.7654196488508,206.2398048678684,200.5639526498482,205.78433227539062,1733900
2018-07-10 00:00:00-04:00,206.18725029541824,207.7638759937541,205.2412882416157,206.4149932861328,1195700
2018-07-11 00:00:00-04:00,204.2953431778686,204.49679685211154,201.11581532756057,201.65011596679688,1394600
2018-07-12 00:00:00-04:00,203.01650956203318,204.74203710438562,201.11580434011807,203.81358337402344,1333200
2018-07-13 00:00:00-04:00,203.20920684324867,205.7405623766449,203.04278337162606,204.74203491210938,983400
2018-07-16 00:00:00-04:00,203.4895399807894,204.93477279923601,200.62533696701425,201.61509704589844,1935900
2018-07-17 00:00:00-04:00,201.22086674280325,202.7186643290987,200.9843829385441,202.4646453857422,1801300
2018-07-18 00:00:00-04:00,202.85007347908822,207.44855744905828,202.57854608786474,206.8792266845703,1888800
2018-07-19 00:00:00-04:00,205.94198801459382,207.89525828235602,204.9609824608753,207.1945343017578,1549800
2018-07-20 00:00:00-04:00,206.23103105035966,206.73905558711851,204.5493015658465,205.7755584716797,1705400
2018-07-23 00:00:00-04:00,205.71427339326215,207.47483099533846,205.17121861719068,207.0631561279297,1207100
2018-07-24 00:00:00-04:00,208.19306476995206,210.4966903801527,206.9755620143172,207.43978881835938,1928200
2018-07-25 00:00:00-04:00,207.74638029477126,210.69817841765078,207.09822152340712,210.42665100097656,1885300
2018-07-26 00:00:00-04:00,211.26749245738623,212.86164000509237,209.93611809905136,211.3025360107422,1505900
2018-07-27 00:00:00-04:00,211.95066044463636,213.83385685949753,210.27769858550337,210.95213317871094,1215300
2018-07-30 00:00:00-04:00,210.89085580511153,214.02658549127554,210.23392953087827,210.601806640625,1212800
2018-07-31 00:00:00-04:00,212.42367808008368,217.76667028140287,212.35360434222127,215.35794067382812,1886200
2018-08-01 00:00:00-04:00,215.20907194566414,215.20907194566414,210.8120411192162,211.179931640625,1096700
2018-08-02 00:00:00-04:00,210.2164125644537,211.89814226114538,209.1478113980351,211.19741821289062,1030000
2018-08-03 00:00:00-04:00,210.7681970504483,213.78130056086644,210.3827982249022,213.12437438964844,962300
2018-08-06 00:00:00-04:00,212.28352649565082,215.0601331493633,212.28352649565082,214.70977783203125,1209700
2018-08-07 00:00:00-04:00,215.34042086287292,218.70387991100932,214.3243717654573,217.09222412109375,1144700
2018-08-08 00:00:00-04:00,217.04846218429267,217.46889129339007,214.93753570214045,215.02513122558594,888600
2018-08-09 00:00:00-04:00,215.47179458379068,216.40901571536472,214.41194776226467,214.42071533203125,1115600
2018-08-10 00:00:00-04:00,213.88641291658,213.88641291658,210.5141864250983,211.75796508789062,1483100
2018-08-13 00:00:00-04:00,211.96821304128446,212.55506558100458,210.35655710845313,211.08355712890625,900100
2018-08-14 00:00:00-04:00,211.57407665957192,215.51563465145514,211.57407665957192,213.45726013183594,1038800
2018-08-15 00:00:00-04:00,212.9054168543551,213.74627493952153,210.12879690977488,213.2645263671875,915300
2018-08-16 00:00:00-04:00,214.6134405383377,217.80172222533506,214.1579679072811,215.6907958984375,1031200
2018-08-17 00:00:00-04:00,215.50686167668226,216.74188635748868,215.01635883286698,216.29518127441406,803800
2018-08-20 00:00:00-04:00,216.64556386653464,218.90539227981705,216.64556386653464,217.91561889648438,1031400
2018-08-21 00:00:00-04:00,217.91559435982114,220.98125053909598,217.91559435982114,219.94769287109375,1263800
2018-08-22 00:00:00-04:00,219.0980642142158,219.64988659610805,215.99737788569766,216.29518127441406,1168200
2018-08-23 00:00:00-04:00,216.22511863215468,216.92584274438317,213.55361547220892,214.1317138671875,1205400
2018-08-24 00:00:00-04:00,215.17399508104407,215.53311795273171,214.14042422000125,214.61341857910156,1066100
2018-08-27 00:00:00-04:00,215.7696110104298,218.83526681039436,215.7696110104298,218.0119171142578,1650900
2018-08-28 00:00:00-04:00,218.50240705934075,218.68633890076453,216.57541295263556,216.89950561523438,857900
2018-08-29 00:00:00-04:00,217.32876561949277,217.55650865723388,216.17258211210608,216.87330627441406,981700
2018-08-30 00:00:00-04:00,216.75064542454936,217.16230693679987,215.34044312130962,216.1199951171875,1171400
2018-08-31 00:00:00-04:00,215.839655851213,216.04110946312824,213.22947300465222,213.67617797851562,1476000
2018-09-04 00:00:00-04:00,213.6324328521547,213.6587088356076,210.9434214122737,211.34632873535156,1891400
2018-09-05 00:00:00-04:00,211.14483272083265,214.76231052282967,210.54922606177124,214.3856658935547,1889200
2018-09-06 00:00:00-04:00,213.8426434461565,216.46159437666856,212.88791378766595,215.63824462890625,1069400
2018-09-07 00:00:00-04:00,215.16407028832083,218.088546810922,214.32976330813605,216.0159454345703,1217300
2018-09-10 00:00:00-04:00,216.11248397298928,220.4157586988597,215.62946005871888,219.07208251953125,1229900
2018-09-11 00:00:00-04:00,218.58029255743494,219.67806814651777,217.18392522426103,218.99305725097656,1151500
2018-09-12 00:00:00-04:00,218.99301175959914,223.30507659391145,218.3167783850353,222.1721649169922,1558200
2018-09-13 00:00:00-04:00,223.48953217560498,225.99245237085145,221.99656011869965,222.3390655517578,1717600
2018-09-14 00:00:00-04:00,222.54103404381055,225.62359608627514,222.46199742748564,224.33261108398438,1253300
2018-09-17 00:00:00-04:00,225.93971832889312,227.67860410509346,222.77813340963195,224.58726501464844,2226500
2018-09-18 00:00:00-04:00,219.32675805545827,219.55509052539614,211.84431681819058,212.1604766845703,6941200
2018-09-19 00:00:00-04:00,211.91457999382524,213.85543952581773,209.57851057107834,213.3021697998047,3288700
2018-09-20 00:00:00-04:00,214.85659618821325,217.42101131823097,214.41748602768098,216.75355529785156,2379900
2018-09-21 00:00:00-04:00,218.8788678403068,220.38940800932806,216.7711442280157,217.20147705078125,2389800
2018-09-24 00:00:00-04:00,216.51645612216268,217.02582557305976,213.08262446961155,214.145263671875,1716600
2018-09-25 00:00:00-04:00,214.56684113487404,214.74248255651165,209.71906017430288,210.07034301757812,2921100
2018-09-26 00:00:00-04:00,210.39524256442672,213.57439574503317,209.80682317410287,211.74769592285156,2270900
2018-09-27 00:00:00-04:00,212.0375068508933,212.6873812826539,210.11420229084698,211.3876190185547,1422300
2018-09-28 00:00:00-04:00,210.70267298986366,211.80922605992467,208.5861582457937,211.4667205810547,1837700
2018-10-01 00:00:00-04:00,212.95087518413223,213.8905774282788,210.2196092509964,210.71141052246094,1427100
2018-10-02 00:00:00-04:00,210.31622589427283,211.5984336248517,209.7278198112488,209.89468383789062,1223700
2018-10-03 00:00:00-04:00,210.1932612299328,213.72371088780747,210.18448385039585,211.59841918945312,1269000
2018-10-04 00:00:00-04:00,211.484271817892,212.87186178549803,208.72666004445702,209.9561767578125,1101300
2018-10-05 00:00:00-04:00,209.90343032574367,210.42159049026137,204.56384926195398,207.31268310546875,1520500
2018-10-08 00:00:00-04:00,206.31153449722183,209.54339253340802,204.43214337963818,206.37301635742188,1527800
2018-10-09 00:00:00-04:00,205.8548684198616,206.16225093804192,201.24421105064022,201.77114868164062,1668700
2018-10-10 00:00:00-04:00,201.24421142384264,201.5955076453546,194.3941026116177,194.49070739746094,2575300
2018-10-11 00:00:00-04:00,193.6563704778599,197.33611600100875,190.40695776358254,190.9426727294922,2739700
2018-10-12 00:00:00-04:00,196.84431184632535,197.38880418380722,191.14465685989035,194.08670043945312,2869200
2018-10-15 00:00:00-04:00,194.0252285431962,194.6663390902337,192.41809698711145,194.10427856445312,2276300
2018-10-16 00:00:00-04:00,195.77287085737802,198.7851735037539,194.6926636229417,198.6358642578125,1722100
2018-10-17 00:00:00-04:00,198.47778977683015,198.47778977683015,195.35132762178324,196.2471160888672,1377800
2018-10-18 00:00:00-04:00,195.40402506489147,196.22076354636798,189.7746294862089,190.8284912109375,1906800
2018-10-19 00:00:00-04:00,191.14467021799305,193.85838151677683,190.54748676103105,193.03285217285156,1691000
2018-10-22 00:00:00-04:00,192.98896307093477,193.79692435717786,190.60897951860485,191.80335998535156,1366300
2018-10-23 00:00:00-04:00,188.86130621933333,192.72547075248673,186.340804471935,191.78578186035156,1953800
2018-10-24 00:00:00-04:00,190.24007141203995,192.699090858662,183.41630953340064,183.7236785888672,2168500
2018-10-25 00:00:00-04:00,185.5943342005664,189.2652893460883,184.91810068407202,187.7459716796875,1632700
2018-10-26 00:00:00-04:00,185.1990908221095,188.15868877984335,182.75763959633557,184.89170837402344,1678100
2018-10-29 00:00:00-04:00,187.55273387964354,189.59021150303897,182.58200353345052,185.33961486816406,1356400
2018-10-30 00:00:00-04:00,185.37474328542984,190.6967561809659,185.21665666248666,190.16104125976562,1302400
2018-10-31 00:00:00-04:00,192.40054236781808,195.72021467568695,192.40054236781808,193.50709533691406,1721800
2018-11-01 00:00:00-04:00,194.08679127829822,197.71384736729723,191.75951158474288,196.75657653808594,1537700
2018-11-02 00:00:00-04:00,199.0661998126239,199.92685198048778,193.60366830939256,194.66632080078125,1808400
2018-11-05 00:00:00-05:00,195.05275329601815,196.80919406986584,194.59607494265543,195.50064086914062,1257200
2018-11-06 00:00:00-05:00,195.43915565426195,199.5053202640924,194.8946633119031,199.15403747558594,1252700
2018-11-07 00:00:00-05:00,200.55921275674174,203.36073831622787,197.748909816401,203.11483764648438,1289200
2018-11-08 00:00:00-05:00,202.2980651792095,203.5802593998068,200.102514280371,201.4637451171875,1039700
2018-11-09 00:00:00-05:00,201.1124350430476,201.63937254749615,195.54452193528698,197.07261657714844,1695000
2018-11-12 00:00:00-05:00,197.23951047015308,197.76644805449,192.12827486463445,192.883544921875,1577800
2018-11-13 00:00:00-05:00,193.9022560178386,197.81912449001075,193.2435907864623,195.4127960205078,1086500
2018-11-14 00:00:00-05:00,197.19565218407718,199.61954967245595,195.83442094309135,197.7401580810547,1380300
2018-11-15 00:00:00-05:00,196.04517671629196,201.5165005891368,194.9474009890798,200.0674285888672,1285900
2018-11-16 00:00:00-05:00,199.2506653035789,200.38356381806844,197.2395329150626,199.08380126953125,1240900
2018-11-19 00:00:00-05:00,198.8817904476853,201.10368690683705,197.32733664405248,198.74127197265625,1106200
2018-11-20 00:00:00-05:00,195.5972020583041,196.87061865544305,193.22601022215284,194.38525390625,1620300
2018-11-21 00:00:00-05:00,195.27229562593328,198.741263247367,195.27229562593328,195.44793701171875,1019900
2018-11-23 00:00:00-05:00,194.45555489036477,198.4778058379828,193.70028482770147,196.19442749023438,498200
2018-11-26 00:00:00-05:00,198.3724198791912,198.58318418993684,195.9309683421398,197.63470458984375,1165700
2018-11-27 00:00:00-05:00,196.5281578215217,198.34608046127912,195.3337775549808,197.80157470703125,1122000
2018-11-28 00:00:00-05:00,198.96959395639678,203.61538696289062,197.71374532854168,203.61538696289062,1311500
2018-11-29 00:00:00-05:00,202.79866306344047,203.3080325283847,199.64585488961478,199.79515075683594,1162900
2018-11-30 00:00:00-05:00,199.53171854327314,201.6131104870931,198.69741164961235,201.11251831054688,1588900
2018-12-03 00:00:00-05:00,204.32677989767907,205.93392498261298,200.47139253018662,202.0258331298828,1465900
2018-12-04 00:00:00-05:00,199.35602948361617,199.83905338054265,186.8853025660786,189.27406311035156,3819600
2018-12-06 00:00:00-05:00,186.18271921188418,189.08962650454305,183.98716827778176,188.8700714111328,2248100
2018-12-07 00:00:00-05:00,189.12553357989066,191.5479612684671,176.28226080351172,177.40098571777344,3101100
2018-12-10 00:00:00-05:00,175.04024596740564,175.0578539476359,166.0552296860656,169.94873046875,5887300
2018-12-11 00:00:00-05:00,172.09803698033795,173.09343866417163,164.75147899269373,167.05938720703125,4584600
2018-12-12 00:00:00-05:00,169.4730439250211,170.11608461523778,165.23599974334383,165.84381103515625,3684700
2018-12-13 00:00:00-05:00,166.513275035266,166.88324419926917,161.68604104243727,164.88363647460938,4194800
2018-12-14 00:00:00-05:00,163.09547945659892,166.26666358219944,161.28968008853985,162.1793670654297,2558200
2018-12-17 00:00:00-05:00,161.29844766044647,163.993946837994,159.6864305473396,160.488037109375,3402000
2018-12-18 00:00:00-05:00,161.6684345470202,163.96753941079632,161.15752086160262,162.97213745117188,4300800
2018-12-19 00:00:00-05:00,149.06301319660258,151.18594432234067,143.14347872421834,143.15228271484375,15288500
2018-12-20 00:00:00-05:00,142.69421843895097,145.3368670024447,139.4789879553102,140.69461059570312,6552700
2018-12-21 00:00:00-05:00,139.18826260582597,140.75623264660783,136.23731379478264,139.17945861816406,6969400
2018-12-24 00:00:00-05:00,138.25458655504136,138.94167423163867,134.43155749475196,134.51083374023438,2935200
2018-12-26 00:00:00-05:00,135.65598484696906,141.0734100341797,132.96048496099272,141.0734100341797,3503100
2018-12-27 00:00:00-05:00,139.61992377807684,141.83975219726562,136.78348008722583,141.83975219726562,2880200
2018-12-28 00:00:00-05:00,142.9320031489489,144.27975242630473,139.45251963263024,140.04270935058594,2876700
2018-12-31 00:00:00-05:00,140.55368735230016,142.39472957051314,139.97230135458835,142.11285400390625,2175300
2019-01-02 00:00:00-05:00,139.63756023293135,143.9186516388691,138.80072417119834,143.75128173828125,2125700
2019-01-03 00:00:00-05:00,142.51797869972404,143.6455207047024,138.26332790553857,138.46592712402344,3033300
2019-01-04 00:00:00-05:00,141.1174211737111,145.3280398615866,140.5008059050022,144.8435516357422,2938600
2019-01-07 00:00:00-05:00,145.24876202971248,146.9752982042102,142.83513835750767,146.8695831298828,2989400
2019-01-08 00:00:00-05:00,148.604922395967,149.2391590732825,145.61873030744172,147.1250457763672,2610700
2019-01-09 00:00:00-05:00,147.6799781223084,150.82473578846518,147.19550339406408,150.269775390625,2750900
2019-01-10 00:00:00-05:00,148.93085776163744,150.29621531488004,147.92663849093591,149.85577392578125,1958500
2019-01-11 00:00:00-05:00,149.30080735348562,150.75425837059223,147.28357852864494,150.62213134765625,2836400
2019-01-14 00:00:00-05:00,149.63557300448102,152.48083443170685,148.97491083353117,151.11546325683594,2225000
2019-01-15 00:00:00-05:00,151.0449767880409,152.08441205400345,148.886816587752,150.30503845214844,2165400
2019-01-16 00:00:00-05:00,150.79834112419897,153.47621914300697,150.57812040602965,150.94808959960938,2342800
2019-01-17 00:00:00-05:00,150.59573230142553,154.1544929678093,150.39311957585733,152.6305694580078,1789700
2019-01-18 00:00:00-05:00,154.31305332737892,157.84540220669103,153.7581062642885,155.8369903564453,3072100
2019-01-22 00:00:00-05:00,155.30843076737898,155.66959590975796,153.29121524550294,154.947265625,2105900
2019-01-23 00:00:00-05:00,155.77529174633653,155.98670843086822,150.87758613824562,152.99169921875,1853100
2019-01-24 00:00:00-05:00,152.7186250468029,153.52023150685363,151.32682880751133,153.36167907714844,1630100
2019-01-25 00:00:00-05:00,154.93847018729136,156.40954280318672,153.36169593997013,154.4716033935547,1968600
2019-01-28 00:00:00-05:00,152.8331455953844,153.5642798356727,151.25637150596484,153.2383575439453,1355500
2019-01-29 00:00:00-05:00,153.2736252123928,153.53789277168994,151.96992227872173,152.90365600585938,1090200
2019-01-30 00:00:00-05:00,154.26016635444526,156.99971195113292,152.53364387646485,156.3302459716797,1562700
2019-01-31 00:00:00-05:00,157.42258669109924,157.42258669109924,155.54630184011222,156.4183807373047,1865100
2019-02-01 00:00:00-05:00,157.06140877575845,158.6646085113979,156.8499920610917,157.9510955810547,1812500
2019-02-04 00:00:00-05:00,157.84538035488205,160.97251677059216,157.06139525381255,160.9636993408203,1694700
2019-02-05 00:00:00-05:00,161.2015333700581,162.3643049805705,160.39112290267212,161.84457397460938,1670800
2019-02-06 00:00:00-05:00,161.54513085512943,162.98977841979942,161.07826394614025,161.91510009765625,1485300
2019-02-07 00:00:00-05:00,160.99894521814392,161.5891350522344,158.5148493922783,159.7657012939453,1853700
2019-02-08 00:00:00-05:00,158.59411584332415,158.7174388840255,153.07099097633807,156.12765502929688,2461400
2019-02-11 00:00:00-05:00,156.62094483527676,159.65118343685802,156.4888043671687,159.51904296875,1644700
2019-02-12 00:00:00-05:00,160.87561318858857,164.04678287119526,160.2766059580007,163.3596954345703,1819500
2019-02-13 00:00:00-05:00,163.93232446586808,164.7603431588328,163.06904948616983,163.50949096679688,1364400
2019-02-14 00:00:00-05:00,162.5581212354218,163.15712858499688,161.17514209921336,162.01197814941406,1556900
2019-02-15 00:00:00-05:00,157.67802372728892,158.11846513434838,155.88102870061653,157.94229125976562,4730700
2019-02-19 00:00:00-05:00,157.81896997603553,160.14450009378132,157.61635724884482,158.7791290283203,1836400
2019-02-20 00:00:00-05:00,159.4221508653425,161.21915914080262,158.7879142317923,160.2413787841797,1414700
2019-02-21 00:00:00-05:00,160.12691079456468,161.60680122519298,159.8097923766592,160.56735229492188,1033800
2019-02-22 00:00:00-05:00,160.38230518671529,160.56728300997077,155.12343486636183,158.99050903320312,2023300
2019-02-25 00:00:00-05:00,160.2678286256316,161.77413077906823,159.15790762709338,159.50146484375,1652900
2019-02-26 00:00:00-05:00,159.29005010080806,162.04721776961551,159.00816113221174,160.0652313232422,1612600
2019-02-27 00:00:00-05:00,159.50144516567877,160.53207636488023,158.47080052527332,160.15328979492188,966200
2019-02-28 00:00:00-05:00,159.84497023048138,160.00352265436243,158.74386692729917,159.43975830078125,1260600
2019-03-01 00:00:00-05:00,160.3383030646801,162.47003798787847,160.32068164381897,161.025390625,1473300
2019-03-04 00:00:00-05:00,162.1441039530316,163.23639002606413,158.47081083732508,159.5631103515625,1694800
2019-03-05 00:00:00-05:00,158.94647453392963,159.5718937159679,157.2816067895754,158.56768798828125,1474500
2019-03-06 00:00:00-05:00,159.07860375314488,159.22835219937562,156.22455240417736,156.95567321777344,1441900
2019-03-07 00:00:00-05:00,155.21155465716743,155.58152383925724,151.58232163563423,152.2694091796875,3743900
2019-03-08 00:00:00-05:00,150.18267636707543,152.63192186976386,148.202046352642,151.88919067382812,2059100
2019-03-11 00:00:00-04:00,152.1633165988707,156.1687768412734,151.95995258323552,156.01846313476562,1683200
2019-03-12 00:00:00-04:00,156.50474614058223,157.5657925685716,155.24033574111309,156.65505981445312,1506100
2019-03-13 00:00:00-04:00,157.63648580393416,159.2457496624247,156.9025920819566,158.7417449951172,1222900
2019-03-14 00:00:00-04:00,158.48540959033934,158.74182391371963,156.9468831742371,158.34393310546875,1217000
2019-03-15 00:00:00-04:00,158.6975883564791,160.78431899107952,157.0264364048836,157.37127685546875,2481500
2019-03-18 00:00:00-04:00,157.50393769624054,161.29718317277255,157.50393769624054,161.2794952392578,2230300
2019-03-19 00:00:00-04:00,162.53504199249343,163.57840044895713,159.7586172704518,160.4040985107422,4277000
2019-03-20 00:00:00-04:00,152.74687995385497,155.41719098173178,150.0146814028759,154.79824829101562,9287800
2019-03-21 00:00:00-04:00,154.250017821141,158.57379257719577,152.51697842782542,158.2643280029297,3156100
2019-03-22 00:00:00-04:00,156.99110041997096,157.5039425722537,153.7106834863497,153.84332275390625,2439500
2019-03-25 00:00:00-04:00,153.78137523499865,154.62136970778965,151.52664328765908,152.14559936523438,1851000
2019-03-26 00:00:00-04:00,153.18901373683096,154.94859225820863,152.49933267641873,154.86900329589844,1430500
2019-03-27 00:00:00-04:00,154.8424517090344,156.05382546073577,154.37382269648674,155.70013427734375,1571900
2019-03-28 00:00:00-04:00,154.603714543489,157.61885240623192,154.603714543489,157.300537109375,2031500
2019-03-29 00:00:00-04:00,158.29084295813314,161.0053531822087,158.19357958575628,160.4040985107422,2171500
2019-04-01 00:00:00-04:00,161.1645079456544,165.34680572447252,161.12029487140504,164.86048889160156,2340900
2019-04-02 00:00:00-04:00,164.91359577769617,165.04623504596236,162.41128602614242,162.72076416015625,1553000
2019-04-03 00:00:00-04:00,164.10006125851828,166.2310045010914,162.9417516305448,163.7463836669922,1263900
2019-04-04 00:00:00-04:00,163.4015379438159,166.00994719875152,163.4015379438159,165.939208984375,1303100
2019-04-05 00:00:00-04:00,166.16915096549008,168.32661996907638,165.57673340990516,167.91104125976562,2301400
2019-04-08 00:00:00-04:00,167.23905060094438,169.37883170243776,166.58473201938784,169.2196807861328,1595000
2019-04-09 00:00:00-04:00,167.9110481441027,168.37967717731556,166.98264079011406,167.95526123046875,1435500
2019-04-10 00:00:00-04:00,167.99947449050026,169.5468380713338,167.5573706102621,168.88368225097656,1069400
2019-04-11 00:00:00-04:00,169.19317573853127,170.6521132791152,168.8483352202874,169.6529541015625,1541100
2019-04-12 00:00:00-04:00,171.53630418100124,174.17123950871888,170.81124734699176,174.14471435546875,1651200
2019-04-15 00:00:00-04:00,174.1889240072142,175.03776937030165,172.90682548829008,173.4638671875,1829500
2019-04-16 00:00:00-04:00,173.52576840340515,175.57713682957885,173.18976514589136,174.3922882080078,1457900
2019-04-17 00:00:00-04:00,175.49750995948241,176.24025455202434,174.1181483463761,175.1261444091797,1116700
2019-04-18 00:00:00-04:00,175.48868716705067,176.24026903973913,174.91395761165657,175.2057342529297,1391700
2019-04-22 00:00:00-04:00,174.25969770300233,174.63990063074726,172.59738250351336,173.2870635986328,1529600
2019-04-23 00:00:00-04:00,172.88028661702066,173.37544075122173,172.10217955359713,172.5354461669922,1727400
2019-04-24 00:00:00-04:00,172.50888722120902,175.34718571727012,172.02257040184068,174.9492950439453,1511700
2019-04-25 00:00:00-04:00,173.0924641018054,173.2251033286787,166.7880734823041,167.00027465820312,3086600
2019-04-26 00:00:00-04:00,163.79064380357502,164.94010305229546,161.71275025346196,162.72958374023438,3638100
2019-04-29 00:00:00-04:00,163.14516946493498,165.62980461175124,161.95149708026173,165.0196990966797,1471400
2019-04-30 00:00:00-04:00,165.2937959070205,168.57419904376852,164.07358491701692,167.52200317382812,1562800
2019-05-01 00:00:00-04:00,167.7607425564316,167.85800595436442,164.12664794921875,164.12664794921875,1432900
2019-05-02 00:00:00-04:00,163.89672456793923,166.30177036760537,161.64199244426004,165.38218688964844,1477300
2019-05-03 00:00:00-04:00,166.86766842054791,168.51229518561024,166.00998592257824,166.28408813476562,1229200
2019-05-06 00:00:00-04:00,161.99570703996963,164.666004718015,160.58096924995314,164.1089630126953,1290300
2019-05-07 00:00:00-04:00,162.03996064212507,162.22565026708222,157.4862946304065,159.74102783203125,2152300
2019-05-08 00:00:00-04:00,159.2104212044589,160.12115396973383,157.6542206571402,158.6533660888672,2029000
2019-05-09 00:00:00-04:00,156.84078972357372,158.86561972454277,155.56752828543566,158.7683563232422,1601400
2019-05-10 00:00:00-04:00,158.06100072110272,158.75068180974353,154.56838218412582,157.38900756835938,1475700
2019-05-13 00:00:00-04:00,152.7999554257532,153.63995017951038,151.01385180239538,152.34901428222656,1781400
2019-05-14 00:00:00-04:00,152.6142489515884,154.16161237117657,150.96962214880568,151.95993041992188,2248700
2019-05-15 00:00:00-04:00,150.43028757252236,153.21553693536245,148.06945420483268,152.56121826171875,2314900
2019-05-16 00:00:00-04:00,153.0032637831474,158.65334931321243,152.85295012332898,155.4171600341797,2676900
2019-05-17 00:00:00-04:00,152.04834365785499,154.04664796132036,150.00581278440657,150.2445526123047,2235100
2019-05-20 00:00:00-04:00,148.75024890166196,150.18267446648258,147.94563019554997,148.73257446289062,1672800
2019-05-21 00:00:00-04:00,149.87320418119327,150.22688186213153,148.06942642130628,148.53805541992188,1889500
2019-05-22 00:00:00-04:00,147.45046170769305,147.57425023805075,143.17973717244595,143.24163818359375,3021800
2019-05-23 00:00:00-04:00,141.56166566214324,142.40166032323128,139.8551376949783,141.9949188232422,2498200
2019-05-24 00:00:00-04:00,143.02061110150657,143.25050027152645,140.30608668978562,141.41134643554688,1348600
2019-05-28 00:00:00-04:00,140.5713205994664,141.65005495181293,138.65259172473523,140.10269165039062,2528400
2019-05-29 00:00:00-04:00,139.43070292121914,142.1186881720202,138.1309166296066,141.093017578125,2045900
2019-05-30 00:00:00-04:00,141.27868953861875,142.98521722592878,138.8205934849285,139.71363830566406,1670400
2019-05-31 00:00:00-04:00,136.963762297753,138.5995518793887,135.98229124715922,136.41555786132812,1912400
2019-06-03 00:00:00-04:00,133.65682158114507,137.41470381161668,133.23239222680303,134.70018005371094,3918600
2019-06-04 00:00:00-04:00,136.18562850082407,141.37592165856736,135.91152636357097,141.11065673828125,2854500
2019-06-05 00:00:00-04:00,142.35741436306316,142.79951813437702,139.5014277781178,140.22647094726562,2241000
2019-06-06 00:00:00-04:00,139.97010219522267,140.23536724262567,137.5827437524772,138.68800354003906,1585300
2019-06-07 00:00:00-04:00,139.02397202797133,140.97807696926202,138.1574522651074,139.72250366210938,2129500
2019-06-10 00:00:00-04:00,141.2787082084618,145.01006586057065,141.20796997193617,143.1001739501953,2054500
2019-06-11 00:00:00-04:00,144.53259173268717,144.92163177441518,140.45639383267292,140.9780731201172,1857100
2019-06-12 00:00:00-04:00,140.35030791024155,143.25050857180852,139.77557820592057,142.6846160888672,1412600
2019-06-13 00:00:00-04:00,144.125861294502,146.67238389737145,144.010909971141,146.4866943359375,2239600
2019-06-14 00:00:00-04:00,146.07109797169167,146.3186750290656,143.47152537732768,145.49636840820312,1590200
2019-06-17 00:00:00-04:00,145.4256221172844,145.89425105647447,144.17888618837327,144.76246643066406,1313400
2019-06-18 00:00:00-04:00,145.90308859780487,149.53718230819712,145.6378371161198,147.07908630371094,2184300
2019-06-19 00:00:00-04:00,147.37972120358484,148.0605648560177,146.4866763549198,147.27362060546875,1608500
2019-06-20 00:00:00-04:00,148.89171977695187,149.90855313760977,147.47698219592243,148.98898315429688,2087400
2019-06-21 00:00:00-04:00,148.88248251624483,149.17540264439018,146.5746478930854,146.76992797851562,2527500
2019-06-24 00:00:00-04:00,145.5716257448499,146.44150117948934,142.5359263942537,142.81996154785156,3563700
2019-06-25 00:00:00-04:00,141.99446032829428,142.02108819879666,138.4528045654297,138.4528045654297,4793100
2019-06-26 00:00:00-04:00,138.8699749411206,143.1394811952482,136.26033561015922,141.95005798339844,6247600
2019-06-27 00:00:00-04:00,142.37611036786205,145.88226619917478,142.05656243405733,144.95912170410156,3460900
2019-06-28 00:00:00-04:00,145.77571841700578,147.6930057202932,145.57156696302613,145.74021911621094,5311700
2019-07-01 00:00:00-04:00,149.13989171793887,149.13989171793887,143.40578460387766,144.6573486328125,2346800
2019-07-02 00:00:00-04:00,144.74611561392177,144.8881263999877,141.58613521466043,141.8346710205078,1860200
2019-07-03 00:00:00-04:00,142.36729530339326,143.37919523711344,141.43527899871137,143.28155517578125,1180600
2019-07-05 00:00:00-04:00,142.97973782168964,144.1691612317699,141.59503432408135,143.7697296142578,1125300
2019-07-08 00:00:00-04:00,142.25184677170498,143.54779497129033,141.1689350491456,142.74893188476562,1586300
2019-07-09 00:00:00-04:00,141.49735828492123,141.96780195496655,140.85826244180618,141.3020782470703,1218000
2019-07-10 00:00:00-04:00,143.9472222575298,144.52419095334307,141.80802674227974,142.01219177246094,2077600
2019-07-11 00:00:00-04:00,142.11875574462968,145.00355965699808,141.8080791363913,144.32896423339844,2499000
2019-07-12 00:00:00-04:00,146.1308017473154,149.51267614067967,145.84675312029637,148.65167236328125,3310800
2019-07-15 00:00:00-04:00,148.68721034136803,149.87664734613884,147.58655548586188,149.03338623046875,2021800
2019-07-16 00:00:00-04:00,149.85000814310885,153.52480328193292,149.85000814310885,150.71099853515625,2744100
2019-07-17 00:00:00-04:00,150.51573112819196,150.70212622182032,146.22846790031647,146.50363159179688,3074900
2019-07-18 00:00:00-04:00,146.13971733395223,147.79071323072972,145.35859691787186,146.79656982421875,1681600
2019-07-19 00:00:00-04:00,147.4977971914999,149.89440071005203,147.4800407604057,148.3499298095703,2067200
2019-07-22 00:00:00-04:00,149.60143864962552,151.90041501379733,149.33515997872715,150.49795532226562,2130700
2019-07-23 00:00:00-04:00,151.78503065148803,154.4035416293286,151.78503065148803,154.2437744140625,2866400
2019-07-24 00:00:00-04:00,155.14915902473516,158.44227901868325,154.8207395872395,156.23207092285156,2679100
2019-07-25 00:00:00-04:00,155.86812203518684,156.89776444819194,155.00711825735266,156.10777282714844,1985700
2019-07-26 00:00:00-04:00,156.04566671473765,156.1521781922063,154.27040318793559,155.2823028564453,2003200
2019-07-29 00:00:00-04:00,154.9183533241953,155.37104059719135,152.4063540883169,153.20523071289062,1389100
2019-07-30 00:00:00-04:00,152.26435216103704,153.50704480059926,150.53347286955406,153.0188446044922,1226300
2019-07-31 00:00:00-04:00,153.06323897742914,154.43907105912703,149.63697948131238,151.36785888671875,1485400
2019-08-01 00:00:00-04:00,151.03940388693053,152.20219917421926,144.40879441862054,144.95912170410156,3039200
2019-08-02 00:00:00-04:00,144.48867709039462,146.28169679326703,143.20161392288173,145.33192443847656,1959100
2019-08-05 00:00:00-04:00,142.10094258767896,142.16308330219636,137.60065732382645,139.5889434814453,3200700
2019-08-06 00:00:00-04:00,141.27542551550414,144.6750556107391,140.7428412252573,143.0773162841797,2802100
2019-08-07 00:00:00-04:00,140.08604744863297,142.79331341527194,137.78707095270866,142.60691833496094,2398700
2019-08-08 00:00:00-04:00,143.8762555744392,146.63679140490987,143.36142743227236,145.77578735351562,1793300
2019-08-09 00:00:00-04:00,145.3231052442255,145.51838535851647,142.3939170740496,143.91177368164062,1270200
2019-08-12 00:00:00-04:00,142.93534156905207,143.1128652126369,140.60975068646312,140.9647979736328,912200
2019-08-13 00:00:00-04:00,141.7015456663066,145.21657369405239,139.64224685108582,142.482666015625,1835000
2019-08-14 00:00:00-04:00,140.05055979751884,140.28133921511528,136.97936101486357,137.63619995117188,1688400
2019-08-15 00:00:00-04:00,137.94689767780295,138.0179098658377,134.44962529618292,135.64793395996094,1874000
2019-08-16 00:00:00-04:00,136.85506936040323,139.27831401364602,136.6864306894355,138.47056579589844,1560400
2019-08-19 00:00:00-04:00,140.66300516623207,141.34648540931195,139.80200128115612,140.52098083496094,1458300
2019-08-20 00:00:00-04:00,139.85526477264403,140.21919706263242,137.858093215051,138.3285369873047,1089100
2019-08-21 00:00:00-04:00,140.04170556030135,140.95596544412984,139.37598155493944,140.40562438964844,1044400
2019-08-22 00:00:00-04:00,140.47662079696047,141.1246018412136,138.25754102833815,140.33460998535156,1156300
2019-08-23 00:00:00-04:00,138.92322868909167,139.5268252715488,134.13889449879503,134.8933868408203,2806500
2019-08-26 00:00:00-04:00,136.00297856558993,137.34329803374834,134.61827478779665,135.35501098632812,1270800
2019-08-27 00:00:00-04:00,135.8342805900604,136.7929244698714,132.07960221893939,132.72756958007812,1809600
2019-08-28 00:00:00-04:00,132.38139624016,137.09471857967497,131.20972939449388,135.96742248535156,2064900
2019-08-29 00:00:00-04:00,137.5829190912022,140.6807587260012,137.47640761701288,139.7576141357422,1684600
2019-08-30 00:00:00-04:00,140.68075049493316,142.29623311708826,140.38783041386546,140.78726196289062,1151500
2019-09-03 00:00:00-04:00,138.28415016084804,139.58009852953077,136.61541161105035,137.91134643554688,1270600
2019-09-04 00:00:00-04:00,139.8374873532069,141.64826354502014,139.55345226174046,141.1866912841797,1260400
2019-09-05 00:00:00-04:00,142.96196124674043,146.77878031394937,142.6512982743142,145.90890502929688,2119200
2019-09-06 00:00:00-04:00,146.14952388278172,146.88027802921442,144.02856912386866,144.25135803222656,1413400
2019-09-09 00:00:00-04:00,145.34749545402667,149.3844295578961,145.21381394453408,149.19728088378906,2271600
2019-09-10 00:00:00-04:00,149.11701740900233,153.72428866058283,148.72490690283365,153.51040649414062,2407300
2019-09-11 00:00:00-04:00,153.99169262690597,155.0254364013672,151.22019812690124,155.0254364013672,1642700
2019-09-12 00:00:00-04:00,155.14126148268952,155.66703997689353,152.7529712119603,154.6243896484375,1520500
2019-09-13 00:00:00-04:00,155.86310584795683,157.0661713228029,154.17882234194542,155.1501922607422,1456400
2019-09-16 00:00:00-04:00,153.61739444886024,155.90765708758067,152.39650212745383,154.67787170410156,1546400
2019-09-17 00:00:00-04:00,153.60848932356487,155.45318797744477,152.5123717222778,154.43727111816406,4053400
2019-09-18 00:00:00-04:00,136.61414460660885,137.74591592999502,132.33659537000767,134.48428344726562,22812400
2019-09-19 00:00:00-04:00,133.86940093047426,135.99035569871188,133.22776778374617,135.85667419433594,5557800
2019-09-20 00:00:00-04:00,136.6676618098748,136.6676618098748,132.29208331934424,132.58616638183594,5606500
2019-09-23 00:00:00-04:00,131.4810774171246,132.8712914292415,129.62748593020984,129.8146209716797,4084500
2019-09-24 00:00:00-04:00,130.04634899296593,131.55240435049873,126.98078470779615,127.6580581665039,5502600
2019-09-25 00:00:00-04:00,127.56888291689131,131.73059036770516,127.56888291689131,131.0354766845703,3551200
2019-09-26 00:00:00-04:00,131.24050758291656,131.42764267053116,128.7452688303831,129.36016845703125,2033200
2019-09-27 00:00:00-04:00,129.8146281126302,130.83946516002825,128.24619923051955,129.18191528320312,1967700
2019-09-30 00:00:00-04:00,129.49380051625567,130.55427771225303,129.1819042572852,129.7255096435547,1693400
2019-10-01 00:00:00-04:00,129.74332032408637,130.8572646505133,125.31427659437672,126.22325897216797,3434800
2019-10-02 00:00:00-04:00,124.90437416199165,126.4549762281597,123.95975138652021,125.4568862915039,2740800
2019-10-03 00:00:00-04:00,125.2073480202177,126.45496028372872,123.50523774803536,126.28565216064453,2300900
2019-10-04 00:00:00-04:00,126.3569450819632,127.48871648832309,125.37668209205466,127.43524932861328,2166100
2019-10-07 00:00:00-04:00,126.40150919191115,128.53137056824428,125.76879631999702,126.62429809570312,1778800
2019-10-08 00:00:00-04:00,125.47470692412115,125.59946815995178,123.31811207736037,123.32701873779297,2382600
2019-10-09 00:00:00-04:00,123.71913820180684,124.55682667277509,122.78342206725814,124.09342193603516,2212800
2019-10-10 00:00:00-04:00,124.35186777373532,126.20547337148007,124.00431757403054,125.9737777709961,1751500
2019-10-11 00:00:00-04:00,127.58675689658664,131.0444452815289,127.58675689658664,129.69879150390625,3947900
2019-10-14 00:00:00-04:00,129.31558953027013,131.62367926844684,128.67395641107697,130.80381774902344,2388200
2019-10-15 00:00:00-04:00,131.5345676225603,133.7891901277046,131.16027031681384,133.6376953125,3187300
2019-10-16 00:00:00-04:00,133.70005239433428,135.77644624506792,133.45052995370952,134.35951232910156,3425100
2019-10-17 00:00:00-04:00,134.9031425527426,135.8299384175048,134.1010943333188,134.29714965820312,2585400
2019-10-18 00:00:00-04:00,134.10107595417307,134.6714149307721,132.9514913412303,133.59312438964844,2789600
2019-10-21 00:00:00-04:00,134.27931510918074,137.35381271202627,133.75353658502496,135.4912872314453,3459700
2019-10-22 00:00:00-04:00,134.84968481653493,137.85287512442534,133.53968487140534,137.79940795898438,2975000
2019-10-23 00:00:00-04:00,137.58549221627635,139.6707927487314,136.9616861080146,139.00242614746094,2174800
2019-10-24 00:00:00-04:00,139.28761648572248,139.89359573836495,136.38244066289337,137.2825164794922,1712600
2019-10-25 00:00:00-04:00,137.05976022751634,141.01649402435464,136.8013174392054,140.8828125,2080600
2019-10-28 00:00:00-04:00,141.60463546774423,142.93246235766773,140.0629399122459,141.1590576171875,2597100
2019-10-29 00:00:00-04:00,141.6313391010313,141.6313391010313,139.73318710566087,140.8114776611328,1464100
2019-10-30 00:00:00-04:00,140.5798268992953,140.5887335619954,137.25581958574506,138.87771606445312,1576200
2019-10-31 00:00:00-04:00,138.1291086832363,138.87767607323642,135.11699860705644,136.04380798339844,2110500
2019-11-01 00:00:00-04:00,137.38056044326578,140.00056027143285,137.2023320300343,139.4836883544922,2129400
2019-11-04 00:00:00-05:00,142.4512583788885,147.0674388410939,142.1393484134062,146.8981170654297,4303600
2019-11-05 00:00:00-05:00,146.684208793431,149.34875518204754,145.26726113618327,146.90699768066406,2510200
2019-11-06 00:00:00-05:00,146.64851059221357,146.7019777333018,144.28695454114765,145.40980529785156,1767400
2019-11-07 00:00:00-05:00,147.450588316471,148.67146694467826,145.6771840567487,146.0782012939453,1978200
2019-11-08 00:00:00-05:00,145.97129389060268,146.1495222957625,144.0107542379336,145.4544219970703,1152500
2019-11-11 00:00:00-05:00,144.3315766731277,145.2761994970313,143.7701442559956,144.52761840820312,1063400
2019-11-12 00:00:00-05:00,144.67912940562726,146.00694265988,143.26218154665526,143.672119140625,1279900
2019-11-13 00:00:00-05:00,142.58487976341502,142.5937864231369,139.15392565492635,139.2252197265625,2211900
2019-11-14 00:00:00-05:00,138.85988564288976,140.8025985130763,138.55688237493356,139.6262664794922,1826200
2019-11-15 00:00:00-05:00,140.152026534185,141.2570506297473,139.33216512207463,141.09664916992188,1596800
2019-11-18 00:00:00-05:00,140.0272514004809,140.5530298193945,137.68350836308497,140.4015350341797,1794200
2019-11-19 00:00:00-05:00,140.98974015031683,141.00755347263438,138.28061938289,138.592529296875,1524300
2019-11-20 00:00:00-05:00,138.1290783088408,138.209279026286,135.05459509187946,135.69622802734375,2476200
2019-11-21 00:00:00-05:00,135.90120014468158,137.03297132380496,135.232833586593,135.52691650390625,1595400
2019-11-22 00:00:00-05:00,135.73190200127812,139.72427512716268,135.68734150341356,139.51040649414062,2226800
2019-11-25 00:00:00-05:00,140.27679005448903,142.88786913383404,139.36780764006878,142.17494201660156,2505800
2019-11-26 00:00:00-05:00,142.3264833919678,145.0444974093323,141.36403360041348,143.92164611816406,2769200
2019-11-27 00:00:00-05:00,144.1444395217294,144.42961588273317,142.7720656787814,143.93055725097656,1645900
2019-11-29 00:00:00-05:00,143.57409368039973,143.88600361090988,142.43341548566724,142.6294708251953,789400
2019-12-02 00:00:00-05:00,142.99479932851722,145.88213407864578,140.82928466796875,140.82928466796875,2704500
2019-12-03 00:00:00-05:00,137.43400002838325,137.6567888997043,134.58230519506415,134.68923950195312,3766100
2019-12-04 00:00:00-05:00,136.0259984422008,138.74402590568394,135.7853826082646,137.1221160888672,2300800
2019-12-05 00:00:00-05:00,137.9865439602314,138.0311044643822,135.7586547322583,137.18450927734375,1628200
2019-12-06 00:00:00-05:00,138.7148102034054,140.7642036489085,138.62531131522246,140.15565490722656,2436200
2019-12-09 00:00:00-05:00,139.78873466180323,140.93424947116557,139.62765304280558,140.066162109375,1728200
2019-12-10 00:00:00-05:00,140.05726293090044,141.52495510804104,139.18023085880395,140.50473022460938,1633600
2019-12-11 00:00:00-05:00,140.72841849674455,142.75992317874315,139.9587744534949,142.36614990234375,1676000
2019-12-12 00:00:00-05:00,142.5719844559574,148.39801562372168,142.070823421228,147.5657196044922,2987300
2019-12-13 00:00:00-05:00,148.23693174728461,150.23263161252262,146.68869907684712,148.26377868652344,2897200
2019-12-16 00:00:00-05:00,149.39140187797474,150.68010967686146,144.53191434659004,146.85874938964844,5052100
2019-12-17 00:00:00-05:00,144.53192155955804,147.4673056232409,144.10235682369674,146.0801544189453,5926900
2019-12-18 00:00:00-05:00,135.51090479427899,136.7190711578863,130.91988899930215,131.4300079345703,21540900
2019-12-19 00:00:00-05:00,131.61803742473518,133.18417296578752,130.87524007230473,131.5732879638672,5826300
2019-12-20 00:00:00-05:00,132.7724673934859,132.9425071134408,131.2600260809798,132.55767822265625,5260300
2019-12-23 00:00:00-05:00,133.84642458880813,136.71021274880403,132.8977960410238,135.7526397705078,4367700
2019-12-24 00:00:00-05:00,135.1977252280803,136.3700869239139,134.6160097656471,134.9381866455078,1797200
2019-12-26 00:00:00-05:00,135.04556536143852,136.72804602777865,134.6965415695501,136.46852111816406,2651300
2019-12-27 00:00:00-05:00,136.9875903729948,137.91831597209708,136.12844749599725,136.5043182373047,2693000
2019-12-30 00:00:00-05:00,137.014490904962,137.1934750914644,134.1864943291226,134.365478515625,2612600
2019-12-31 00:00:00-05:00,133.54211935658626,135.64522077058658,133.1214990737862,135.3230438232422,2153400
2020-01-02 00:00:00-05:00,136.4058601719929,138.80429077148438,135.67202127707858,138.80429077148438,3027600
2020-01-03 00:00:00-05:00,136.4775410497107,137.22928291650464,135.88688087339273,137.08609008789062,2216500
2020-01-06 00:00:00-05:00,135.35886272355543,137.4172151027068,134.39233168493777,137.1934814453125,2389700
2020-01-07 00:00:00-05:00,137.24715033755479,138.91172899157726,136.3343133580931,138.53585815429688,2140100
2020-01-08 00:00:00-05:00,138.33000306264324,141.17588761809463,137.75723199397925,140.62103271484375,3053200
2020-01-09 00:00:00-05:00,141.3548523152115,141.6770291692339,140.13774127286158,141.44435119628906,2240200
2020-01-10 00:00:00-05:00,141.46230714610945,141.78447046622864,139.73507640919544,140.17359924316406,2449600
2020-01-13 00:00:00-05:00,140.25412086781319,142.7688843578048,140.24517643979593,142.54515075683594,1985300
2020-01-14 00:00:00-05:00,142.4288639577953,147.21677046558082,141.9545496195656,145.0957794189453,5076600
2020-01-15 00:00:00-05:00,145.89220786009972,145.89220786009972,141.9992378072581,142.42880249023438,2971800
2020-01-16 00:00:00-05:00,143.7175159078019,144.50506257091064,142.15138066542062,142.77783203125,2343700
2020-01-17 00:00:00-05:00,142.64357712485764,144.24550350882905,141.90078001929777,143.1715850830078,1846100
2020-01-21 00:00:00-05:00,142.384057358983,142.43775123388238,140.3346500962292,140.97900390625,2460400
2020-01-22 00:00:00-05:00,140.94325349214515,142.16036508074416,139.13548179681024,139.1981201171875,1911100
2020-01-23 00:00:00-05:00,138.71484015709618,139.01911459364132,136.68333512606168,138.60745239257812,2059100
2020-01-24 00:00:00-05:00,139.28759304371755,139.28759304371755,136.3074597765773,137.88255310058594,1973600
2020-01-27 00:00:00-05:00,134.3386602113248,134.40129854492693,132.01182432385983,132.8888702392578,3368400
2020-01-28 00:00:00-05:00,134.01639415057795,134.19537825638454,131.6537684493398,132.8082275390625,2190000
2020-01-29 00:00:00-05:00,133.4884004552029,134.30279392718575,132.3697326054287,132.50396728515625,2521600
2020-01-30 00:00:00-05:00,130.66042132825984,132.80825840839614,128.29779507786387,132.68296813964844,3380200
2020-01-31 00:00:00-05:00,131.6448582741138,131.8148843427187,128.50362972915173,129.4433135986328,3286200
2020-02-03 00:00:00-05:00,130.21298115204286,131.91335138868834,128.51261091539737,128.72738647460938,1988400
2020-02-04 00:00:00-05:00,130.991509605015,132.66504578249518,130.66038833314454,132.01173400878906,2573700
2020-02-05 00:00:00-05:00,133.7926863233522,135.00085316711326,133.1841375155062,134.19540405273438,2013700
2020-02-06 00:00:00-05:00,135.47513754412472,135.47513754412472,132.88877836730907,133.01406860351562,1706800
2020-02-07 00:00:00-05:00,131.82381497959906,140.89844753724117,131.03626848639053,139.3054656982422,6532600
2020-02-10 00:00:00-05:00,142.1156177923019,143.44906161215928,139.78878236053905,140.30784606933594,3948600
2020-02-11 00:00:00-05:00,141.64126378427778,142.79572309045523,140.38834749749284,141.39962768554688,2016800
2020-02-12 00:00:00-05:00,142.47354018731542,143.0194506655767,140.7105184946821,141.8560333251953,1607500
2020-02-13 00:00:00-05:00,141.21170005964515,144.82724286437414,140.03933812166372,144.50506591796875,2624400
2020-02-14 00:00:00-05:00,143.60115718803902,144.34394060596827,141.3996129027293,141.9544677734375,1679000
2020-02-18 00:00:00-05:00,142.5720175919613,144.00391830022525,139.95881040665427,141.90977478027344,1924000
2020-02-19 00:00:00-05:00,142.2945729409228,144.70194871834383,142.14243572802462,144.20973205566406,1699300
2020-02-20 00:00:00-05:00,144.14710354862848,147.88792312812663,142.74204985740514,147.58364868164062,2602500
2020-02-21 00:00:00-05:00,146.10696688779325,146.89451343073276,144.70192715708183,146.0980224609375,1645300
2020-02-24 00:00:00-05:00,139.84242864838671,141.14903873342166,136.58486834618913,138.58058166503906,3116300
2020-02-25 00:00:00-05:00,139.30546535768582,139.43075560351608,129.59542351119512,130.30242919921875,4223800
2020-02-26 00:00:00-05:00,131.9312703761383,133.69429280808848,128.4768219261204,129.34490966796875,2766300
2020-02-27 00:00:00-05:00,125.97096783181951,130.20401759777383,122.14064949146997,124.18109893798828,3535000
2020-02-28 00:00:00-05:00,120.81619795547141,126.36479098230213,119.97495705888204,126.33794403076172,4391200
2020-03-02 00:00:00-05:00,127.24173054297675,127.54601853140605,121.06669038717429,125.06704711914062,4418600
2020-03-03 00:00:00-05:00,125.29083534792768,127.23284165714648,118.63252019882475,119.1068344116211,4373300
2020-03-04 00:00:00-05:00,120.86986626132213,122.12278290889658,118.29245021430583,122.07803344726562,2854700
2020-03-05 00:00:00-05:00,118.1402891042896,119.15156937926767,115.22280778058534,116.27882385253906,3150000
2020-03-06 00:00:00-05:00,113.10382147635117,117.51104242985558,111.34093172252209,114.83972930908203,3886300
2020-03-09 00:00:00-04:00,108.291834385616,109.353166578337,102.40054006072535,104.06449127197266,4048100
2020-03-10 00:00:00-04:00,108.05799956711067,109.50608884745245,102.41855144005639,108.53469848632812,3564900
2020-03-11 00:00:00-04:00,105.58456293537708,106.40305121745371,97.61557667662397,99.84617614746094,4746400
2020-03-12 00:00:00-04:00,92.82159023496956,94.60247265450421,86.52555195145433,87.24510192871094,5156500
2020-03-13 00:00:00-04:00,92.15601585689176,95.9516288071768,86.34567247036338,95.90665435791016,4275000
2020-03-16 00:00:00-04:00,82.74793311190186,89.82648159956115,81.38978576660156,81.38978576660156,4417400
2020-03-17 00:00:00-04:00,83.55742350957865,90.07832028562113,79.7708070327401,85.4102554321289,5548700
2020-03-18 00:00:00-04:00,81.29983618902817,90.57299824548178,80.76917343931554,89.65557861328125,6997700
2020-03-19 00:00:00-04:00,88.90903788882773,104.47824305697519,87.57787958588125,100.44877624511719,4646900
2020-03-20 00:00:00-04:00,102.42753973242512,106.76281126525848,95.8706651588952,99.8911361694336,4479200
2020-03-23 00:00:00-04:00,99.78320115534778,103.47987511087537,96.46428779883301,100.52073669433594,3933900
2020-03-24 00:00:00-04:00,106.13321708315742,109.55106919170719,103.82167186693346,107.96806335449219,3014400
2020-03-25 00:00:00-04:00,109.15531731942647,114.17416098660262,103.37195607893878,106.41204071044922,4133200
2020-03-26 00:00:00-04:00,107.35643666922208,114.22811148853802,107.04163615959435,112.96890258789062,2713900
2020-03-27 00:00:00-04:00,107.97704410454948,111.8446058168945,104.33433400853495,108.45374298095703,2619400
2020-03-30 00:00:00-04:00,110.07273912446924,112.97791419276645,107.25751295297037,111.80864715576172,2281000
2020-03-31 00:00:00-04:00,110.18065718241797,112.29432556002075,107.26649315058322,109.06536102294922,2643800
2020-04-01 00:00:00-04:00,104.34332320287,106.80777003857254,101.00642443185805,102.06775665283203,2569600
2020-04-02 00:00:00-04:00,101.21331386091725,105.50361817784334,100.36784364707074,104.90998840332031,2336100
2020-04-03 00:00:00-04:00,103.6507728596041,104.33434462509791,96.86005023620099,98.2361831665039,3205200
2020-04-06 00:00:00-04:00,101.67201733556405,107.76118232566277,101.64503541426171,107.05062866210938,3512600
2020-04-07 00:00:00-04:00,112.34830220923429,112.86097930551004,104.10948362387762,104.28936767578125,3189300
2020-04-08 00:00:00-04:00,110.63038427924191,114.43499319696586,107.86012585525533,112.91494750976562,5576500
2020-04-09 00:00:00-04:00,116.57563965534169,116.92641836145512,108.075991219306,109.99178314208984,4745600
2020-04-13 00:00:00-04:00,112.6001422542261,112.6001422542261,109.49709090312923,111.1070785522461,2821800
2020-04-14 00:00:00-04:00,113.09482064150498,114.21012365746184,109.77591410005041,112.5011978149414,3084200
2020-04-15 00:00:00-04:00,109.45213565772713,109.45213565772713,106.2681381833139,107.84214782714844,2945000
2020-04-16 00:00:00-04:00,107.6892171109875,108.83149507299244,105.34169423027689,107.10458374023438,2238700
2020-04-17 00:00:00-04:00,108.83150746266011,112.39326506525444,108.5886633165876,112.29432678222656,2464000
2020-04-20 00:00:00-04:00,110.20764892846609,113.0318711909121,109.5780478618585,110.30658721923828,2242000
2020-04-21 00:00:00-04:00,108.49871728395522,109.89284268170883,107.5902939153852,108.36380767822266,1605600
2020-04-22 00:00:00-04:00,110.19864748790776,110.60339689353665,106.5379514877891,106.61890411376953,2082500
2020-04-23 00:00:00-04:00,106.70884916893144,110.10870858964826,106.58292895795205,108.72357940673828,2021100
2020-04-24 00:00:00-04:00,109.20028840664857,110.80127987522361,107.46438046172617,110.6843490600586,2111000
2020-04-27 00:00:00-04:00,111.67373417920781,115.57727463572473,110.01877197019816,114.48896026611328,2395900
2020-04-28 00:00:00-04:00,116.7555355435492,116.82749191674795,112.57317256789928,114.89370727539062,2738700
2020-04-29 00:00:00-04:00,116.92643455660948,118.54541870301762,115.54131206285082,116.45872497558594,2172500
2020-04-30 00:00:00-04:00,115.0646100207439,115.0646100207439,113.10384331737662,114.0212631225586,1970400
2020-05-01 00:00:00-04:00,111.9975176468312,112.03349582996194,105.68349404332747,106.31309509277344,3141800
2020-05-04 00:00:00-04:00,105.3417020228986,105.73744827709609,103.08412098711482,104.19941711425781,2410400
2020-05-05 00:00:00-04:00,105.98032327449305,108.04002821852292,105.35071527755917,105.83641052246094,1703100
2020-05-06 00:00:00-04:00,106.93370203083403,107.41040092757044,103.50686086874768,103.54283905029297,1917100
2020-05-07 00:00:00-04:00,105.1798299090688,106.91573806354788,104.46927611919003,104.99993896484375,1842100
2020-05-08 00:00:00-04:00,106.35807988274905,108.73258530325339,106.29511977168028,108.32784271240234,1770900
2020-05-11 00:00:00-04:00,106.48399681448778,107.36544520435092,104.5861904167382,105.73746490478516,1863500
2020-05-12 00:00:00-04:00,106.1332047516684,106.23214303388238,101.7079914207997,101.76195526123047,1979400
2020-05-13 00:00:00-04:00,101.70802029573859,101.77098041482768,97.36375149217676,98.34413146972656,2905900
2020-05-14 00:00:00-04:00,96.5632206499046,98.20019001572932,93.00146335488382,98.1372299194336,3254700
2020-05-15 00:00:00-04:00,96.72514584546448,98.0023406457455,95.56487501012037,96.7071533203125,2940000
2020-05-18 00:00:00-04:00,102.07676650999966,107.93208398773254,101.44716543159272,107.20354461669922,3602300
2020-05-19 00:00:00-04:00,107.03268077939592,107.39245586872926,103.12014298047606,103.24606323242188,2484600
2020-05-20 00:00:00-04:00,105.0538870298735,107.46437026569329,104.18143500935918,105.24276733398438,2604100
2020-05-21 00:00:00-04:00,104.85599508709602,106.51994626111207,103.91158684290927,104.12744903564453,1740300
2020-05-22 00:00:00-04:00,104.10947983896631,105.73745309456021,103.36294801264671,105.23377227783203,2245900
2020-05-26 00:00:00-04:00,110.62139211651174,113.99426981097604,109.7399505884886,112.25836181640625,3823000
2020-05-27 00:00:00-04:00,115.12756081639147,117.62798642993049,112.87897564419632,117.31317901611328,3203000
2020-05-28 00:00:00-04:00,117.82586765678741,120.4432241939818,116.29683242441698,117.96077728271484,3238000
2020-05-29 00:00:00-04:00,117.09731330291734,117.72691435078806,113.72443584188827,117.43009948730469,3409400
2020-06-01 00:00:00-04:00,116.07195106366449,117.34015619499105,114.64184755093744,116.66558074951172,1990300
2020-06-02 00:00:00-04:00,117.67292257602489,121.05478863347962,117.56499491465759,120.70401000976562,2522000
2020-06-03 00:00:00-04:00,123.22246486461637,125.81283932069147,122.79972976312428,124.19385528564453,2728800
2020-06-04 00:00:00-04:00,123.49226038129066,125.24615350235831,122.0081864140255,125.2101821899414,2001300
2020-06-05 00:00:00-04:00,128.61906275567,131.11049879310445,127.7196287503856,127.90851593017578,3583900
2020-06-08 00:00:00-04:00,130.36399293396914,134.9061383118266,129.64444284131153,134.35748291015625,2709900
2020-06-09 00:00:00-04:00,131.20942770678317,131.25438842441562,127.80956850769485,130.13909912109375,2253100
2020-06-10 00:00:00-04:00,129.518453897697,129.887225011647,126.20854444129395,126.28048706054688,2079600
2020-06-11 00:00:00-04:00,120.47918469173966,120.94689422671279,114.9566603369354,115.85609436035156,4389300
2020-06-12 00:00:00-04:00,121.05483165441113,121.42360292749845,116.15291857737826,119.37289428710938,2272900
2020-06-15 00:00:00-04:00,115.50530299126633,121.09079370369716,114.4889451264762,120.23632049560547,1835300
2020-06-16 00:00:00-04:00,124.25679439284973,125.35410490705448,119.62471505161297,121.90927124023438,1651800
2020-06-17 00:00:00-04:00,122.96162029839259,123.5822181902302,121.3066514140072,122.0172119140625,1214400
2020-06-18 00:00:00-04:00,121.35162697274956,125.32712338764311,120.97386636039565,124.47266387939453,2416200
2020-06-19 00:00:00-04:00,126.60431181410581,126.71225321545566,121.981222080895,123.78909301757812,2828500
2020-06-22 00:00:00-04:00,122.81772284882526,123.89704096903637,121.60348138591618,123.56425476074219,1448100
2020-06-23 00:00:00-04:00,124.61658004076082,125.77684383038601,123.56424393641986,125.08428955078125,1385200
2020-06-24 00:00:00-04:00,123.80708840442514,124.12189580378205,120.64109050887849,121.5045394897461,2357300
2020-06-25 00:00:00-04:00,120.27231227140899,122.57486105222341,118.93215070751427,122.42195892333984,2310900
2020-06-26 00:00:00-04:00,122.18698675495857,122.34966891186387,116.83678886896887,117.5597915649414,3282000
2020-06-29 00:00:00-04:00,118.6623463582762,121.76220141874762,117.59591446960137,121.59953308105469,2336200
2020-06-30 00:00:00-04:00,123.10879397325756,127.20277930156492,121.9339165218607,126.72379302978516,6473300
2020-07-01 00:00:00-04:00,143.56068121857848,147.89866982998845,140.7680834675682,141.5814666748047,17967500
2020-07-02 00:00:00-04:00,143.33472339381132,144.34691875412997,140.33426744697024,140.5150146484375,4046900
2020-07-06 00:00:00-04:00,142.70209148110087,143.15396639242812,138.87020105872747,141.22898864746094,3015800
2020-07-07 00:00:00-04:00,139.42152989131353,144.5548237702082,139.29500543064026,143.28053283691406,2582800
2020-07-08 00:00:00-04:00,142.90093181627452,144.03966553222216,141.22900275147109,143.298583984375,2110700
2020-07-09 00:00:00-04:00,142.79246960072902,143.4702819564287,140.3704267356235,140.75,2238300
2020-07-10 00:00:00-04:00,141.16572203110402,143.7052568711461,140.9578634294622,143.32568359375,1746200
2020-07-13 00:00:00-04:00,144.5999346205359,144.79876063384907,140.6776647035837,141.1927947998047,1735900
2020-07-14 00:00:00-04:00,141.19285322427132,143.6239428374643,140.5602310065574,143.24436950683594,1641100
2020-07-15 00:00:00-04:00,144.97954602073878,146.8864587129462,143.73236684295412,145.7296600341797,3332800
2020-07-16 00:00:00-04:00,146.19961554022626,151.0166038442907,145.02473798970084,150.11285400390625,4100000
2020-07-17 00:00:00-04:00,151.1792720808784,151.938418636591,149.03738937364358,150.00439453125,2047900
2020-07-20 00:00:00-04:00,149.01931870635642,149.61579694297052,147.13951728165458,148.3324737548828,1593300
2020-07-21 00:00:00-04:00,149.20912320953525,151.43234037819497,148.58553353365048,149.57061767578125,1731700
2020-07-22 00:00:00-04:00,148.79336436436023,149.9682418453616,147.70886737810022,149.2452392578125,1231800
2020-07-23 00:00:00-04:00,149.4892816293277,151.2787026582008,148.80242284582488,150.01345825195312,1387200
2020-07-24 00:00:00-04:00,148.83854206672606,150.8177561396474,148.38666721136053,149.15484619140625,1545900
2020-07-27 00:00:00-04:00,149.11868823416268,154.28813719615698,148.08841421251347,154.21583557128906,2926400
2020-07-28 00:00:00-04:00,153.1133184669695,153.93573425039855,150.6641637674731,150.86297607421875,2374500
2020-07-29 00:00:00-04:00,151.01663489595703,154.87563757898485,150.93528691309842,153.23081970214844,4623800
2020-07-30 00:00:00-04:00,157.38804296344543,157.70436095131933,153.51096187648255,156.08665466308594,5407300
2020-07-31 00:00:00-04:00,155.44497221976064,156.0866406727428,151.82094033187397,152.19146728515625,2488000
2020-08-03 00:00:00-04:00,153.23076469116103,154.1706583133343,152.30893613413215,152.93252563476562,1503400
2020-08-04 00:00:00-04:00,152.93256093534757,154.97503076832825,152.91448207590406,154.2339630126953,1264000
2020-08-05 00:00:00-04:00,155.3094446768953,155.82457501153607,153.85440660973026,155.1738739013672,1309000
2020-08-06 00:00:00-04:00,155.44496032528932,156.7825061226667,154.8304171014038,155.661865234375,1364900
2020-08-07 00:00:00-04:00,155.86973302475013,166.181521811419,155.86973302475013,165.86520385742188,6311100
2020-08-10 00:00:00-04:00,170.049586314645,181.16571296171037,169.308504769447,180.73190307617188,10815100
2020-08-11 00:00:00-04:00,180.7409231738399,183.99441410249278,176.3577312318899,177.54164123535156,5998200
2020-08-12 00:00:00-04:00,180.74996084438914,186.38936458718004,179.86428989748737,182.5213165283203,6238400
2020-08-13 00:00:00-04:00,181.36450231771408,185.07891452833337,180.39749720752314,184.23843383789062,3663800
2020-08-14 00:00:00-04:00,182.62073161214764,189.46211053617972,182.43093808347044,188.522216796875,4633000
2020-08-17 00:00:00-04:00,189.78746981969687,191.19731738907976,186.20861432115464,186.75086975097656,2662000
2020-08-18 00:00:00-04:00,186.50683215643926,188.3685544416249,184.52761799049617,187.04908752441406,3040400
2020-08-19 00:00:00-04:00,186.9316286232526,190.63700878117643,186.9316286232526,187.8715362548828,2218000
2020-08-20 00:00:00-04:00,186.38033143825626,189.06446964974126,185.32294574738773,188.72105407714844,1532800
2020-08-21 00:00:00-04:00,189.0283423358625,192.444516034331,188.43186406085886,190.23033142089844,2034100
2020-08-24 00:00:00-04:00,192.46261171020922,196.97231551673954,191.58597308129777,196.47525024414062,3393700
2020-08-25 00:00:00-04:00,198.0748261567508,198.44536685472235,192.69751803519028,193.68260192871094,2160200
2020-08-26 00:00:00-04:00,194.96594799702746,196.2221597157741,193.47476628568273,195.00210571289062,1518200
2020-08-27 00:00:00-04:00,195.30036251478418,197.81278617999806,194.37853373851462,197.207275390625,2014900
2020-08-28 00:00:00-04:00,197.22536850548744,202.13273842185959,197.02654239233019,200.54212951660156,2996100
2020-08-31 00:00:00-04:00,200.4517300121642,202.62072424998965,198.64423021726665,198.6803741455078,1839300
2020-09-01 00:00:00-04:00,198.81593245765512,204.74452920734828,198.0477395768635,203.7594451904297,1901800
2020-09-02 00:00:00-04:00,205.25966270440543,206.95871684505747,201.59948682287285,205.9736328125,1680700
2020-09-03 00:00:00-04:00,206.7620939355878,209.8889451950544,198.11565505997956,200.27273559570312,4003800
2020-09-04 00:00:00-04:00,201.62325468208306,206.86186895327313,197.03718877278007,204.9404296875,2879800
2020-09-08 00:00:00-04:00,202.82862395324594,204.60504594099993,199.13984914249625,200.34527587890625,2121100
2020-09-09 00:00:00-04:00,204.8316709871176,207.41473077696975,203.1277570861865,204.60508728027344,3222700
2020-09-10 00:00:00-04:00,207.99476356902264,207.99476356902264,202.01294877885425,203.4177703857422,2443300
2020-09-11 00:00:00-04:00,205.2304543150838,211.7832510464957,204.35130845275938,210.9856719970703,4865200
2020-09-14 00:00:00-04:00,218.41760492294037,218.4266632913197,210.7862683878294,214.20314025878906,6583700
2020-09-15 00:00:00-04:00,212.97960730431006,217.38439473056295,208.9192176780163,214.5022430419922,9847300
2020-09-16 00:00:00-04:00,229.32989624215907,232.18484536648916,223.23026683318565,226.85560607910156,17073300
2020-09-17 00:00:00-04:00,219.90403315147125,226.4024524867108,219.4327351484671,221.2182159423828,4254300
2020-09-18 00:00:00-04:00,220.21213805270966,224.95226455137876,219.28767280789333,220.03993225097656,4348700
2020-09-21 00:00:00-04:00,215.66235996554568,216.78622008093024,208.7017154342606,216.3783721923828,4109500
2020-09-22 00:00:00-04:00,217.07625308257008,220.94630673114935,213.55968329884766,220.62002563476562,2651700
2020-09-23 00:00:00-04:00,222.04296435576956,227.0459224206902,218.46293088491365,218.80734252929688,3083000
2020-09-24 00:00:00-04:00,221.1547258832333,224.0459357983103,217.06716135166553,221.34506225585938,3048300
2020-09-25 00:00:00-04:00,219.0429754550982,228.30571769433973,218.85265290240693,226.73776245117188,3212400
2020-09-28 00:00:00-04:00,231.36007811404806,235.60173198326203,230.281537536653,230.60781860351562,3309800
2020-09-29 00:00:00-04:00,231.10628778413874,234.01562822659739,225.78609374507204,229.75584411621094,2195400
2020-09-30 00:00:00-04:00,229.72866895683413,233.39026907175665,226.1305189122653,227.96131896972656,2506000
2020-10-01 00:00:00-04:00,231.35099297726074,233.64403251558886,229.19392577267516,230.28152465820312,2862300
2020-10-02 00:00:00-04:00,227.08216472409023,234.33282858625986,226.5836778668691,231.29661560058594,3015300
2020-10-05 00:00:00-04:00,234.55944492967768,236.5171314981784,233.58968767430244,234.93104553222656,2427800
2020-10-06 00:00:00-04:00,235.75584863251495,240.16065098183282,233.99755657304897,234.98545837402344,3152200
2020-10-07 00:00:00-04:00,239.13642236602712,245.30855962133035,238.81919968092262,243.13336181640625,2986500
2020-10-08 00:00:00-04:00,244.4656685621194,246.99432246026788,241.40225285098495,245.67108154296875,1993000
2020-10-09 00:00:00-04:00,248.69824815011685,249.24205452818842,244.29347457193379,246.1151885986328,2172000
2020-10-12 00:00:00-04:00,246.75872205576468,248.52605832426704,245.9067651291107,247.882568359375,2063600
2020-10-13 00:00:00-04:00,246.81308048818437,249.45956241255683,246.3871020584143,247.1937255859375,1657100
2020-10-14 00:00:00-04:00,249.01546064100614,252.8311220112736,248.1272426712382,250.3658905029297,2079400
2020-10-15 00:00:00-04:00,247.51093674156843,255.71328226725478,246.29645157818214,255.68606567382812,2254700
2020-10-16 00:00:00-04:00,257.39904741550396,260.26306830443514,255.58637806750744,257.2812194824219,2990300
2020-10-19 00:00:00-04:00,258.133283882229,263.94289488318066,253.37502486043013,255.55929565429688,3453100
2020-10-20 00:00:00-04:00,257.39902817333177,265.27507811432423,256.5923770973887,260.4805603027344,3924900
2020-10-21 00:00:00-04:00,262.07575149653434,265.8279628623446,255.82204744742347,255.8401641845703,3219200
2020-10-22 00:00:00-04:00,257.01839937213543,258.88547442633507,248.35384126910745,250.10308837890625,2962900
2020-10-23 00:00:00-04:00,252.22393052333464,257.28126676362257,250.92785068038762,257.00030517578125,2498300
2020-10-26 00:00:00-04:00,253.76473935871164,254.22697908069557,247.7919947557356,251.61672973632812,2321400
2020-10-27 00:00:00-04:00,253.7193045111301,254.09090500798723,248.689158656316,248.707275390625,1912300
2020-10-28 00:00:00-04:00,238.12139232827633,241.91893799677803,233.8344180402453,235.6380157470703,4039200
2020-10-29 00:00:00-04:00,235.83735363457632,244.47472255220347,235.7014089561633,242.00949096679688,2680700
2020-10-30 00:00:00-04:00,239.81615774828933,241.0759485491383,231.62288463700023,235.16665649414062,2706900
2020-11-02 00:00:00-05:00,238.09421495303326,242.4355396773119,234.74983659887846,241.97332763671875,2042900
2020-11-03 00:00:00-05:00,246.477741446179,250.98222617086103,243.00646393328708,248.77076721191406,2630800
2020-11-04 00:00:00-05:00,250.79186223615852,252.68609840338212,243.37805117191164,243.89466857910156,2810600
2020-11-05 00:00:00-05:00,247.42935870329987,255.83107092615506,247.42935870329987,252.93081665039062,2234600
2020-11-06 00:00:00-05:00,252.43237378995073,257.6709881440871,251.16351052511826,253.56529235839844,1894800
2020-11-09 00:00:00-05:00,248.55325065488083,248.78890655755526,232.33893520770954,239.16363525390625,5907200
2020-11-10 00:00:00-05:00,239.6168361636091,243.59563217244963,233.83441481368314,242.2361297607422,2874000
2020-11-11 00:00:00-05:00,245.77080881715688,245.89768130068848,241.08504594216828,242.7255096435547,1937700
2020-11-12 00:00:00-05:00,244.0125332878291,245.51705240653519,239.26332002783406,242.13641357421875,1924000
2020-11-13 00:00:00-05:00,242.88859307566477,248.0819001300072,242.88859307566477,246.44143676757812,1593700
2020-11-16 00:00:00-05:00,247.90062928801487,254.57126631205531,245.0910141615205,253.61959838867188,2474800
2020-11-17 00:00:00-05:00,255.4685098025502,259.3929538105123,250.96402607755485,258.35064697265625,2816700
2020-11-18 00:00:00-05:00,258.93992545240087,262.6196434091414,256.0305701328854,256.0396423339844,2874800
2020-11-19 00:00:00-05:00,257.1906500353463,258.30545194313055,250.94601682551254,253.63783264160156,2375000
2020-11-20 00:00:00-05:00,254.6528694614385,255.27824263606962,250.7737579345703,250.7737579345703,1885500
2020-11-23 00:00:00-05:00,253.96402267731494,259.5742363325762,253.95497813909518,259.5289306640625,2431600
2020-11-24 00:00:00-05:00,262.46547440321694,268.34757802308775,258.57729061863967,264.3597106933594,3711400
2020-11-25 00:00:00-05:00,264.477508073588,265.3566537773893,259.7192512317965,261.2962646484375,2299600
2020-11-27 00:00:00-05:00,263.56214561093884,263.924701653899,258.6226376057486,260.48968505859375,1248000
2020-11-30 00:00:00-05:00,261.0153622036746,263.6527999120524,254.26318422866646,259.7374267578125,3189000
2020-12-01 00:00:00-05:00,266.0636461479138,269.7796244222096,260.66189839366814,260.8069152832031,3051100
2020-12-02 00:00:00-05:00,260.3174292900999,266.31736001739995,258.33255427003525,264.39593505859375,2518000
2020-12-03 00:00:00-05:00,264.3959008869349,268.5831618426137,262.6376097479245,265.28411865234375,1955800
2020-12-04 00:00:00-05:00,266.78863704110563,270.9759260869384,265.66479099872294,267.25994873046875,1847700
2020-12-07 00:00:00-05:00,269.09075124018443,269.2176513671875,265.73732964079903,269.2176513671875,1483400
2020-12-08 00:00:00-05:00,270.0877640765044,275.20855004478415,269.83399144481166,273.2146301269531,2889100
2020-12-09 00:00:00-05:00,275.07256315615325,277.03024929705305,265.97295562876826,267.65875244140625,2644900
2020-12-10 00:00:00-05:00,263.9790964414129,266.8068567391603,261.5772869690626,263.6528015136719,2961000
2020-12-11 00:00:00-05:00,263.2258962320356,265.1334674620005,259.96487060055057,262.9443054199219,2354500
2020-12-14 00:00:00-05:00,268.87590555304695,269.1938386882897,259.2563283396895,259.3744201660156,2933900
2020-12-15 00:00:00-05:00,259.80124530583265,262.93508506177943,257.1669670342149,259.55596923828125,3018100
2020-12-16 00:00:00-05:00,261.0458328247422,264.19785921200145,260.34637431541256,262.34478759765625,2611800
2020-12-17 00:00:00-05:00,262.8897024705836,266.9682491064102,259.9920182782955,265.4785461425781,6006900
2020-12-18 00:00:00-05:00,257.5212693626647,258.4477909342229,249.76383077057903,250.3179473876953,15457100
2020-12-21 00:00:00-05:00,246.7663194327056,248.437706894791,243.90497661597738,247.02066040039062,4989500
2020-12-22 00:00:00-05:00,247.5293003592806,248.29232313294088,243.6960014613872,248.23782348632812,3553600
2020-12-23 00:00:00-05:00,248.56486451108023,251.2899578951428,245.8215860962972,245.90333557128906,2350800
2020-12-24 00:00:00-05:00,246.493795251651,247.10241170797136,242.70593053634573,244.1865692138672,1649400
2020-12-28 00:00:00-05:00,245.11304571306138,245.34922932717498,237.8188807094383,238.8453369140625,3633100
2020-12-29 00:00:00-05:00,239.76281655590589,241.12536328142664,235.87501767459662,237.59181213378906,2676600
2020-12-30 00:00:00-05:00,238.1732019289358,238.60919918211397,234.68505757698995,236.15663146972656,2694100
2020-12-31 00:00:00-05:00,235.81143253312572,236.592612706244,233.91295403220283,235.82958984375,2607800
2021-01-04 00:00:00-05:00,236.53810004932666,236.6289420396238,227.90863767168202,229.98880004882812,3797100
2021-01-05 00:00:00-05:00,228.45364502334922,231.42400047180104,227.1365194245474,229.9796905517578,3271100
2021-01-06 00:00:00-05:00,227.50898370078707,235.2482532895179,227.43631287594656,230.3249053955078,3605300
2021-01-07 00:00:00-05:00,230.80632445543134,232.73205269311774,222.958056002666,223.4849090576172,5657300
2021-01-08 00:00:00-05:00,223.9300163472376,224.6930391868266,220.2057164207728,222.51296997070312,4583900
2021-01-11 00:00:00-05:00,220.73258223921968,223.8755296322935,220.47824127799322,222.83090209960938,3413200
2021-01-12 00:00:00-05:00,223.53033457434296,226.74593875896687,220.73257029174223,226.21908569335938,4376400
2021-01-13 00:00:00-05:00,227.54532363067463,230.60650778067154,225.45608235816456,229.1077117919922,3012800
2021-01-14 00:00:00-05:00,230.96072212812388,234.6668504595281,230.17952820737878,232.78652954101562,2867100
2021-01-15 00:00:00-05:00,232.32329803298688,232.32329803298688,227.98131685981235,229.41653442382812,2805100
2021-01-19 00:00:00-05:00,230.66098235458236,232.9046436959657,226.09191019635037,226.6551055908203,2357600
2021-01-20 00:00:00-05:00,228.17204603964842,229.22575202485666,224.92917861806967,228.87149047851562,2157300
2021-01-21 00:00:00-05:00,230.51565416710355,233.70400844950143,229.2439355997614,230.67007446289062,1948800
2021-01-22 00:00:00-05:00,228.90784149092207,232.03261741784988,227.1001912449091,230.7972412109375,1690700
2021-01-25 00:00:00-05:00,229.31659826755782,231.43308905905576,225.5377989009209,230.25221252441406,2009700
2021-01-26 00:00:00-05:00,230.90625671726997,231.48760945188525,226.49160462422364,226.79136657714844,1836100
2021-01-27 00:00:00-05:00,223.10343861224052,223.8210405754294,218.5616154361113,220.57818603515625,2698500
2021-01-28 00:00:00-05:00,223.4667129350252,223.721053848941,220.38735828532853,220.54177856445312,2179000
2021-01-29 00:00:00-05:00,220.69620551507668,221.0777168735229,213.2748566811853,213.7744598388672,3241300
2021-02-01 00:00:00-05:00,215.6275497839332,217.78036901726043,213.7563213022431,217.31710815429688,2731200
2021-02-02 00:00:00-05:00,223.81191853938876,223.99358865911353,218.76141436411473,220.27838134765625,2859600
2021-02-03 00:00:00-05:00,220.36921402921385,221.2775784500094,217.41702966162836,219.1792449951172,2160500
2021-02-04 00:00:00-05:00,219.26099486683526,225.43786146062175,218.7977201699231,225.38336181640625,2898900
2021-02-05 00:00:00-05:00,227.99949211166484,231.99629041323,226.18276309085476,231.64202880859375,2816600
2021-02-08 00:00:00-05:00,233.231700946799,235.61161173669086,232.15074486725464,233.8584747314453,2135400
2021-02-09 00:00:00-05:00,233.69490347817577,236.6289305233718,230.72456181549495,235.3844757080078,1758100
2021-02-10 00:00:00-05:00,237.73713392384636,237.84613321741182,232.7683795042203,233.86749267578125,1969600
2021-02-11 00:00:00-05:00,234.3580361225855,234.43069308379617,228.5081666466451,231.0515899658203,1741700
2021-02-12 00:00:00-05:00,231.7147050542233,239.01796365066116,230.73366969676704,238.89987182617188,2674000
2021-02-16 00:00:00-05:00,239.808229827691,241.13443424589497,237.18304309656264,237.83706665039062,1747600
2021-02-17 00:00:00-05:00,236.0566677009549,236.61078443632138,232.0053699726977,235.34814453125,1433600
2021-02-18 00:00:00-05:00,232.09617178855314,234.8030936905438,229.81618224305092,232.20518493652344,1681200
2021-02-19 00:00:00-05:00,234.38530932308322,235.61160703907558,230.52475989342122,231.3059539794922,1594800
2021-02-22 00:00:00-05:00,230.03422113278748,233.81300675718222,229.90705066264738,231.3331756591797,1822000
2021-02-23 00:00:00-05:00,230.27034264469214,231.84180895220408,222.8944292012681,231.2967987060547,1753600
2021-02-24 00:00:00-05:00,231.05155871818482,237.3465309283189,230.73362564858223,236.22923278808594,1690200
2021-02-25 00:00:00-05:00,236.23834545219518,238.87259677158264,230.07054317171577,230.92440795898438,1629400
2021-02-26 00:00:00-05:00,231.5693620659543,233.8675232089412,227.54531386699566,231.17877197265625,1738900
2021-03-01 00:00:00-05:00,235.00295076125067,240.98906894787294,234.63051802343216,238.07322692871094,2013500
2021-03-02 00:00:00-05:00,238.6546017881831,239.49028155788668,235.70241732741377,235.81141662597656,1400500
2021-03-03 00:00:00-05:00,235.248225826866,238.62734255449013,232.0507792098638,235.0574493408203,1565000
2021-03-04 00:00:00-05:00,233.05000449971604,234.74864175658405,224.44779118470714,227.3636474609375,2371600
2021-03-05 00:00:00-05:00,229.67688331676078,235.1594651038106,223.6296397691345,234.3216094970703,1932900
2021-03-08 00:00:00-05:00,236.78969255245534,238.01006686349587,228.6022285648738,228.90277099609375,2242400
2021-03-09 00:00:00-05:00,230.58757988194876,238.7112705964637,229.73149201924906,234.8953399658203,2352000
2021-03-10 00:00:00-05:00,235.99731619728945,238.43806434298872,235.02282905929374,237.1721649169922,1600600
2021-03-11 00:00:00-05:00,240.01366460171002,246.0426895550532,238.8934572906495,244.52175903320312,3794400
2021-03-12 00:00:00-05:00,243.40156992436536,246.98073011340853,241.58011096282587,246.07911682128906,2137300
2021-03-15 00:00:00-04:00,246.8077283409589,248.49258370562902,240.24137552772808,243.05552673339844,3211500
2021-03-16 00:00:00-04:00,243.16472120997523,243.19204197703274,237.06282383010188,237.5181884765625,2131100
2021-03-17 00:00:00-04:00,235.87892095609655,242.41795155391878,234.13942442003264,242.10830688476562,1861400
2021-03-18 00:00:00-04:00,243.9115698614889,245.2321108982785,239.43076870369663,239.986328125,4536100
2021-03-19 00:00:00-04:00,254.13904910868933,257.6726839217703,250.7147251790428,254.62173461914062,12938800
2021-03-22 00:00:00-04:00,254.6217129229791,254.8220745023159,247.42695623575824,249.5580596923828,3276400
2021-03-23 00:00:00-04:00,247.18110641451443,252.22655582022045,241.84421688724382,242.9917449951172,2277100
2021-03-24 00:00:00-04:00,244.98620970417775,249.78574365823772,243.529037098959,244.339599609375,2122700
2021-03-25 00:00:00-04:00,242.43619309191877,250.46880579705257,240.37793562083135,249.70379638671875,2285400
2021-03-26 00:00:00-04:00,252.90968925957748,256.361335363509,250.08642117934986,256.2247314453125,2066600
2021-03-29 00:00:00-04:00,253.182747633445,256.78013951748034,251.94416911528012,254.29383850097656,1517200
2021-03-30 00:00:00-04:00,254.43048776214164,262.4266914025163,253.46511674673766,260.3957824707031,2724700
2021-03-31 00:00:00-04:00,260.4686156415154,262.180791408038,257.58159113421823,258.68359375,2026000
2021-04-01 00:00:00-04:00,258.2282409667969,259.5578982070789,256.63446439885865,258.2282409667969,1443500
2021-04-05 00:00:00-04:00,260.46866857002766,261.0242002915965,255.52341345602153,256.43414306640625,1727200
2021-04-06 00:00:00-04:00,256.51601842991033,259.04784477668807,255.64172608246437,256.9804992675781,1407200
2021-04-07 00:00:00-04:00,256.3612664831677,257.22647072139375,251.98977551581697,254.1937255859375,1469200
2021-04-08 00:00:00-04:00,257.64541167620416,259.0479431152344,254.7766188457094,259.0479431152344,2276000
2021-04-09 00:00:00-04:00,257.6453786867248,261.3793753213967,256.6253660592214,260.9968566894531,2039400
2021-04-12 00:00:00-04:00,260.1316568794331,266.92569078463174,259.6854083434118,264.8310241699219,1773300
2021-04-13 00:00:00-04:00,268.41928618539123,268.446606955673,263.3009636088099,264.9220886230469,1713700
2021-04-14 00:00:00-04:00,263.66531675758296,265.1588987435409,261.8984992349765,262.1170654296875,1099900
2021-04-15 00:00:00-04:00,263.0459547600043,266.2972653190081,261.078803756045,265.20440673828125,1389800
2021-04-16 00:00:00-04:00,266.7526893932188,266.8437679102022,261.4977897030868,261.9167175292969,1413000
2021-04-19 00:00:00-04:00,260.52322798541894,261.0787873250931,256.90763146038654,257.9640808105469,1677000
2021-04-20 00:00:00-04:00,257.20825209824676,258.4650355326585,252.5817304135777,255.3139190673828,1425300
2021-04-21 00:00:00-04:00,254.1390118332851,255.97870289228163,252.35399010461623,253.4195556640625,1861400
2021-04-22 00:00:00-04:00,252.5725445146924,255.97869099576326,251.70736835573052,251.85308837890625,1444800
2021-04-23 00:00:00-04:00,253.6563976378191,254.26659869753453,252.24477787817685,252.94602966308594,1312800
2021-04-26 00:00:00-04:00,254.37587056087187,254.88587688976943,249.72205586136644,251.14279174804688,1747000
2021-04-27 00:00:00-04:00,260.97857659640096,266.11510300438675,258.94764032488854,261.8437805175781,4961900
2021-04-28 00:00:00-04:00,261.06056895312514,263.33739238336915,259.94038961312816,261.7345275878906,1783900
2021-04-29 00:00:00-04:00,264.11153604869617,269.84912036969274,263.41028438958756,269.63055419921875,2472200
2021-04-30 00:00:00-04:00,267.31726271042487,269.2115952794481,263.2007761478703,264.3938293457031,1821900
2021-05-03 00:00:00-04:00,268.5650184312018,278.1367659650351,267.93661289290384,277.3626403808594,4580300
2021-05-04 00:00:00-04:00,275.67785028862386,277.95467419985044,272.59957991372374,277.1167907714844,2470500
2021-05-05 00:00:00-04:00,278.5830107129228,282.3169787664164,275.26794257980214,279.1658630371094,2530100
2021-05-06 00:00:00-04:00,278.0366187174278,284.1111689592841,276.3882005347405,283.200439453125,2561400
2021-05-07 00:00:00-04:00,280.5046606001962,286.97084502333246,280.5046606001962,286.5974426269531,1826100
2021-05-10 00:00:00-04:00,286.5883971350042,288.70129657527576,281.6613464355469,281.6613464355469,1733600
2021-05-11 00:00:00-04:00,277.4082107369345,280.3954023795862,273.7379719705674,278.3553771972656,2170500
2021-05-12 00:00:00-04:00,275.204238030667,277.5539357423827,268.4739613707759,269.5850524902344,1949200
2021-05-13 00:00:00-04:00,270.5413460399489,278.06398179926055,270.0222234720698,276.31536865234375,1444300
2021-05-14 00:00:00-04:00,277.9819899280582,282.78152464021053,277.9819899280582,281.8070373535156,1455200
2021-05-17 00:00:00-04:00,282.32609145286796,283.74682697994473,279.30246341595966,281.65216064453125,940700
2021-05-18 00:00:00-04:00,282.04379769395575,282.5811247192144,278.7287292480469,278.7287292480469,1046100
2021-05-19 00:00:00-04:00,276.8617578355343,280.8962827020321,273.1368776524774,280.44091796875,1734700
2021-05-20 00:00:00-04:00,281.5429886650254,284.1021368609897,279.3754475639279,281.46099853515625,1278100
2021-05-21 00:00:00-04:00,282.71771566855455,287.143874922024,281.7705771214645,281.9618225097656,1753600
2021-05-24 00:00:00-04:00,285.53188034135474,285.53188034135474,281.64307568827246,284.0018615722656,1807900
2021-05-25 00:00:00-04:00,285.0582813655665,285.40436295919284,280.24051540957737,281.0419616699219,1631800
2021-05-26 00:00:00-04:00,282.9818955329895,284.90352160143135,280.5229145555621,283.00921630859375,1695100
2021-05-27 00:00:00-04:00,284.6120796786885,291.3423561068061,284.02008328002273,287.4171142578125,2657300
2021-05-28 00:00:00-04:00,287.7905269388565,288.4735740755784,285.0674545809678,286.7067565917969,1022700
2021-06-01 00:00:00-04:00,289.8577845911545,290.1036992731106,282.39890990799927,283.1001892089844,1282400
2021-06-02 00:00:00-04:00,285.05837749656916,285.05837749656916,276.7069744635605,279.202392578125,2088400
2021-06-03 00:00:00-04:00,278.1276900943416,280.30431910574936,275.2042284433942,278.9655456542969,1316300
2021-06-04 00:00:00-04:00,279.3935690631448,280.5046600621342,272.9091800696684,275.1495666503906,2111200
2021-06-07 00:00:00-04:00,275.9510364598241,277.0530113645645,272.49936389823074,276.26068115234375,1960400
2021-06-08 00:00:00-04:00,275.7689346383978,276.3882519406506,271.9620912649938,275.5685729980469,1499000
2021-06-09 00:00:00-04:00,275.56851811279734,275.60495507467596,264.5304810905436,266.94390869140625,4358600
2021-06-10 00:00:00-04:00,267.38110629830265,269.20256554169305,265.21356535174607,266.69805908203125,1811800
2021-06-11 00:00:00-04:00,267.0804852067724,269.7307108227737,267.0804852067724,269.6578369140625,1628900
2021-06-14 00:00:00-04:00,270.2316253523061,270.6414646945619,265.96941848316897,266.8345947265625,1275600
2021-06-15 00:00:00-04:00,268.6561475643704,273.1096291755219,267.66345551822906,272.5813903808594,1834000
2021-06-16 00:00:00-04:00,271.825421191361,272.66330451790236,266.36104446848174,268.3737487792969,1686100
2021-06-17 00:00:00-04:00,268.20079384461843,268.4284762809817,260.0953046687397,261.8985595703125,2369400
2021-06-18 00:00:00-04:00,258.7837690256359,263.6834979394353,256.83482244483605,259.8493347167969,2553800
2021-06-21 00:00:00-04:00,262.25369675472683,268.69256191613454,262.1079766785786,266.989501953125,1922000
2021-06-22 00:00:00-04:00,268.5923709408193,272.4174183723822,267.61788365256893,271.1150817871094,2250100
2021-06-23 00:00:00-04:00,273.2188928410894,273.8108615502592,269.72169434791505,270.82366943359375,2157400
2021-06-24 00:00:00-04:00,274.76709448940863,277.3990882269887,272.289909198785,276.5794372558594,5016400
2021-06-25 00:00:00-04:00,267.2669833001967,269.1020904409479,261.58822051466166,266.5457458496094,11622000
2021-06-28 00:00:00-04:00,267.50438814117126,269.0108065975389,264.2541664050085,268.4082336425781,3537100
2021-06-29 00:00:00-04:00,270.24334891192325,273.4387939159494,269.19342255444286,271.9689025878906,3594500
2021-06-30 00:00:00-04:00,270.27069207024516,272.6353176338286,269.3303195267192,272.37054443359375,1810900
2021-07-01 00:00:00-04:00,273.8496198756373,273.98656193219426,270.9919748931945,273.0918273925781,1749500
2021-07-02 00:00:00-04:00,273.8039042615912,273.8039042615912,271.4940557866104,273.32916259765625,1335800
2021-07-06 00:00:00-04:00,273.32928836330365,273.55753447518936,267.1392549234463,268.9743347167969,2282500
2021-07-07 00:00:00-04:00,268.41735427816855,269.467280533714,265.89750897520605,268.0065002441406,2293200
2021-07-08 00:00:00-04:00,262.17254849955765,268.9834028895168,260.9765414161031,267.7234802246094,1971400
2021-07-09 00:00:00-04:00,270.0698326981154,272.2518781380154,267.6686799833371,270.6084899902344,2317500
2021-07-12 00:00:00-04:00,271.41188792728684,275.94028085803825,268.9650974444023,273.59393310546875,1905400
2021-07-13 00:00:00-04:00,272.97307160155196,276.314596315927,272.6991875520376,273.05523681640625,1747700
2021-07-14 00:00:00-04:00,272.66271210748346,274.6803992870949,268.96513742741894,270.115478515625,1431800
2021-07-15 00:00:00-04:00,268.4173200663083,272.744855698456,268.1160475786029,270.3163146972656,1166000
2021-07-16 00:00:00-04:00,270.88244111997847,271.1563252531846,266.67356919258776,267.03875732421875,1975800
2021-07-19 00:00:00-04:00,262.51038259317613,269.6407879625718,261.40567935819007,269.1660461425781,2853300
2021-07-20 00:00:00-04:00,269.7046794236442,273.01881669417827,268.8282223489629,272.0875549316406,1656400
2021-07-21 00:00:00-04:00,271.6219819900205,275.67563471963916,271.45762363238754,272.3888854980469,1339000
2021-07-22 00:00:00-04:00,271.65845588338885,272.8453521406625,270.29811824952117,270.80938720703125,981800
2021-07-23 00:00:00-04:00,271.8867060506002,272.6718870156661,270.3255107411528,271.2202453613281,1000600
2021-07-26 00:00:00-04:00,270.3254819342569,272.5257771467962,269.9237666669513,271.61279296875,1205500
2021-07-27 00:00:00-04:00,262.4829409624218,263.2863714657328,254.83212939052586,258.0367126464844,4837200
2021-07-28 00:00:00-04:00,259.4792116175611,259.56137684576004,255.89119067588462,257.3063049316406,2732100
2021-07-29 00:00:00-04:00,257.306356697888,259.88097914768906,256.72206122578905,257.3885498046875,1820800
2021-07-30 00:00:00-04:00,255.63555810592405,257.4615263781092,253.61787096653754,255.5899200439453,2337200
2021-08-02 00:00:00-04:00,256.3568516997034,258.01846183581415,251.4267423924882,252.12973022460938,2490400
2021-08-03 00:00:00-04:00,252.23927423186538,257.19677176217897,250.38591741615735,256.3750915527344,2151100
2021-08-04 00:00:00-04:00,255.0238464512462,255.9003312824985,251.1436638732207,251.18019104003906,1978800
2021-08-05 00:00:00-04:00,251.89231411660438,253.60872872681938,250.76936147635203,251.80101013183594,2089700
2021-08-06 00:00:00-04:00,252.59536430450257,254.22047515243153,251.0980567630946,252.2301483154297,1701800
2021-08-09 00:00:00-04:00,251.11631484930479,251.96541140413387,248.84299290995733,248.9434356689453,1847600
2021-08-10 00:00:00-04:00,248.78823486428982,250.49551113735373,247.3822311667961,247.65614318847656,2144700
2021-08-11 00:00:00-04:00,248.71518124818252,253.04271767042826,247.6561161764211,252.2301483154297,2017800
2021-08-12 00:00:00-04:00,252.44015457191665,254.3665380377138,249.87467096237555,252.07496643066406,1211200
2021-08-13 00:00:00-04:00,251.2806715058595,254.49436611670137,250.85156778303647,253.06097412109375,1946200
2021-08-16 00:00:00-04:00,252.71403551133287,258.26499549151,251.21675579254185,257.1511535644531,2757900
2021-08-17 00:00:00-04:00,254.91432753680516,256.0920850340629,250.87895270872374,253.68179321289062,2939900
2021-08-18 00:00:00-04:00,252.038410378164,253.4718022269565,248.71516245286898,249.02557373046875,2136600
2021-08-19 00:00:00-04:00,246.50568309486295,247.17217145357245,241.9772901993862,244.2779998779297,3101100
2021-08-20 00:00:00-04:00,243.21896920636178,245.13624147185067,241.09172842049557,243.3559112548828,2404600
2021-08-23 00:00:00-04:00,244.67979490449048,245.7206103909375,243.46553803237228,243.67550659179688,2041400
2021-08-24 00:00:00-04:00,243.56591404708246,245.66576647850482,243.12767161821742,244.50628662109375,2111700
2021-08-25 00:00:00-04:00,244.67976825738384,248.19476303797234,244.0498069235767,246.84353637695312,2116200
2021-08-26 00:00:00-04:00,246.45097862148555,246.45097862148555,243.57508371365768,244.186767578125,1312100
2021-08-27 00:00:00-04:00,244.177644271357,245.82100474600182,243.6846249841365,244.58847045898438,1551700
2021-08-30 00:00:00-04:00,245.364509439199,245.4558134337294,242.34253389609464,242.433837890625,1761600
2021-08-31 00:00:00-04:00,242.9085393940064,243.70283107684153,241.6486169196902,242.57073974609375,1637600
2021-09-01 00:00:00-04:00,242.93602836485846,244.1685629417688,240.60792916786326,242.78994750976562,1760600
2021-09-02 00:00:00-04:00,243.82449455375186,246.2690692240131,243.7695628030377,244.53863525390625,1311300
2021-09-03 00:00:00-04:00,244.0442209052148,245.90281964173707,242.52440521835248,243.57730102539062,1524800
2021-09-07 00:00:00-04:00,243.82447512345308,244.7949732298916,240.7573222289383,241.3799285888672,1634500
2021-09-08 00:00:00-04:00,241.02287872892447,241.0595092120045,236.98522715115922,238.9811553955078,1963200
2021-09-09 00:00:00-04:00,237.25073225744026,240.54677697667915,235.56609338780038,237.3331298828125,2132800
2021-09-10 00:00:00-04:00,239.4572209907799,240.07979937694176,235.52026908586257,235.80409240722656,1717500
2021-09-13 00:00:00-04:00,237.55285976387043,239.78684410394638,235.9872489810769,239.75021362304688,1848000
2021-09-14 00:00:00-04:00,240.0706575386925,240.75733233760025,233.20392352004953,233.6525421142578,2583500
2021-09-15 00:00:00-04:00,234.66881343315637,237.72680174789116,233.35956023335885,234.9251708984375,2285900
2021-09-16 00:00:00-04:00,236.1886860454382,237.5071040123668,234.42164944423237,236.56407165527344,1711900
2021-09-17 00:00:00-04:00,233.83564790375252,235.95060400664414,232.6362581810172,233.6708526611328,3082400
2021-09-20 00:00:00-04:00,230.82342835508624,232.5355329241692,227.2069441403464,229.62403869628906,3474500
2021-09-21 00:00:00-04:00,231.63827415334214,232.4439769687619,227.77458324548178,230.78680419921875,4481100
2021-09-22 00:00:00-04:00,214.4073256578312,215.1397815473613,209.64638333153658,209.73794555664062,17792400
2021-09-23 00:00:00-04:00,209.72880452558553,211.76134910570957,208.82238874911425,209.59146118164062,7092700
2021-09-24 00:00:00-04:00,208.74912279130814,209.66468911934018,207.46733552023665,207.5039520263672,4973400
2021-09-27 00:00:00-04:00,206.9180148766966,209.89360579859598,206.6250269108853,207.38494873046875,4335500
2021-09-28 00:00:00-04:00,206.75321290954943,208.79492208716587,203.036001558818,203.62196350097656,4717700
2021-09-29 00:00:00-04:00,204.1712967327598,205.3066040399125,202.15705355011082,202.4225616455078,3737200
2021-09-30 00:00:00-04:00,202.8803569233362,204.32695352391156,200.53650915496308,200.77455139160156,3858600
2021-10-01 00:00:00-04:00,201.43373581849056,205.17841258786586,199.75824781981888,203.740966796875,4033100
2021-10-04 00:00:00-04:00,202.5598942152606,205.08685218605427,198.9159302650287,199.47442626953125,3924100
2021-10-05 00:00:00-04:00,199.13568762421536,207.33916853494424,198.07362727064867,205.33407592773438,5326900
2021-10-06 00:00:00-04:00,203.32900778411963,205.9475285044461,201.26898318153383,205.27000427246094,3652900
2021-10-07 00:00:00-04:00,207.8335498445684,208.43782695472967,203.6951862619333,204.12550354003906,3954100
2021-10-08 00:00:00-04:00,203.62193046422593,205.03191032687982,202.72467944190316,204.57412719726562,2365000
2021-10-11 00:00:00-04:00,205.11433809602187,205.6179024067249,200.83864471320615,201.2598114013672,2884700
2021-10-12 00:00:00-04:00,201.25978353395968,203.32895826819066,201.13159084495413,202.6331329345703,2541500
2021-10-13 00:00:00-04:00,203.27406511288245,206.39613605870616,200.97598440522924,204.8396759033203,4595300
2021-10-14 00:00:00-04:00,207.2841970600873,209.2709881515358,206.70739981232947,208.24554443359375,2841400
2021-10-15 00:00:00-04:00,209.06960579683704,210.1225016329675,208.13572410007973,209.7745819091797,4177900
2021-10-18 00:00:00-04:00,208.76741965791084,210.35134535429833,207.54055026878382,208.7307891845703,2676800
2021-10-19 00:00:00-04:00,209.80202880052593,210.93733613248747,208.45614511448017,209.9576873779297,2088100
2021-10-20 00:00:00-04:00,210.88239210591271,212.3747696776541,209.81118118824986,211.77049255371094,2516900
2021-10-21 00:00:00-04:00,211.77049966545826,213.65656411222528,211.15707188707322,213.1804656982422,3833400
2021-10-22 00:00:00-04:00,213.2079419228937,214.88343010211554,212.74100809082248,213.30865478515625,2577400
2021-10-25 00:00:00-04:00,213.63824285732218,216.3300100872691,212.86917049746117,215.52430725097656,2545800
2021-10-26 00:00:00-04:00,218.81120582091665,220.91699723806977,216.89766154233692,217.7491455078125,3065400
2021-10-27 00:00:00-04:00,218.36257335862953,219.73592287660836,215.23133813408992,215.42359924316406,2677000
2021-10-28 00:00:00-04:00,215.67082863991527,216.2018588522293,213.46431016386092,216.0370635986328,1718700
2021-10-29 00:00:00-04:00,214.16929383821662,218.2435615855125,213.830538735652,215.6433563232422,1999900
2021-11-01 00:00:00-04:00,217.2456080220457,217.36463613211706,214.87429424888913,215.74407958984375,1431700
2021-11-02 00:00:00-04:00,216.50397653853932,217.3371452723925,215.15809288244844,215.8630828857422,1489400
2021-11-03 00:00:00-04:00,215.54266102605706,220.175425222164,214.8102050412384,219.7542724609375,2029600
2021-11-04 00:00:00-04:00,221.3290145868849,224.81732014682598,220.34935188609631,224.32290649414062,2889600
2021-11-05 00:00:00-04:00,225.7420393048142,225.94346502148696,221.0543440159224,222.2720489501953,1984600
2021-11-08 00:00:00-05:00,224.1489718255415,228.5619945906399,223.96584736995223,227.54571533203125,2612200
2021-11-09 00:00:00-05:00,228.89161054661977,229.34024313264783,225.32090701026658,228.41551208496094,1832100
2021-11-10 00:00:00-05:00,226.79492310994115,229.53245727055278,225.76947940473244,227.53652954101562,1859900
2021-11-11 00:00:00-05:00,228.36057343257804,231.82141336182056,227.7288303712912,229.7980194091797,2050400
2021-11-12 00:00:00-05:00,230.66779920707188,233.35956663682063,229.77054805396713,232.44400024414062,2115500
2021-11-15 00:00:00-05:00,233.01164929606063,233.6983240975225,229.12049208777668,230.99740600585938,1993200
2021-11-16 00:00:00-05:00,230.72272372345805,233.74409551868536,230.42973578117548,231.80308532714844,1608900
2021-11-17 00:00:00-05:00,231.2812369519075,231.93129526563456,226.30055332643792,226.46536254882812,2104900
2021-11-18 00:00:00-05:00,227.00551293893068,227.95769575351065,220.87122146136073,224.05738830566406,2335700
2021-11-19 00:00:00-05:00,224.29544762368894,225.41243972374346,222.06146342357988,222.1988067626953,2029900
2021-11-22 00:00:00-05:00,222.19882555309113,229.89874280480842,221.6036989741321,227.05133056640625,2185700
2021-11-23 00:00:00-05:00,226.14491119400603,226.78580490937568,223.74613158629307,225.62303161621094,1422600
2021-11-24 00:00:00-05:00,224.31375451022905,226.04417434334775,222.99533673824646,223.00450134277344,1646000
2021-11-26 00:00:00-05:00,217.27305710428217,219.19575210551506,215.6250348132875,218.04212951660156,1775800
2021-11-29 00:00:00-05:00,219.73591773079227,221.19166483285477,217.06246574151965,220.25779724121094,1695300
2021-11-30 00:00:00-05:00,218.08790800826438,218.82951453768803,210.49786889685285,210.9190216064453,3366000
2021-12-01 00:00:00-05:00,215.15810478309248,218.0787638449921,208.3920696212841,208.54771423339844,2337300
2021-12-02 00:00:00-05:00,208.5568573917731,217.19980616466904,208.19978706609106,215.43276977539062,2143100
2021-12-03 00:00:00-05:00,216.6504782241416,220.98110331489025,216.42158662781654,220.5050048828125,2438300
2021-12-06 00:00:00-05:00,222.48265924730242,226.1266100014415,221.76851849574842,224.3595733642578,1829500
2021-12-07 00:00:00-05:00,226.26391019128147,227.96686411327033,225.41242624507032,226.19981384277344,1694800
2021-12-08 00:00:00-05:00,226.64845801859644,226.64845801859644,223.19676888693385,224.08486938476562,1295500
2021-12-09 00:00:00-05:00,222.94037689613396,226.4836137339655,222.5741559924856,224.54261779785156,1279000
2021-12-10 00:00:00-05:00,225.7273137351517,228.03244322504088,224.5426165254644,226.1773223876953,1275300
2021-12-13 00:00:00-05:00,224.74469462841964,225.44265447030472,220.86915163664295,221.2364959716797,1690800
2021-12-14 00:00:00-05:00,220.40995696403485,224.89163057322227,219.82219763932892,220.44668579101562,1687800
2021-12-15 00:00:00-05:00,220.4466945579539,222.46713045443832,219.50076957609446,221.1262969970703,1699800
2021-12-16 00:00:00-05:00,222.77020233276605,224.77225285345813,218.95893815628682,219.05078125,4465900
2021-12-17 00:00:00-05:00,233.02842866050196,239.2366373133706,227.81205246787292,229.88758850097656,10117300
2021-12-20 00:00:00-05:00,229.86925430795256,232.23866337621794,225.41513016567828,225.50697326660156,2759100
2021-12-21 00:00:00-05:00,228.01410278223761,232.12841811696228,227.5916582058206,231.38453674316406,2528100
2021-12-22 00:00:00-05:00,231.7518915790173,232.1100571985125,228.95084557358666,229.55697631835938,2324300
2021-12-23 00:00:00-05:00,230.39269640730058,235.31520022566426,230.19065281724505,233.10191345214844,2099300
2021-12-27 00:00:00-05:00,234.17637948623698,236.2059938230529,233.58862021445137,235.33352661132812,1478600
2021-12-28 00:00:00-05:00,235.12234209284776,237.27133608965693,234.62642579100316,235.50807189941406,1342400
2021-12-29 00:00:00-05:00,235.5447962567332,237.4090961178884,235.3243672303199,236.4723358154297,1467400
2021-12-30 00:00:00-05:00,236.8396759305331,238.9702840341472,236.48149632799974,237.45497131347656,1785300
2021-12-31 00:00:00-05:00,236.5458203288117,238.99786551958508,235.9580469633882,237.5284881591797,1272300
2022-01-03 00:00:00-05:00,238.59376931727726,240.3295111965068,235.9855881666124,237.44580078125,1752400
2022-01-04 00:00:00-05:00,238.45602150396138,244.23260709265952,238.14377742167716,243.28668212890625,2586600
2022-01-05 00:00:00-05:00,243.36929720741986,245.01319577939313,240.48558717643405,240.7335662841797,2437600
2022-01-06 00:00:00-05:00,240.60503119401434,243.37854133030962,238.89686733197993,241.70709228515625,1857800
2022-01-07 00:00:00-05:00,241.24789634303957,244.84791013110447,240.65095828409062,242.4417724609375,1646000
2022-01-10 00:00:00-05:00,241.1836122040043,241.1836122040043,231.89884138713936,235.60906982421875,4553800
2022-01-11 00:00:00-05:00,235.60904153167397,236.38050101986377,231.55901935154986,234.68148803710938,2018300
2022-01-12 00:00:00-05:00,235.17740549828707,237.8682649515681,233.98352947376003,235.2967987060547,1413500
2022-01-13 00:00:00-05:00,236.2151921761037,238.87847369052815,235.3794676822375,236.63766479492188,1658500
2022-01-14 00:00:00-05:00,233.80904430066545,235.71008692265684,232.58760409676867,235.30599975585938,1393600
2022-01-18 00:00:00-05:00,232.03657656191788,233.48761040394135,229.8232899666822,232.65188598632812,1918700
2022-01-19 00:00:00-05:00,232.65189669381778,234.92946234192175,231.59575723439423,231.60494995117188,1302800
2022-01-20 00:00:00-05:00,233.01005312472378,235.10394652742065,230.18145708647128,230.27330017089844,1671600
2022-01-21 00:00:00-05:00,229.25390434370735,229.58451983012677,224.02834952296382,224.91917419433594,3063600
2022-01-24 00:00:00-05:00,220.00589308029606,225.87430824488672,217.51710490033872,225.6630859375,3051500
2022-01-25 00:00:00-05:00,222.00792741028346,226.59980137333258,219.5007541368918,224.12017822265625,2032200
2022-01-26 00:00:00-05:00,225.74573009627755,227.98656707623257,221.5303927026495,223.31204223632812,2010800
2022-01-27 00:00:00-05:00,225.2314145572119,227.42632971856315,220.11606031163467,222.18240356445312,1865700
2022-01-28 00:00:00-05:00,221.45690561306313,224.91918264068372,219.61097725231912,224.79978942871094,2287600
2022-01-31 00:00:00-05:00,224.11099843264256,226.0671412156667,221.3283239455929,225.7916259765625,3395900
2022-02-01 00:00:00-05:00,233.98353127165075,235.5539443379061,230.78759087977878,231.43045043945312,4598800
2022-02-02 00:00:00-05:00,232.7528993323763,232.80799957535703,228.5375625849107,231.26513671875,1746900
2022-02-03 00:00:00-05:00,229.48349878632956,230.86106098199593,226.89367513209885,227.13246154785156,1803300
2022-02-04 00:00:00-05:00,226.14065240223718,226.90290529121776,222.28346640724345,224.18450927734375,2142000
2022-02-07 00:00:00-05:00,224.9100072043545,225.49776657929942,222.81611355528267,223.83551025390625,1622600
2022-02-08 00:00:00-05:00,224.76306938455085,226.2141033520686,223.16509207552255,223.95489501953125,1983100
2022-02-09 00:00:00-05:00,225.72733323780764,228.3079781662343,223.72528292402941,224.30386352539062,1729200
2022-02-10 00:00:00-05:00,222.5956831985556,223.91814512113618,219.98748817867192,220.78648376464844,2614000
2022-02-11 00:00:00-05:00,220.4558685028443,220.86913435073924,212.3557962256411,213.2558135986328,4681000
2022-02-14 00:00:00-05:00,212.44765144811424,213.2650044876009,208.44353662232518,209.81192016601562,2510300
2022-02-15 00:00:00-05:00,212.8058131171471,215.05582860980465,211.2353860186521,211.5935516357422,2617000
2022-02-16 00:00:00-05:00,210.30782263984318,211.58436301149243,206.1016645054519,210.31700134277344,2443600
2022-02-17 00:00:00-05:00,208.86599581287652,209.260904304957,205.80781974174027,206.05577087402344,1415900
2022-02-18 00:00:00-05:00,205.3761566848909,206.6986186111778,202.78633307703117,204.09042358398438,1658500
2022-02-22 00:00:00-05:00,202.18021305799417,203.5577753018959,198.6720284971008,200.01284790039062,2521400
2022-02-23 00:00:00-05:00,200.8301904404193,202.07918070346972,197.22098427642982,197.3036346435547,2253300
2022-02-24 00:00:00-05:00,191.02198906571223,198.89246909157754,189.46993316242697,198.29551696777344,3002400
2022-02-25 00:00:00-05:00,198.86489054489957,204.4669829237236,198.51591761919263,202.70370483398438,1963900
2022-02-28 00:00:00-05:00,199.45262845690033,204.4669609331836,198.1026304193914,204.12716674804688,2477700
2022-03-01 00:00:00-05:00,202.99757897089563,203.83330348172532,195.28323552106886,197.36795043945312,2081800
2022-03-02 00:00:00-05:00,198.77305241594752,204.4118733674621,196.80773082081475,201.3536834716797,2270600
2022-03-03 00:00:00-05:00,204.4577753137987,206.5883974493599,202.22611738180228,203.24551391601562,2467700
2022-03-04 00:00:00-05:00,200.8865395129321,201.80803740060608,195.63400436537867,197.69815063476562,2457300
2022-03-07 00:00:00-05:00,195.35752977129496,196.61997723305197,184.88931440601814,185.30398559570312,3471100
2022-03-08 00:00:00-05:00,186.67700324520663,192.9339663573278,183.40568364197077,187.976318359375,2928200
2022-03-09 00:00:00-05:00,192.5929925743658,201.2642881026978,192.5929925743658,199.7069549560547,3192400
2022-03-10 00:00:00-05:00,196.09469370271546,202.47145545977537,195.68002259149725,202.0659942626953,2535300
2022-03-11 00:00:00-05:00,202.72950671120475,203.1073241665194,196.03021407509405,196.44488525390625,2346300
2022-03-14 00:00:00-04:00,195.82747393292593,198.0482867959407,192.41793520692264,194.55581665039062,2180700
2022-03-15 00:00:00-04:00,197.92850358278437,200.49949028393823,195.293019348197,199.25546264648438,1858400
2022-03-16 00:00:00-04:00,201.73424630621042,208.27688467658385,201.57759340664686,208.19393920898438,3088000
2022-03-17 00:00:00-04:00,204.32367779770848,211.4099972464863,203.08887427419376,210.08303833007812,5701400
2022-03-18 00:00:00-04:00,202.72951160305038,202.90459843100345,196.21451554910104,201.72508239746094,9268400
2022-03-21 00:00:00-04:00,200.62845808466435,205.67826098270953,200.3980836852525,204.71990966796875,3434400
2022-03-22 00:00:00-04:00,205.57691511581803,210.74651768969215,205.02402494153247,208.7837371826172,2627700
2022-03-23 00:00:00-04:00,207.09740800461714,208.3230016911902,203.70628899572702,204.0841064453125,1733600
2022-03-24 00:00:00-04:00,205.1990687410894,207.7516209047919,203.29157611445697,207.44752502441406,2006600
2022-03-25 00:00:00-04:00,208.24928970651567,209.2260751098616,206.37865032593274,208.7745361328125,1452900
2022-03-28 00:00:00-04:00,209.03254092046788,212.09192012193054,207.90831256917758,211.9905548095703,1728100
2022-03-29 00:00:00-04:00,218.16457281787874,222.60619832523767,217.5195272627063,219.84170532226562,4055800
2022-03-30 00:00:00-04:00,218.62534415785237,219.49155430437148,215.7686954696646,216.7823486328125,2111300
2022-03-31 00:00:00-04:00,215.00382419639166,217.31677808264695,213.1239612408671,213.22532653808594,1778600
2022-04-01 00:00:00-04:00,213.22536484159446,213.49259300357372,203.65100373521364,203.88137817382812,3435700
2022-04-04 00:00:00-04:00,201.24589756101628,203.52199817929747,199.72543186388629,200.87730407714844,3479800
2022-04-05 00:00:00-04:00,198.4261119556543,201.66056399231758,194.13192907120444,194.4636688232422,3124100
2022-04-06 00:00:00-04:00,193.05375645207425,193.05375645207425,187.57084828149414,187.9855194091797,3492800
2022-04-07 00:00:00-04:00,187.72751239074654,188.94388204190406,183.57156282962802,187.77359008789062,3223300
2022-04-08 00:00:00-04:00,186.22544161873645,187.6906193888463,183.9216976804743,185.7001953125,2321200
2022-04-11 00:00:00-04:00,183.94015042480044,191.3489855029211,183.94015042480044,188.09609985351562,2081000
2022-04-12 00:00:00-04:00,188.10530370778687,190.9066501374111,186.44660526744624,188.33567810058594,2031800
2022-04-13 00:00:00-04:00,188.3541327166548,191.25685903861117,187.14697292517837,190.11419677734375,1365500
2022-04-14 00:00:00-04:00,190.79608787307404,192.13225662977456,188.86093721789535,189.58892822265625,1922300
2022-04-18 00:00:00-04:00,189.38619777894073,190.73157645118144,186.11487836428782,187.30360412597656,1510100
2022-04-19 00:00:00-04:00,188.49234802766097,193.59743884643953,188.23432980929314,192.4179229736328,1761400
2022-04-20 00:00:00-04:00,194.01211032296473,197.26500998496854,192.66673161922247,192.76809692382812,1824900
2022-04-21 00:00:00-04:00,193.49608582084923,194.20564299685685,189.36778000405258,190.6210174560547,2099500
2022-04-22 00:00:00-04:00,189.47835880302736,191.5885964795209,188.2251213273934,189.10055541992188,2114800
2022-04-25 00:00:00-04:00,188.03162122299472,189.6442423071354,182.18010480759386,189.275634765625,2162600
2022-04-26 00:00:00-04:00,188.41867244979602,189.17429339890953,182.66852062272025,184.29957580566406,1927500
2022-04-27 00:00:00-04:00,182.65929374528326,185.73709300082686,180.75178656356164,183.61764526367188,1613700
2022-04-28 00:00:00-04:00,185.97666893184234,190.8145317623775,184.8432166590982,190.61180114746094,2261400
2022-04-29 00:00:00-04:00,189.22036617612886,192.47325247949047,182.4565752948741,183.13848876953125,2338600
2022-05-02 00:00:00-04:00,183.322763707261,184.74186404826781,177.6832020052941,181.5442657470703,2225600
2022-05-03 00:00:00-04:00,181.77465104303062,184.85246438264866,180.24497538069772,183.7835235595703,1957800
2022-05-04 00:00:00-04:00,184.85244178259873,193.5421582286225,183.49783905676355,193.0445556640625,2454400
2022-05-05 00:00:00-04:00,190.7500421339597,194.02136209385577,188.84253496336873,190.97120666503906,2646500
2022-05-06 00:00:00-04:00,190.21555416166095,195.76297427065887,187.29440813052946,193.70803833007812,2357600
2022-05-09 00:00:00-04:00,191.04489865230417,195.89197120666037,189.53362901488293,191.92031860351562,2320600
2022-05-10 00:00:00-04:00,193.7725480536613,194.94285414716705,186.97189007813998,191.72682189941406,2278600
2022-05-11 00:00:00-04:00,191.40429901152234,195.51417099873274,190.224768985209,190.934326171875,2807900
2022-05-12 00:00:00-04:00,189.2019008208588,191.9848135495855,186.42818394558952,191.85580444335938,2345500
2022-05-13 00:00:00-04:00,192.3073614348967,198.17729741174563,192.24284984524638,194.7032470703125,2077100
2022-05-16 00:00:00-04:00,193.94760821105896,195.30221085832054,191.99403772589287,193.25648498535156,1301600
2022-05-17 00:00:00-04:00,197.63359764556802,205.05165637229646,197.1359810517096,204.11172485351562,2927500
2022-05-18 00:00:00-04:00,200.16773247425363,201.39332610841592,186.70465045055826,187.58929443359375,3721100
2022-05-19 00:00:00-04:00,185.3039825583119,187.22069960064243,180.18966714018725,183.42413330078125,2598700
2022-05-20 00:00:00-04:00,186.105705749527,186.105705749527,180.0883120541798,185.12890625,2253900
2022-05-23 00:00:00-04:00,186.31762413444216,190.722382060998,184.88929987252254,188.62136840820312,1696200
2022-05-24 00:00:00-04:00,186.74150571983702,189.82852867953522,181.79306750570115,189.1374053955078,1929700
2022-05-25 00:00:00-04:00,186.81522639216124,189.32170128261367,183.21218104045758,188.2711944580078,2197300
2022-05-26 00:00:00-04:00,190.98960829317213,196.8319143991104,190.5749371402446,195.62474060058594,1764200
2022-05-27 00:00:00-04:00,196.17763165857937,202.8216358176479,196.17763165857937,202.42538452148438,2146600
2022-05-31 00:00:00-04:00,200.68379371378398,208.17557547491745,198.27868384595146,206.94998168945312,3063800
2022-06-01 00:00:00-04:00,207.33697284798004,208.56256641923846,199.28307826296958,201.50389099121094,1987300
2022-06-02 00:00:00-04:00,201.43017717944255,206.79330049772508,201.1168713386949,204.1301727294922,1642100
2022-06-03 00:00:00-04:00,202.62809372292617,203.8997648289737,200.64687963420093,201.53150939941406,1379600
2022-06-06 00:00:00-04:00,203.65099750778825,207.47520744747274,202.6834220830068,205.35577392578125,1562900
2022-06-07 00:00:00-04:00,201.74347160886896,204.5448323090514,199.58717050554225,203.99192810058594,1115100
2022-06-08 00:00:00-04:00,200.77594320240757,203.2179067241793,198.79471451519504,200.12167358398438,1556300
2022-06-09 00:00:00-04:00,200.14929306149818,203.98272678066553,198.4905944271528,199.96499633789062,1846500
2022-06-10 00:00:00-04:00,197.32951957865438,198.2325833997789,190.40907682019647,190.5380859375,2263300
2022-06-13 00:00:00-04:00,185.68177365015555,188.95309307007543,182.84355924402175,185.2025909423828,1983000
2022-06-14 00:00:00-04:00,203.09808594202954,214.05469295093752,202.34246514534914,211.8983917236328,13008700
2022-06-15 00:00:00-04:00,212.635586448664,220.43146289053954,211.34549534052312,214.5062255859375,5035800
2022-06-16 00:00:00-04:00,208.59017958011574,209.56696470339446,205.87176470321415,207.6226043701172,3063700
2022-06-17 00:00:00-04:00,206.5076497801135,213.26221586102275,205.36498751713498,211.85232543945312,5287600
2022-06-21 00:00:00-04:00,215.76870296989233,217.9342284114649,210.8939858235279,212.42367553710938,2342200
2022-06-22 00:00:00-04:00,209.31820205092427,213.55709719899087,209.30899213563703,211.04141235351562,2033600
2022-06-23 00:00:00-04:00,211.4837150070552,212.1748382587122,206.7472175514698,210.2212677001953,4305100
2022-06-24 00:00:00-04:00,219.51997478188474,230.39315980312477,218.8901742504631,225.28073120117188,8395200
2022-06-27 00:00:00-04:00,228.70758536339332,229.62448126441677,222.46521731270326,222.7152862548828,2536800
2022-06-28 00:00:00-04:00,225.98459516256528,229.8281799602052,221.92798192382577,222.36328125,2587800
2022-06-29 00:00:00-04:00,223.20613677294457,224.1323033155709,209.96195238695213,216.5469970703125,3736800
2022-06-30 00:00:00-04:00,212.68488309511523,213.8611185546892,206.51661056396392,209.97122192382812,3676800
2022-07-01 00:00:00-04:00,206.15541903093776,208.00775222131165,201.63573565630838,207.10011291503906,2591700
2022-07-05 00:00:00-04:00,204.31233421079747,213.91667623041172,202.57113667993758,212.65708923339844,2862700
2022-07-06 00:00:00-04:00,211.11040449896157,213.1757519370127,208.39672917375702,210.90664672851562,1674200
2022-07-07 00:00:00-04:00,213.1942592395958,214.7409555286773,209.0728213277106,214.26861572265625,1626000
2022-07-08 00:00:00-04:00,215.06511433418032,215.73194116653494,211.16594742023594,213.47210693359375,1092600
2022-07-11 00:00:00-04:00,211.7679782683297,214.17601697694255,207.31311937635815,207.6372833251953,1717700
2022-07-12 00:00:00-04:00,206.84078077209105,210.72142094274332,205.42374705742913,206.51661682128906,2058700
2022-07-13 00:00:00-04:00,204.36789625134685,204.60869444547873,199.01465519607584,200.17236328125,1992500
2022-07-14 00:00:00-04:00,196.1713269461141,198.62567668598194,194.8746994801994,198.4682159423828,1533600
2022-07-15 00:00:00-04:00,201.22819047484762,202.57112901376775,199.13504523321592,201.74684143066406,1260600
2022-07-18 00:00:00-04:00,202.93236072577682,205.37743994152967,201.07077098006994,201.8857879638672,1513700
2022-07-19 00:00:00-04:00,203.36765492881892,209.43404872290168,202.67303000885937,208.7857208251953,1378600
2022-07-20 00:00:00-04:00,209.23952423744413,211.6753465412772,207.68357137336884,210.85105895996094,1351500
2022-07-21 00:00:00-04:00,209.73039132900445,211.5271565164571,209.04503719552403,210.85105895996094,1006500
2022-07-22 00:00:00-04:00,211.906919568966,213.30542603855412,208.7486880911761,210.51766967773438,1445800
2022-07-25 00:00:00-04:00,212.53665520342327,213.55544386604004,210.07306339303807,211.32337951660156,974800
2022-07-26 00:00:00-04:00,206.53511733667727,209.91561920972015,204.78466332005266,208.2670440673828,1559900
2022-07-27 00:00:00-04:00,208.95239740305848,211.9439108512436,205.30329960740002,210.82325744628906,1221800
2022-07-28 00:00:00-04:00,211.1752131899233,213.3146696213722,210.5176429057196,212.84231567382812,1396200
2022-07-29 00:00:00-04:00,212.20324514354675,216.70441449975564,209.19320428542002,215.880126953125,2013700
2022-08-01 00:00:00-04:00,214.9261867384391,222.0391525096353,214.8706190119122,220.14976501464844,1905900
2022-08-02 00:00:00-04:00,218.46418568945822,219.16806722934058,214.43535526094928,216.04689025878906,1428500
2022-08-03 00:00:00-04:00,217.5102181726824,218.65865564085954,214.62056895001825,215.9727783203125,1039700
2022-08-04 00:00:00-04:00,216.5284362033424,218.86237948582453,216.12093485881303,218.6678924560547,1082900
2022-08-05 00:00:00-04:00,217.3342268802021,221.2333797983924,216.2598703850673,217.5472412109375,1507300
2022-08-08 00:00:00-04:00,218.57531070410496,218.72350074715305,211.66610186792602,212.1106719970703,1860200
2022-08-09 00:00:00-04:00,211.09185308566668,211.09185308566668,206.40545316537202,208.3596649169922,1934200
2022-08-10 00:00:00-04:00,212.851575929852,217.2323391909367,212.10136924980398,215.28738403320312,2185900
2022-08-11 00:00:00-04:00,216.25061485870722,216.72295467233175,211.629039071059,212.3144073486328,2041600
2022-08-12 00:00:00-04:00,213.08315375466825,213.7036836729706,211.03631937635578,213.64810180664062,1680700
2022-08-15 00:00:00-04:00,212.1291456553045,216.8896403774327,212.04579407117748,215.99127197265625,1575900
2022-08-16 00:00:00-04:00,215.92645079842788,223.1134975362807,215.48189484870989,220.63137817382812,2189400
2022-08-17 00:00:00-04:00,218.0381086970527,219.3254795252162,215.64859750831164,216.18577575683594,1190600
2022-08-18 00:00:00-04:00,216.0190601327881,218.01956885253534,214.87060868842107,217.52870178222656,993900
2022-08-19 00:00:00-04:00,216.88040821989546,217.2230853035631,213.24058064809137,214.6205596923828,1259200
2022-08-22 00:00:00-04:00,210.5917724260024,211.07336889745838,206.44253575681927,207.06307983398438,1867300
2022-08-23 00:00:00-04:00,206.85002735684427,209.62852691915154,206.4888229790315,208.62826538085938,1021200
2022-08-24 00:00:00-04:00,208.27631676872085,210.61951676756428,206.442497014008,209.3691864013672,1104200
2022-08-25 00:00:00-04:00,210.07308732038288,212.06433959518267,208.3967141241967,211.19374084472656,1163900
2022-08-26 00:00:00-04:00,211.51792911858965,212.46260885973552,201.92284273660403,202.05250549316406,1547900
2022-08-29 00:00:00-04:00,200.23720597749048,202.31182414426493,198.88501072382525,200.7280731201172,1213000
2022-08-30 00:00:00-04:00,202.2191872677365,202.82120396326013,196.91225725717905,197.718017578125,1420400
2022-08-31 00:00:00-04:00,198.59789678442166,199.11656195022573,194.88397381479857,195.24517822265625,1718200
2022-09-01 00:00:00-04:00,195.04960696995332,197.51741910523157,192.74011926887118,197.29391479492188,1582400
2022-09-02 00:00:00-04:00,199.47302428042664,199.66859232398923,192.98223416585972,194.3697967529297,1422700
2022-09-06 00:00:00-04:00,190.8962278383583,192.67489787903506,188.41910870315328,190.13259887695312,2359200
2022-09-07 00:00:00-04:00,187.5530591819456,188.4563695189191,183.35314213981496,187.7579345703125,3098800
2022-09-08 00:00:00-04:00,186.8825797949946,189.05238629791816,183.9770946558268,188.92201232910156,2474700
2022-09-09 00:00:00-04:00,190.71932760460237,195.16137835635416,190.4771943676312,194.6957550048828,1739400
2022-09-12 00:00:00-04:00,195.80390703858055,200.99095747522497,195.80390703858055,199.1377716064453,2278900
2022-09-13 00:00:00-04:00,194.5280806236199,195.81320533944697,190.06741614531066,191.22215270996094,1589800
2022-09-14 00:00:00-04:00,190.6354933512165,191.3339282851436,187.0967535107136,190.91485595703125,1510700
2022-09-15 00:00:00-04:00,190.5330737529606,191.98581627993588,189.2479488053918,190.7845001220703,3080200
2022-09-16 00:00:00-04:00,148.35687258969375,150.71292501769142,144.34320258491573,149.94931030273438,34201900
2022-09-19 00:00:00-04:00,148.99944866030825,153.9816234087652,148.53382538324476,151.70005798339844,9425000
2022-09-20 00:00:00-04:00,150.08898914208353,150.10761804985975,146.25225830238472,146.57818603515625,5372100
2022-09-21 00:00:00-04:00,146.3640162063152,148.19857301711005,142.71353149414062,142.71353149414062,5491600
2022-09-22 00:00:00-04:00,142.12689417151913,149.61412703851542,140.00365242349324,143.91488647460938,10265500
2022-09-23 00:00:00-04:00,139.47281537658984,142.42486556520518,136.56731615292694,139.0630645751953,7195500
2022-09-26 00:00:00-04:00,138.2621688384558,140.46921849390634,132.609495769071,133.0751190185547,5698200
2022-09-27 00:00:00-04:00,133.63390227195427,135.58020447659828,132.16253077174053,134.9842071533203,4466400
2022-09-28 00:00:00-04:00,135.70124664416156,140.72066491522486,134.7886290157031,139.67767333984375,4959200
2022-09-29 00:00:00-04:00,137.7313644273685,142.11754210102706,137.06086574846918,141.83816528320312,5199200
2022-09-30 00:00:00-04:00,140.57166398060093,142.8252789280414,138.14110991498342,138.26217651367188,3642600
2022-10-03 00:00:00-04:00,139.79870411572145,142.16407791383372,137.8058374010127,141.0465850830078,2701200
2022-10-04 00:00:00-04:00,144.52016965035142,148.63627813144637,143.83104201498946,148.17996215820312,10089400
2022-10-05 00:00:00-04:00,144.56671830199454,148.01232766560875,143.91483435480993,146.0846405029297,7169300
2022-10-06 00:00:00-04:00,145.64694187009522,147.13694190235083,144.17558495560192,144.5201416015625,4254600
2022-10-07 00:00:00-04:00,142.024400565511,143.97071657682065,138.7184868125034,143.7937774658203,7783500
2022-10-10 00:00:00-04:00,145.1720341548421,145.69352998537065,141.68916670138978,142.67630004882812,5310500
2022-10-11 00:00:00-04:00,141.11178921440833,143.96140139657302,140.6927311069773,141.6239776611328,6045600
2022-10-12 00:00:00-04:00,141.61468105513714,144.3804704578954,141.22354496818565,142.3782958984375,2468100
2022-10-13 00:00:00-04:00,140.09673807433248,147.1742035719529,138.6905466412604,145.5072784423828,2993400
2022-10-14 00:00:00-04:00,146.09398610803933,147.51879241509477,144.25942898149407,146.16848754882812,2269800
2022-10-17 00:00:00-04:00,147.3976960554731,148.87837459192232,144.71570156704124,146.18707275390625,3187000
2022-10-18 00:00:00-04:00,149.6420203240248,150.3218263719255,144.3990973524766,145.55384826660156,3136200
2022-10-19 00:00:00-04:00,145.01371686024078,145.92633451913855,141.13972772290643,142.4434814453125,3433700
2022-10-20 00:00:00-04:00,142.4341838378714,144.71573547364056,139.56594221787398,139.8173828125,3652100
2022-10-21 00:00:00-04:00,139.8639173395618,143.28159036835055,139.3517289107909,142.6949005126953,6074900
2022-10-24 00:00:00-04:00,141.72643906222115,145.73080275698453,141.01868246844612,144.11973571777344,2857600
2022-10-25 00:00:00-04:00,145.17203510387884,146.51303251097346,144.20354487080814,145.08822631835938,3077700
2022-10-26 00:00:00-04:00,145.62834488338504,148.2265165921003,144.88334477664856,147.09971618652344,3733800
2022-10-27 00:00:00-04:00,148.012316406801,149.27881217602692,145.86113933186945,146.12188720703125,1646700
2022-10-28 00:00:00-04:00,146.70859486392675,149.493027536466,145.06029848086956,149.34402465820312,2568600
2022-10-31 00:00:00-04:00,148.08685763504596,151.07615165369913,147.714350420619,149.26022338867188,1911000
2022-11-01 00:00:00-04:00,150.8153859538136,151.37413960482647,145.93566280170978,147.31390380859375,2199500
2022-11-02 00:00:00-04:00,146.00085573862384,149.1857177310866,143.70999682583158,143.93348693847656,2281900
2022-11-03 00:00:00-04:00,142.48071568567485,145.46070166853445,140.93484307248409,144.26870727539062,6053200
2022-11-04 00:00:00-04:00,146.41057964220124,147.97506698189093,143.50509503438084,145.8890838623047,1473800
2022-11-07 00:00:00-05:00,147.04380599292898,148.7014235058351,146.24293349267265,148.29168701171875,1711900
2022-11-08 00:00:00-05:00,148.99943982241882,152.063234551502,146.51301337554548,148.57106018066406,3602700
2022-11-09 00:00:00-05:00,147.13695072725938,150.051756893199,146.78307250119292,147.1741943359375,2257200
2022-11-10 00:00:00-05:00,151.51379786871644,156.02102737442917,151.51379786871644,154.5869140625,3783100
2022-11-11 00:00:00-05:00,155.41575246080023,164.7375262884588,154.81044782369497,163.53622436523438,4436500
2022-11-14 00:00:00-05:00,162.521154084219,166.59069701569248,162.521154084219,162.74464416503906,2999100
2022-11-15 00:00:00-05:00,164.46746727170236,167.16807680462722,161.71097100504397,164.1415252685547,5216900
2022-11-16 00:00:00-05:00,162.0369298963337,163.54554504136883,157.90219217025498,159.0290069580078,2388400
2022-11-17 00:00:00-05:00,157.38064257881908,159.8391325217218,155.70439620645527,159.74600219726562,1641100
2022-11-18 00:00:00-05:00,162.03691400774642,163.098534600099,160.27685844122254,162.70741271972656,1845900
2022-11-21 00:00:00-05:00,161.97171541982217,163.11715897659946,160.9845962906545,161.70166015625,1385200
2022-11-22 00:00:00-05:00,162.8843141133936,164.70024178355263,162.5490648350802,163.59205627441406,1457300
2022-11-23 00:00:00-05:00,163.72244597907277,164.72819391091733,163.21957911799748,164.23463439941406,1758000
2022-11-25 00:00:00-05:00,165.06345799744065,165.54771020272045,163.90870711091043,164.55126953125,445300
2022-11-28 00:00:00-05:00,163.66658377740862,164.12289970968928,160.07197146858957,161.3012237548828,2656900
2022-11-29 00:00:00-05:00,162.7260277117461,166.18094446435546,162.33490586482964,165.59426879882812,1662900
2022-11-30 00:00:00-05:00,164.84929252993402,170.47401626777796,164.59785194570074,169.6917724609375,5014500
2022-12-01 00:00:00-05:00,169.48686141713014,170.9302963205884,167.50330184355295,168.04342651367188,1562500
2022-12-02 00:00:00-05:00,165.9108727112853,169.91523533091885,164.90512482939872,168.9374237060547,2060300
2022-12-05 00:00:00-05:00,167.20531960091,167.54987627464217,164.18807568676183,164.45814514160156,1560700
2022-12-06 00:00:00-05:00,164.30916253933034,164.4302291519203,159.32698723732713,161.15223693847656,2064100
2022-12-07 00:00:00-05:00,160.4258580546307,162.3069659825478,159.88573331374405,160.43516540527344,1500200
2022-12-08 00:00:00-05:00,159.51322413387518,162.65153484382225,158.78685292141157,160.09060668945312,2229500
2022-12-09 00:00:00-05:00,159.51870305119996,163.90629530962912,159.51870305119996,161.5625,1475000
2022-12-12 00:00:00-05:00,161.32810309206272,167.0938332105554,161.32810309206272,166.28756713867188,2461600
2022-12-13 00:00:00-05:00,172.21269708082605,172.8689568707054,164.61879496901932,165.8282012939453,2754300
2022-12-14 00:00:00-05:00,165.3500857376437,169.62516657991472,164.82507781741995,166.94387817382812,1611700
2022-12-15 00:00:00-05:00,164.1781789505186,165.28445784068919,161.03750163368755,162.3500213623047,1802600
2022-12-16 00:00:00-05:00,161.6375209690834,162.83754315535094,158.99371270204864,160.99063110351562,3383700
2022-12-19 00:00:00-05:00,159.6499612370795,160.9812496135668,156.59365718417524,158.23431396484375,2783800
2022-12-20 00:00:00-05:00,157.42803253360026,157.98116476138114,152.44981387279137,154.0811004638672,5451400
2022-12-21 00:00:00-05:00,163.63442512837295,163.85943465290737,157.6530685647767,159.3687286376953,7904800
2022-12-22 00:00:00-05:00,157.54991732188333,164.78755809521917,157.15616144213902,164.71255493164062,5122100
2022-12-23 00:00:00-05:00,164.7313506828198,167.87202847885186,164.54383557407039,164.93759155273438,3035900
2022-12-27 00:00:00-05:00,164.74069372366137,166.86886397180058,164.15943703688006,165.9875946044922,1936600
2022-12-28 00:00:00-05:00,166.07194848168217,166.51258311406266,162.20937865440504,162.2375030517578,1705200
2022-12-29 00:00:00-05:00,162.97816686626206,165.8188459795829,162.76254167728928,164.58132934570312,1362900
2022-12-30 00:00:00-05:00,163.06251224235913,164.215669776783,160.8312289470885,162.3781280517578,1558300
2023-01-03 00:00:00-05:00,164.03755303459906,166.4938460276129,163.62504275675727,166.19384765625,2193900
2023-01-04 00:00:00-05:00,167.81575421853597,171.61270570858127,167.7876298175676,170.1126708984375,2286000
2023-01-05 00:00:00-05:00,168.42513365065378,170.5158094712784,167.19698713585169,169.9532928466797,2441600
2023-01-06 00:00:00-05:00,170.97520991885418,174.80967068562398,169.57831678994,174.16278076171875,2039400
2023-01-09 00:00:00-05:00,174.1721412436936,180.134757951061,174.08776803356605,177.8847198486328,2894300
2023-01-10 00:00:00-05:00,176.85343178936762,178.05345393492152,174.84714342363915,176.9471893310547,1694400
2023-01-11 00:00:00-05:00,178.11908706225023,181.79415667091632,178.11908706225023,180.1909942626953,1913000
2023-01-12 00:00:00-05:00,180.1253696169602,181.07225781365744,178.55033166097576,179.90036010742188,1560600
2023-01-13 00:00:00-05:00,178.55033078892288,179.0659686382265,176.45029926505626,176.84405517578125,1343800
2023-01-17 00:00:00-05:00,176.21589830695177,176.7221517576684,174.42523540491996,176.37527465820312,1853500
2023-01-18 00:00:00-05:00,176.45966860901282,179.7316121260317,175.8034087603621,175.94403076171875,1337800
2023-01-19 00:00:00-05:00,174.32211054286284,175.18462544229476,172.16581614158795,172.7189483642578,1321200
2023-01-20 00:00:00-05:00,173.60960732970287,175.2971428916848,172.70959790024045,175.20339965820312,1595900
2023-01-23 00:00:00-05:00,175.50339491173708,180.27535886446674,174.6690043300115,179.2065887451172,1642200
2023-01-24 00:00:00-05:00,177.1721895609169,180.14412060755464,176.9846887776242,177.42532348632812,1238900
2023-01-25 00:00:00-05:00,175.0440102824074,176.5534149916309,174.23774414632422,176.0752716064453,1020400
2023-01-26 00:00:00-05:00,177.09714658847054,178.41905041751832,175.12836734824046,178.25967407226562,1045800
2023-01-27 00:00:00-05:00,177.93154945834223,181.10036513488262,177.76280307114664,178.6534423828125,1435900
2023-01-30 00:00:00-05:00,176.30030232144227,176.769061426628,172.11896480881254,172.57835388183594,2091600
2023-01-31 00:00:00-05:00,172.9720837204243,181.83162661088014,172.8689561606247,181.74725341796875,2423200
2023-02-01 00:00:00-05:00,181.0347481977221,191.3099384131777,180.52848042007045,189.48178100585938,5262100
2023-02-02 00:00:00-05:00,196.2038100443798,203.8070833074463,196.2038100443798,201.09765625,3836500
2023-02-03 00:00:00-05:00,198.97887189679128,202.44768644507639,198.21010009083025,201.2570343017578,2255100
2023-02-06 00:00:00-05:00,199.69138343216756,201.06953637775058,196.11944125682123,197.4319610595703,1890000
2023-02-07 00:00:00-05:00,196.60694807356302,197.47883313322825,193.072500453025,196.79444885253906,1822300
2023-02-08 00:00:00-05:00,196.16631642939026,197.77884890339848,195.23816824672735,196.3913116455078,1425900
2023-02-09 00:00:00-05:00,196.9725590642862,197.8163196344093,194.8818833957567,195.58502197265625,1245400
2023-02-10 00:00:00-05:00,193.49437730907695,197.1882012407145,193.2318733621436,196.28817749023438,1286700
2023-02-13 00:00:00-05:00,194.63815282343853,198.66948391861104,194.30064570139172,198.4351043701172,1159500
2023-02-14 00:00:00-05:00,197.19755436976484,199.71011032483798,195.56628202584582,199.38197326660156,1101900
2023-02-15 00:00:00-05:00,198.1819673038208,199.81325408536378,196.87881760711323,199.72886657714844,953100
2023-02-16 00:00:00-05:00,196.42881488324525,199.46636465889318,195.9413014196578,198.44447326660156,1278500
2023-02-17 00:00:00-05:00,197.23506786396914,198.61322065318976,196.16629777287878,197.16006469726562,993300
2023-02-21 00:00:00-05:00,193.7662713465901,194.99443231057222,190.40996849115623,192.80062866210938,1715900
2023-02-22 00:00:00-05:00,192.80060840967988,194.23501008373484,187.11925051551842,190.1568145751953,2388900
2023-02-23 00:00:00-05:00,192.02249251880485,192.725631197836,189.90369214387275,192.3599853515625,1345000
2023-02-24 00:00:00-05:00,190.54121039912104,191.38497108477858,188.10365727661028,190.57870483398438,1387600
2023-02-27 00:00:00-05:00,193.1662337174243,195.09753312681056,191.01932344400876,191.30995178222656,1324200
2023-02-28 00:00:00-05:00,191.29121846784378,193.82252920081743,190.39120895400748,190.5224609375,1464100
2023-03-01 00:00:00-05:00,190.5505585442609,193.66312557993578,189.92242311835113,191.56307983398438,1179800
2023-03-02 00:00:00-05:00,190.61619879241502,194.6475154283743,189.92243020540377,194.00062561035156,1092500
2023-03-03 00:00:00-05:00,195.43505492537676,196.97258423781443,194.1881539730046,196.0163116455078,1612300
2023-03-06 00:00:00-05:00,196.50381840787222,198.65072876927388,196.2694388602986,197.00070190429688,2148000
2023-03-07 00:00:00-05:00,196.61631278640183,196.61631278640183,193.2787503725876,193.4287567138672,1526900
2023-03-08 00:00:00-05:00,193.0349898973311,196.85069580311958,192.55686076963298,196.4475555419922,1073900
2023-03-09 00:00:00-05:00,197.89134022953516,199.98200177681926,194.3475226342531,194.8444061279297,1954600
2023-03-10 00:00:00-05:00,195.32520080919642,195.32520080919642,187.13283413175452,189.66879272460938,2537900
2023-03-13 00:00:00-04:00,185.69044842990095,187.95300587573178,182.937664929644,186.08639526367188,2267900
2023-03-14 00:00:00-04:00,188.5469405738443,190.37584819900897,184.34233746965197,186.55776977539062,2582700
2023-03-15 00:00:00-04:00,182.89051572909236,184.13493232853847,179.90204871889293,184.11607360839844,2674300
2023-03-16 00:00:00-04:00,185.04939018457122,193.3548950759921,184.15379508567506,192.36502075195312,5068500
2023-03-17 00:00:00-04:00,213.1051804970341,213.1051804970341,206.00638940063635,207.69387817382812,12660500
2023-03-20 00:00:00-04:00,207.39223488814437,208.60835645694945,203.1404917120691,203.8569793701172,3336400
2023-03-21 00:00:00-04:00,205.7235752835044,209.36253194062084,205.5821708270712,207.2413787841797,2006800
2023-03-22 00:00:00-04:00,207.79759425458008,210.79549827419496,204.62058271380099,204.6300048828125,2191000
2023-03-23 00:00:00-04:00,205.41243954429882,209.89042885343906,203.6778113485238,204.49798583984375,2583700
2023-03-24 00:00:00-04:00,204.4602984947585,205.71413732385182,202.37684855829772,205.13906860351562,1772600
2023-03-27 00:00:00-04:00,204.87511210033563,208.6837539625008,204.71483454239464,207.23194885253906,1869900
2023-03-28 00:00:00-04:00,207.28850764429467,210.13555604271474,207.02454308265294,207.81643676757812,1357900
2023-03-29 00:00:00-04:00,209.07027417284462,211.02172748175698,209.07027417284462,210.8426055908203,1674900
2023-03-30 00:00:00-04:00,211.87020809873715,212.7280857692295,210.1450018190816,211.54966735839844,1647100
2023-03-31 00:00:00-04:00,212.10587007156843,215.75424849488786,211.9456069102974,215.4054412841797,1654500
2023-04-03 00:00:00-04:00,214.30245100490973,215.76367822802493,213.50112078546837,215.7353973388672,1980900
2023-04-04 00:00:00-04:00,215.46198941377267,216.3010226078666,210.6351786209623,213.51995849609375,1753500
2023-04-05 00:00:00-04:00,218.8087322114749,222.17428765007884,214.75497007653996,216.7629852294922,6601300
2023-04-06 00:00:00-04:00,217.7811241295464,222.30625328107382,217.74342107332052,218.8087158203125,3675700
2023-04-10 00:00:00-04:00,216.22564082718807,220.01543851478743,215.51858977125485,218.33737182617188,1880900
2023-04-11 00:00:00-04:00,218.3939224179659,219.75146267739223,217.8094171265525,218.2713623046875,1971600
2023-04-12 00:00:00-04:00,218.48818655483322,219.02555223287675,216.16906727325008,216.32933044433594,2507500
2023-04-13 00:00:00-04:00,216.8289593277707,218.41274656067472,214.68894774486938,217.8376922607422,1797900
2023-04-14 00:00:00-04:00,217.8754085021119,219.28951049635734,216.2539037312446,217.47946166992188,1525700
2023-04-17 00:00:00-04:00,217.53605297357078,218.2996658525078,215.65058339200138,216.1785125732422,1535400
2023-04-18 00:00:00-04:00,217.08352500342235,218.5070492323614,215.27347609222505,216.084228515625,1282700
2023-04-19 00:00:00-04:00,214.35903464450664,216.4141895195072,214.17047618423908,216.34820556640625,1340900
2023-04-20 00:00:00-04:00,215.65054889198495,218.19592954289254,215.06605801840317,216.24447631835938,1314900
2023-04-21 00:00:00-04:00,216.62155087939325,219.18579009060716,215.63167669230904,217.24375915527344,2180100
2023-04-24 00:00:00-04:00,217.7716589555538,219.31774288529334,216.75350401865416,218.865234375,1374300
2023-04-25 00:00:00-04:00,215.03776139302016,216.78181171832813,211.50250675187004,212.55836486816406,2201400
2023-04-26 00:00:00-04:00,211.58739636254128,213.42572630687096,209.0042978862837,210.01303100585938,1813500
2023-04-27 00:00:00-04:00,211.3045396308406,213.37855294217925,210.23924489454407,213.00146484375,1535200
2023-04-28 00:00:00-04:00,210.81430463346908,215.51855542109337,210.81430463346908,214.736083984375,1608300
2023-05-01 00:00:00-04:00,215.36771836204136,217.95081636705424,215.24517264476998,217.37574768066406,1122100
2023-05-02 00:00:00-04:00,216.04649686263053,216.8101096234617,213.55767797529714,215.32058715820312,1102100
2023-05-03 00:00:00-04:00,215.00009725712374,218.42222920136356,214.01022283519578,215.4337615966797,1356500
2023-05-04 00:00:00-04:00,215.05661540744848,215.72596331236318,212.12471018434988,213.40682983398438,955100
2023-05-05 00:00:00-04:00,214.13275699917833,217.74343258956057,213.59540570585224,216.1690673828125,1157900
2023-05-08 00:00:00-04:00,215.93337879866402,218.38448030692524,215.93337879866402,217.5171661376953,1058100
2023-05-09 00:00:00-04:00,216.63097574581644,217.84711142609774,215.28287218293357,215.53741455078125,969500
2023-05-10 00:00:00-04:00,216.5178864696821,217.01753473214458,211.09716170316355,213.36915588378906,1480800
2023-05-11 00:00:00-04:00,213.53884284388894,213.53884284388894,210.5880928609465,211.9644775390625,1286100
2023-05-12 00:00:00-04:00,212.34156279484927,213.039177246048,207.646733768997,210.16383361816406,1641800
2023-05-15 00:00:00-04:00,209.07971003260622,210.66351188013886,208.5234999869509,209.6830596923828,1863900
2023-05-16 00:00:00-04:00,208.6837348748355,210.56920410414014,206.7699847578904,208.59889221191406,1529700
2023-05-17 00:00:00-04:00,208.79686716725823,213.08631272051352,208.46691866930888,212.95433044433594,2702400
2023-05-18 00:00:00-04:00,215.98052002215266,220.74131862788514,215.31117207280795,217.23434448242188,2560600
2023-05-19 00:00:00-04:00,218.01682469276759,218.25250837117215,214.85867203314044,215.961669921875,1584100
2023-05-22 00:00:00-04:00,215.90510493945447,217.24378648674514,214.38730149763376,215.58456420898438,1024400
2023-05-23 00:00:00-04:00,214.24586782322402,216.3858794709898,212.8694833126704,213.661376953125,898000
2023-05-24 00:00:00-04:00,212.11529917635303,212.98261334011985,209.78674340792904,210.7483367919922,1031900
2023-05-25 00:00:00-04:00,211.7382262204468,213.3880119987918,211.05001951000122,212.19073486328125,1015400
2023-05-26 00:00:00-04:00,212.85061154797197,213.8593444496999,211.07826594081754,211.31394958496094,1217900
2023-05-30 00:00:00-04:00,212.65265119815646,214.35899852714297,210.79546288036744,213.19000244140625,2073700
2023-05-31 00:00:00-04:00,210.89917920683078,211.08772326370033,205.34647257983397,205.49729919433594,3001600
2023-06-01 00:00:00-04:00,205.0542045275503,205.47844661973414,201.56608926785208,204.8468017578125,2170600
2023-06-02 00:00:00-04:00,206.0158225867259,209.90932168512256,205.81785634595457,209.04200744628906,1541600
2023-06-05 00:00:00-04:00,209.2493803470345,210.42779860943335,207.73157704966525,208.41976928710938,1187900
2023-06-06 00:00:00-04:00,207.4016193919953,208.05210859077752,206.03465705027313,206.9302520751953,1474700
2023-06-07 00:00:00-04:00,207.82586256331317,211.94562300046658,207.42049354549854,211.73822021484375,2141500
2023-06-08 00:00:00-04:00,212.18130150603446,213.43512597266965,209.3908005215554,212.12472534179688,1631500
2023-06-09 00:00:00-04:00,212.77887812993035,212.80731827667168,209.70721208790985,212.1342010498047,1654200
2023-06-12 00:00:00-04:00,212.76938839920805,213.39510055939655,211.13876694434595,212.88316345214844,1437000
2023-06-13 00:00:00-04:00,212.55136747102745,217.09250431437937,210.47514971892264,216.97872924804688,2341800
2023-06-14 00:00:00-04:00,217.8224725440206,220.38220160432525,216.2202911569801,217.73715209960938,2091200
2023-06-15 00:00:00-04:00,217.83193260741405,224.5725216529547,217.83193260741405,224.15538024902344,2321600
2023-06-16 00:00:00-04:00,225.01813467629967,225.63435717630713,221.23543583352654,221.3302459716797,3293600
2023-06-20 00:00:00-04:00,222.40150784983388,222.54372304589893,218.01207654506183,219.6142578125,5215800
2023-06-21 00:00:00-04:00,212.1721377656541,220.28738779474185,211.64123572128324,214.10614013671875,7126000
2023-06-22 00:00:00-04:00,213.31925623354974,222.5911202240235,212.74094913751426,220.8277587890625,3592100
2023-06-23 00:00:00-04:00,218.66620642439025,221.6430621489886,218.19218472005298,220.26840209960938,3028000
2023-06-26 00:00:00-04:00,220.770879193382,224.73370843759616,220.505428177903,222.72384643554688,2205800
2023-06-27 00:00:00-04:00,223.82355737159483,234.06242873490703,223.74771216552656,233.93917846679688,4162000
2023-06-28 00:00:00-04:00,233.21870812032407,236.82127642351207,232.35598503714556,235.5319366455078,2980800
2023-06-29 00:00:00-04:00,235.77841830493256,237.0014025351448,235.25699148065587,236.99191284179688,2314400
2023-06-30 00:00:00-04:00,237.01085546842637,237.0867006780956,232.88686079687793,235.01995849609375,2604200
2023-07-03 00:00:00-04:00,234.27101470036996,235.46554422529516,233.3893267801197,234.6881561279297,1281600
2023-07-05 00:00:00-04:00,233.417794765483,237.361644702019,233.39882984514512,235.4181671142578,1613300
2023-07-06 00:00:00-04:00,233.8349324603877,236.37569666018965,233.8349324603877,234.80194091796875,1712900
2023-07-07 00:00:00-04:00,233.9391874592779,239.97823383890426,233.9391874592779,238.19590759277344,2423500
2023-07-10 00:00:00-04:00,237.44699337230307,239.40943599413978,236.36622430633588,238.6130828857422,1573000
2023-07-11 00:00:00-04:00,238.90695386259364,245.42949754954805,238.88798894276078,244.97442626953125,3039400
2023-07-12 00:00:00-04:00,246.42494822950712,248.9846773376698,245.93197600858363,248.0176544189453,2068300
2023-07-13 00:00:00-04:00,248.47269804177228,249.21217075675267,243.656650167898,245.0312957763672,1747600
2023-07-14 00:00:00-04:00,244.77534968329104,246.23534475100885,242.8508225662048,244.0738067626953,1044400
2023-07-17 00:00:00-04:00,243.06887198025504,243.55235446191904,240.69874890927457,241.49510192871094,1494400
2023-07-18 00:00:00-04:00,248.38734211897557,251.8003037512822,246.48176584677412,248.35890197753906,2766700
2023-07-19 00:00:00-04:00,247.9133575666612,248.18829826300768,244.50988511626548,246.73779296875,2655500
2023-07-20 00:00:00-04:00,245.78028205714918,250.77646098181012,245.54327117763407,249.84739685058594,2138600
2023-07-21 00:00:00-04:00,246.9084651757136,248.83299243038343,245.78978072722424,246.17848205566406,1786800
2023-07-24 00:00:00-04:00,241.75108188987986,247.26870176139712,241.22017986773974,245.3251953125,2010400
2023-07-25 00:00:00-04:00,244.83223103872473,248.1503832502854,241.40979346473236,246.16897583007812,2363700
2023-07-26 00:00:00-04:00,247.41088879846302,255.3270570242365,247.36349820096285,254.19888305664062,2751300
2023-07-27 00:00:00-04:00,254.78665129632722,256.2276667783762,251.20304857676905,251.58226013183594,1945100
2023-07-28 00:00:00-04:00,253.36462486082067,255.85798388987928,252.3597010674194,254.88150024414062,1058500
2023-07-31 00:00:00-04:00,254.88147812127335,256.8723750808281,254.1988857046257,255.92433166503906,1055600
2023-08-01 00:00:00-04:00,255.28914475682345,256.52158969653584,251.83828156643432,254.2273406982422,1251900
2023-08-02 00:00:00-04:00,253.12759784536365,254.38848288732692,251.30734171505188,251.65814208984375,1227400
2023-08-03 00:00:00-04:00,250.86173290359307,252.3596575743075,248.73812509213477,249.828369140625,1810800
2023-08-04 00:00:00-04:00,251.2315055354013,253.3835536767357,248.9277669754899,249.33541870117188,1593400
2023-08-07 00:00:00-04:00,250.0464632346049,252.90008331496944,248.61490834799162,250.624755859375,1494900
2023-08-08 00:00:00-04:00,249.80947747892458,255.88644015622833,249.61039643274583,254.32217407226562,2050800
2023-08-09 00:00:00-04:00,253.62055689552457,254.36002958133196,251.20305782745876,251.6865692138672,1266300
2023-08-10 00:00:00-04:00,252.78632191990303,254.17991803061025,251.22202706618853,252.68202209472656,1039000
2023-08-11 00:00:00-04:00,251.63915552864506,252.68200906668943,250.28346039518183,251.96148681640625,1204500
2023-08-14 00:00:00-04:00,252.2175215711524,253.5163366437856,251.0988081608898,253.0707550048828,2207800
2023-08-15 00:00:00-04:00,252.87165828723923,253.27931005680986,251.15570183207709,251.75294494628906,1391100
2023-08-16 00:00:00-04:00,250.55847020825266,254.47389520326993,250.55847020825266,251.29794311523438,1475100
2023-08-17 00:00:00-04:00,251.37373090096932,253.0138565888573,249.80946489580006,251.14620971679688,2194700
2023-08-18 00:00:00-04:00,249.08895203910504,251.02296897406848,247.79013701009282,249.00363159179688,1972800
2023-08-21 00:00:00-04:00,248.21675941623116,249.70519467471294,245.44845962932231,246.43443298339844,1628600
2023-08-22 00:00:00-04:00,246.43440556206855,247.76166054564277,243.6850854678101,245.5242919921875,1473200
2023-08-23 00:00:00-04:00,245.31571210222347,247.9322921341814,243.90310780473735,246.91790771484375,1653700
2023-08-24 00:00:00-04:00,245.23041538568768,247.90387596392236,244.36769236223245,245.33468627929688,1795700
2023-08-25 00:00:00-04:00,245.89402524444355,246.5292270866574,241.27705826742306,245.28729248046875,1415000
2023-08-28 00:00:00-04:00,246.28271232489828,249.29748338134937,243.88416368962294,244.92701721191406,1059800
2023-08-29 00:00:00-04:00,243.99797167929378,247.08860300990017,243.808380322394,247.0411834716797,1793700
2023-08-30 00:00:00-04:00,248.07455673869055,251.06088799370747,246.3775507634048,250.17921447753906,1524400
2023-08-31 00:00:00-04:00,249.97062067318075,250.88073425320906,247.06012043718596,247.45828247070312,1524300
2023-09-01 00:00:00-04:00,249.09842013912237,249.91372363071898,246.04571902809212,247.41090393066406,1436500
2023-09-05 00:00:00-04:00,246.66192798402568,246.80412870942416,243.07832504403905,243.28689575195312,1224900
2023-09-06 00:00:00-04:00,244.07379246685045,245.32518780532098,242.20613128769625,244.09274291992188,1099900
2023-09-07 00:00:00-04:00,244.01693401615046,244.06432461906536,241.3055145208042,242.850830078125,1209100
2023-09-08 00:00:00-04:00,242.46021199970278,243.14617861860177,239.88782991008014,241.3359832763672,1179700
2023-09-11 00:00:00-04:00,243.05090102919314,243.7273455869499,241.3359844734394,242.6602783203125,1263700
2023-09-12 00:00:00-04:00,241.68847134325677,242.6030982821276,238.8588774148016,239.58294677734375,1133800
2023-09-13 00:00:00-04:00,239.05893585990628,242.66025298219492,238.09668409125297,240.24032592773438,1524600
2023-09-14 00:00:00-04:00,241.99335696804187,245.97576035274318,241.73611586454368,244.880126953125,1568100
2023-09-15 00:00:00-04:00,246.3854302066971,246.3949668083346,240.6785882267786,242.069580078125,2075300
2023-09-18 00:00:00-04:00,241.7932652567643,242.6507307131316,237.28685782594496,237.51551818847656,1780500
2023-09-19 00:00:00-04:00,237.2297201212573,239.31620070856522,234.41917011969082,238.1729278564453,2217600
2023-09-20 00:00:00-04:00,239.754431156584,242.16483621467705,238.34439522423162,238.6778564453125,4014600
2023-09-21 00:00:00-04:00,249.61517841856596,255.69359848396508,246.9761276480882,249.47227478027344,7079500
2023-09-22 00:00:00-04:00,249.64376772697656,252.23519373209683,246.82369589272923,248.74819946289062,2826700
2023-09-25 00:00:00-04:00,247.98602435301373,255.74122907329044,247.919326295314,253.8357696533203,2355900
2023-09-26 00:00:00-04:00,252.6067943849653,253.75958930769985,247.73832996373682,249.0340576171875,2368300
2023-09-27 00:00:00-04:00,249.51990198871064,250.64411605388818,247.75734623313403,250.29161071777344,1885800
2023-09-28 00:00:00-04:00,249.67236062036383,255.49355462054749,248.66246939250962,253.84532165527344,2038500
2023-09-29 00:00:00-04:00,256.65584301299066,257.6752415963831,251.18715529296816,252.3971405029297,2374200
2023-10-02 00:00:00-04:00,253.42616014229793,254.11212685154817,251.1014967984505,252.57821655273438,1913000
2023-10-03 00:00:00-04:00,251.83506397772365,252.949770675398,247.04283408047064,247.89077758789062,2090300
2023-10-04 00:00:00-04:00,247.86221592139714,249.13887050688638,243.58445340844642,247.7574005126953,2152600
2023-10-05 00:00:00-04:00,246.47120678600209,247.78594946510515,245.3183828131934,246.90945434570312,1460100
2023-10-06 00:00:00-04:00,246.93804450202813,248.11942017544902,245.1659519168901,245.70901489257812,1580600
2023-10-09 00:00:00-04:00,242.94609820258722,244.72769827073856,240.92631568521765,243.63206481933594,1725900
2023-10-10 00:00:00-04:00,243.52726055372662,246.957079051991,243.28907810784008,244.6514892578125,1501000
2023-10-11 00:00:00-04:00,244.3751708818876,244.7753301535261,240.64047215910907,243.38433837890625,2149200
2023-10-12 00:00:00-04:00,243.0985184281024,243.89880790253216,238.25864971428632,240.12599182128906,2514800
2023-10-13 00:00:00-04:00,239.7829971837959,241.80279397657182,229.6459540419905,231.36087036132812,2919200
2023-10-16 00:00:00-04:00,232.713761768067,239.1923269273101,231.65623117194423,235.85777282714844,2025800
2023-10-17 00:00:00-04:00,233.76178567342382,237.65844708915884,233.20920064169928,236.30557250976562,1462500
2023-10-18 00:00:00-04:00,233.51407025818924,234.43821928944683,230.48438205842137,232.09449768066406,1842400
2023-10-19 00:00:00-04:00,232.60897528621436,235.58150215322698,230.88453667101805,231.7896270751953,1388400
2023-10-20 00:00:00-04:00,232.8281076170585,234.1905042205288,227.3403747960802,229.24583435058594,1680200
2023-10-23 00:00:00-04:00,228.36931825111847,230.42721800087256,225.74931143765914,226.72109985351562,1342900
2023-10-24 00:00:00-04:00,227.99775716054967,231.58003037190753,227.77863338565356,230.25572204589844,1469500
2023-10-25 00:00:00-04:00,229.33156593474195,229.9698930710138,223.25314597031596,224.091552734375,1612400
2023-10-26 00:00:00-04:00,223.3389381361498,224.57748989547582,214.068880415683,217.1557159423828,2987800
2023-10-27 00:00:00-04:00,217.66064713762853,222.1670548271976,216.35539748229698,218.02267456054688,2004500
2023-10-30 00:00:00-04:00,218.68006479926996,226.39718181670378,218.24181724235552,225.62547302246094,2081700
2023-10-31 00:00:00-04:00,226.92115812870196,229.30298243287007,225.51112221113496,228.7504119873047,1550400
2023-11-01 00:00:00-04:00,229.18868080277713,233.72368400307525,228.3598105199509,231.7324676513672,2079300
2023-11-02 00:00:00-04:00,233.6283986673844,237.44883986562868,233.6283986673844,235.56243896484375,1490200
2023-11-03 00:00:00-04:00,237.4297992606311,238.18244940424722,235.22898121663334,235.4576416015625,1409500
2023-11-06 00:00:00-05:00,235.66725576028637,235.99118041957453,230.4748809966827,233.73321533203125,1018000
2023-11-07 00:00:00-05:00,231.48476261757403,234.02854946048654,230.8654940573624,232.6566162109375,948600
2023-11-08 00:00:00-05:00,233.4092738389383,233.95232225357907,231.3894768215391,233.77130126953125,1104800
2023-11-09 00:00:00-05:00,234.89552678204225,235.32425226936448,229.3696912301599,229.7888946533203,944100
2023-11-10 00:00:00-05:00,230.72257828770287,235.12418539499808,229.3697036906014,234.40011596679688,1239500
2023-11-13 00:00:00-05:00,233.3139793806673,234.4096127381787,230.84641290722737,233.79034423828125,946200
2023-11-14 00:00:00-05:00,237.182053235096,243.80352166798954,236.52466742350273,242.16482543945312,1899100
2023-11-15 00:00:00-05:00,241.92667738428332,249.53900845389254,241.92667738428332,245.25172424316406,2121900
2023-11-16 00:00:00-05:00,244.7372293647509,245.5565630156191,239.64011925119325,242.88893127441406,1496100
2023-11-17 00:00:00-05:00,244.70864654333562,245.40412066545375,241.64085552966287,243.85118103027344,1231400
2023-11-20 00:00:00-05:00,243.28907165178708,244.47046178553526,240.44994104266112,243.46055603027344,1201600
2023-11-21 00:00:00-05:00,243.00327037472815,244.45140926279925,241.29789035966263,243.7654571533203,851700
2023-11-22 00:00:00-05:00,245.38507520371545,245.38507520371545,243.06041225816037,244.33706665039062,954700
2023-11-24 00:00:00-05:00,245.07066536827037,246.95705152139513,244.33704490871975,245.43267822265625,452200
2023-11-27 00:00:00-05:00,243.73687286790465,244.69912475762837,239.7639912422585,241.61228942871094,1787400
2023-11-28 00:00:00-05:00,242.05052770270106,244.18463312460764,240.24034691983346,241.43125915527344,1141900
2023-11-29 00:00:00-05:00,243.50821654342877,245.0992881707141,241.45031659811096,241.9266815185547,1012100
2023-11-30 00:00:00-05:00,241.83141242531138,246.93804485194073,240.24987743203548,246.5950469970703,1806600
2023-12-01 00:00:00-05:00,246.89990262188232,252.75918462045217,246.30921484389694,251.92080688476562,1994900
2023-12-04 00:00:00-05:00,250.2154352399665,255.14103208723137,249.51042448291273,253.0450439453125,1420300
2023-12-05 00:00:00-05:00,251.73031656370026,254.6456679774849,250.10115643835277,253.50238037109375,1176200
2023-12-06 00:00:00-05:00,254.78848963064343,256.3223995241273,253.7976717041096,254.57888793945312,1649300
2023-12-07 00:00:00-05:00,255.3315550132844,256.26524056951297,252.9687749327277,254.9790496826172,1401400
2023-12-08 00:00:00-05:00,255.98422417853286,262.0531007111722,255.94592653505785,260.5693664550781,2046400
2023-12-11 00:00:00-05:00,260.3300256149559,262.18706672810725,259.4972345491431,259.77484130859375,1295500
2023-12-12 00:00:00-05:00,261.78507693285025,264.4366118089531,260.5023833892188,261.3351745605469,1539900
2023-12-13 00:00:00-05:00,260.4066541801577,263.1156209185438,257.0754602785436,262.1200866699219,1500000
2023-12-14 00:00:00-05:00,265.6331324745327,270.17042420013894,264.16856177749906,267.5093078613281,2889700
2023-12-15 00:00:00-05:00,265.96812151637323,272.35287151166256,265.0491828143032,269.2610168457031,2767800
2023-12-18 00:00:00-05:00,271.1372474752258,273.31974559796345,268.63887415069513,269.8641357421875,2469100
2023-12-19 00:00:00-05:00,269.0504340107819,271.4530774392786,266.5903295244489,268.02618408203125,6880300
2023-12-20 00:00:00-05:00,235.95879154108502,241.8745059569475,235.41315973827682,235.719482421875,18816500
2023-12-21 00:00:00-05:00,237.4999249842795,238.1125556991139,234.16874638525908,236.78199768066406,5851700
2023-12-22 00:00:00-05:00,236.64799591642176,238.75391318142078,235.33658665626132,237.42335510253906,3347400
2023-12-26 00:00:00-05:00,239.30909883164512,242.45840014551155,238.5433067941302,241.21400451660156,3594500
2023-12-27 00:00:00-05:00,241.95108612883953,243.76026248208524,239.99833014687172,240.20892333984375,3134400
2023-12-28 00:00:00-05:00,240.05574285330925,243.1188964073319,239.88344731258374,242.7360076904297,2246900
2023-12-29 00:00:00-05:00,243.20506551941997,244.69835200547016,241.09913369933003,242.152099609375,1949000
2024-01-02 00:00:00-05:00,240.7545454655705,242.123401247921,239.52928392115209,241.45333862304688,2488000
2024-01-03 00:00:00-05:00,239.56755468255508,239.56755468255508,235.2887068638366,237.05001831054688,2949900
2024-01-04 00:00:00-05:00,236.67671171500422,237.14576283267604,234.5995103760616,234.80052185058594,2911800
2024-01-05 00:00:00-05:00,234.56119594184437,238.18912999866836,234.05386182934942,236.25550842285156,2268200
2024-01-08 00:00:00-05:00,237.6530883054556,239.15594187835424,235.5854541482175,237.9593963623047,2226700
2024-01-09 00:00:00-05:00,236.53313241127776,238.0742836785545,236.09279721794053,236.6767120361328,1514100
2024-01-10 00:00:00-05:00,236.2363780219674,240.35249769482996,235.5088835752888,240.08447265625,1968700
2024-01-11 00:00:00-05:00,239.44312790235355,240.9651303706784,237.7679640946796,240.12277221679688,2020400
2024-01-12 00:00:00-05:00,239.56756081927566,240.7736734396269,237.01174135307306,237.9402618408203,1604000
2024-01-16 00:00:00-05:00,236.67670189148836,236.67670189148836,233.24022669207696,234.5612030029297,2805000
2024-01-17 00:00:00-05:00,231.65123395871854,234.32191737801278,231.1726157067377,232.8860626220703,1904200
2024-01-18 00:00:00-05:00,234.4463479013852,234.4463479013852,231.65121924016523,233.63270568847656,1995300
2024-01-19 00:00:00-05:00,234.32190635496096,236.10236675282337,231.6703718802359,235.9875030517578,2430500
2024-01-22 00:00:00-05:00,236.82030349658427,240.96513928101922,236.82030349658427,239.96961975097656,2300000
2024-01-23 00:00:00-05:00,240.43864739558416,241.07042696569724,238.63905278017467,240.12277221679688,1633700
2024-01-24 00:00:00-05:00,241.38630309186607,242.67857808431287,238.1508393609747,239.05064392089844,2466500
2024-01-25 00:00:00-05:00,241.08000584612446,243.95171519697158,240.7066842147651,242.30526733398438,1714500
2024-01-26 00:00:00-05:00,242.5828435324701,243.5592287373342,240.05574005408573,240.79281616210938,1755800
2024-01-29 00:00:00-05:00,240.13233600397115,240.27591562870802,235.48973338722433,237.42335510253906,2612200
2024-01-30 00:00:00-05:00,232.91478179380292,236.48526968966246,231.02902480448063,233.3455352783203,3961500
2024-01-31 00:00:00-05:00,233.0009086567196,233.99642805616963,230.2536303386722,230.9715576171875,2990600
2024-02-01 00:00:00-05:00,231.06731294618655,232.2159937990597,228.95181390207736,231.60336303710938,2417100
2024-02-02 00:00:00-05:00,231.17262559649896,233.39342139170708,229.10499115398187,231.995849609375,1999200
2024-02-05 00:00:00-05:00,230.4929608868674,231.26833468910434,227.77441284467196,228.1190185546875,2624900
2024-02-06 00:00:00-05:00,228.6837801328118,233.35509864340034,228.5019174781124,231.00030517578125,2625000
2024-02-07 00:00:00-05:00,231.67035343806305,232.87646602204632,230.0526216142465,231.77565002441406,2155500
2024-02-08 00:00:00-05:00,231.5554906352526,232.93391345562884,230.12921767755225,231.4119110107422,1847300
2024-02-09 00:00:00-05:00,231.70863989614625,232.43614890580048,229.86118066114173,232.24468994140625,1786300
2024-02-12 00:00:00-05:00,232.33084734121155,234.14002350834443,231.51719057876994,233.9868621826172,1773200
2024-02-13 00:00:00-05:00,230.45469505175396,230.54084283411888,224.9984497412531,226.28114318847656,2513600
2024-02-14 00:00:00-05:00,227.26705170571236,227.53507671431638,225.24728242970292,226.70228576660156,1454000
2024-02-15 00:00:00-05:00,226.1662694908777,228.12860721584053,225.65893531988382,226.40557861328125,1520400
2024-02-16 00:00:00-05:00,225.72591467647968,228.00414199792243,224.42407257940786,227.42979431152344,2112800
2024-02-20 00:00:00-05:00,226.40558868440436,229.41131081124436,225.256907767025,229.2964324951172,1671600
2024-02-21 00:00:00-05:00,229.46872435153253,231.21088710581836,228.0233025615399,231.08645629882812,1496000
2024-02-22 00:00:00-05:00,231.7852502114673,233.85288459877088,231.2492000976338,233.7188720703125,1344900
2024-02-23 00:00:00-05:00,233.78585917342295,234.47507060089958,232.14899298786796,233.04879760742188,1128800
2024-02-26 00:00:00-05:00,231.28747138478116,233.4604022631031,230.2345200307352,230.80885314941406,1294700
2024-02-27 00:00:00-05:00,231.0002924628844,232.2255538726127,230.59824032588682,231.0768585205078,1029900
2024-02-28 00:00:00-05:00,229.09541062174495,234.06347033571743,228.84653439290915,233.9198760986328,1442600
2024-02-29 00:00:00-05:00,235.26956414385904,238.79220173484447,234.72394698434593,238.32315063476562,2789200
2024-03-01 00:00:00-05:00,237.43291255476663,238.52416147720407,235.06855206137587,236.05450439453125,1682600
2024-03-04 00:00:00-05:00,234.56120982924062,237.4903655923987,234.07302450518202,236.2172393798828,1594600
2024-03-05 00:00:00-05:00,235.07814029337854,238.15086126410532,234.6761027180624,238.0838623046875,1381000
2024-03-06 00:00:00-05:00,239.12723374706087,240.88854529857835,236.84900633625452,237.77752685546875,1649900
2024-03-07 00:00:00-05:00,239.03152996534882,240.42908705902008,238.34231852514094,239.5388641357422,1536600
2024-03-08 00:00:00-05:00,240.58753399887917,240.7991782526527,238.105363966224,238.28814697265625,1117000
2024-03-11 00:00:00-04:00,238.44208491046606,243.7912514274021,238.44208491046606,243.1177978515625,1475000
2024-03-12 00:00:00-04:00,243.6469349743424,248.4188469803788,243.58921248171728,244.5801544189453,1912300
2024-03-13 00:00:00-04:00,245.8597094408059,248.38997153070213,245.4844985800115,245.54222106933594,1492300
2024-03-14 00:00:00-04:00,245.0130794072775,246.63898338791512,243.93555376799438,245.84046936035156,1333900
2024-03-15 00:00:00-04:00,243.28136788795373,246.10988779680162,242.7618507137638,243.68544006347656,3296700
2024-03-18 00:00:00-04:00,243.71426470318517,245.27283057793974,242.13643842578878,243.57955932617188,1558600
2024-03-19 00:00:00-04:00,243.33906476043845,247.51449148130104,242.9349926274698,246.88914489746094,1444300
2024-03-20 00:00:00-04:00,246.88912538758663,250.31413006511298,245.34017499351597,250.13133239746094,1890200
2024-03-21 00:00:00-04:00,249.7080227729195,255.46127567134548,249.69842193140246,254.80706787109375,4879400
2024-03-22 00:00:00-04:00,275.1550456507837,280.2251997334271,270.7294691143965,273.53875732421875,8186600
2024-03-25 00:00:00-04:00,270.1330004928901,272.2880517277258,267.0254694609249,271.8551330566406,3028400
2024-03-26 00:00:00-04:00,272.39389873822535,279.8403935631374,272.13411817246333,278.03167724609375,4527600
2024-03-27 00:00:00-04:00,278.82058419863034,278.82058419863034,273.51951054784604,276.9637756347656,1786500
2024-03-28 00:00:00-04:00,276.3865549714425,279.4267336458323,275.59764171484545,278.7532653808594,1650700
2024-04-01 00:00:00-04:00,273.46179733068413,276.20373308303255,268.776469215384,269.5076599121094,2784000
2024-04-02 00:00:00-04:00,266.0249358827558,267.39107399453377,263.45616757118114,264.8511962890625,2516400
2024-04-03 00:00:00-04:00,266.18850671924037,269.03628700554685,264.5722180337426,267.92987060546875,1805800
2024-04-04 00:00:00-04:00,269.79625580698166,270.5274464588298,263.9949109591933,265.0628356933594,1836500
2024-04-05 00:00:00-04:00,264.57211345729075,265.4861015933798,261.83980860883,263.1482238769531,1568900
2024-04-08 00:00:00-04:00,264.5529508840991,266.034533963426,263.8602516333647,265.1205749511719,2048700
2024-04-09 00:00:00-04:00,264.6010437056504,266.0633957444236,263.2252754033468,265.8902282714844,1223800
2024-04-10 00:00:00-04:00,261.9072224653799,263.4850194431799,257.60672084217714,260.0503845214844,2603100
2024-04-11 00:00:00-04:00,260.13699714360126,262.7057359987541,259.47315915623125,261.8591003417969,1031900
2024-04-12 00:00:00-04:00,260.8296874409907,261.41657194203805,255.81725515807028,257.64520263671875,1176500
2024-04-15 00:00:00-04:00,260.55067144510224,261.3106939688624,256.05774218822813,256.6253662109375,998900
2024-04-16 00:00:00-04:00,256.471397157331,256.73117767322765,253.18109841247687,254.8936004638672,1421100
2024-04-17 00:00:00-04:00,254.37412837278393,255.84611065296295,252.27679951664933,253.09457397460938,1371800
2024-04-18 00:00:00-04:00,254.09509370231308,255.14378739562304,252.14207125465964,253.38316345214844,1063600
2024-04-19 00:00:00-04:00,254.2201839493593,258.895911219686,253.46976220972311,256.86590576171875,1894300
2024-04-22 00:00:00-04:00,258.48223675480966,261.62823010045304,256.8947800982013,259.9060974121094,1246600
2024-04-23 00:00:00-04:00,260.1658801366099,263.52353244009595,259.7617933173298,261.4454345703125,1187000
2024-04-24 00:00:00-04:00,260.25242934560373,261.04131311415694,253.58518855456686,255.9807891845703,1696600
2024-04-25 00:00:00-04:00,253.93154004543032,255.7209957566352,252.73856957129374,255.4516143798828,876100
2024-04-26 00:00:00-04:00,254.1143566009039,257.3084712774188,253.3254434530231,255.75950622558594,958900
2024-04-29 00:00:00-04:00,256.42333921552057,258.068488808247,253.95078504562312,255.7787322998047,786800
2024-04-30 00:00:00-04:00,254.79744970802446,254.9225248969999,251.7380401207901,251.85348510742188,853900
2024-05-01 00:00:00-04:00,251.72840528324517,253.05608132580954,249.9293191004903,250.8433074951172,901000
2024-05-02 00:00:00-04:00,253.30620983526168,253.87383386700407,250.1505866361906,252.09397888183594,1311600
2024-05-03 00:00:00-04:00,253.50826275301694,255.49977683517525,249.9966740935981,250.76632690429688,1085100
2024-05-06 00:00:00-04:00,252.87329225432262,253.0272286923613,250.3045531805097,250.4199981689453,929600
2024-05-07 00:00:00-04:00,251.3243443751349,252.10362737018744,248.6882233702825,249.63107299804688,1356100
2024-05-08 00:00:00-04:00,248.00515130820025,249.17889088756814,246.1098512339842,248.2264404296875,1453900
2024-05-09 00:00:00-04:00,248.38998598731374,252.5558118250337,248.38998598731374,252.12286376953125,923700
2024-05-10 00:00:00-04:00,252.12286792499685,255.86537597113627,252.12286792499685,255.65371704101562,1092400
2024-05-13 00:00:00-04:00,255.94234016254507,258.155114138333,254.98025941474611,256.7697448730469,2036200
2024-05-14 00:00:00-04:00,257.08722076325,257.48167739640974,248.55356915616866,249.2174072265625,2534000
2024-05-15 00:00:00-04:00,250.1409631513082,250.84329257912032,248.39959956435376,249.48675537109375,1145600
2024-05-16 00:00:00-04:00,248.75558045401127,251.09342948042914,247.64919353438071,248.9672393798828,1136300
2024-05-17 00:00:00-04:00,250.21792991789,250.21792991789,246.56203508414546,247.49525451660156,1419700
2024-05-20 00:00:00-04:00,247.2450873917453,247.64917416785352,244.43582844299962,245.0515594482422,899400
2024-05-21 00:00:00-04:00,244.36849857398988,245.13816607246494,241.41490376914544,242.76182556152344,1027200
2024-05-22 00:00:00-04:00,242.44433553717207,243.07931232015702,240.31813073845692,242.51168823242188,1766000
2024-05-23 00:00:00-04:00,242.01140899899607,242.58864862514267,237.53772482537906,239.83709716796875,1446500
2024-05-24 00:00:00-04:00,240.52017131949117,241.3764225421811,236.97009124198567,238.20155334472656,1096600
2024-05-28 00:00:00-04:00,237.82634670001622,239.97178255594102,237.35493655115405,238.63449096679688,1229800
2024-05-29 00:00:00-04:00,236.51786641181198,237.6627445547461,235.04588442237767,235.8155517578125,1108000
2024-05-30 00:00:00-04:00,236.81617472307158,240.2315643790472,236.20044361992402,240.11611938476562,1084300
2024-05-31 00:00:00-04:00,240.52015609916242,244.68596696442214,238.7114398276374,244.3300018310547,1746900
2024-06-03 00:00:00-04:00,243.7719874221221,244.35885717604322,237.35491157394017,239.19247436523438,1409800
2024-06-04 00:00:00-04:00,238.59600179395468,238.9134901708673,234.9978148691306,236.6237335205078,1253600
2024-06-05 00:00:00-04:00,238.4997831008134,238.9231009282557,235.19985357539036,238.64410400390625,930200
2024-06-06 00:00:00-04:00,238.64411744371466,241.76124947554672,237.93217245017723,240.77993774414062,1171200
2024-06-07 00:00:00-04:00,238.55753180185013,241.8382157627428,237.77823411992318,238.33624267578125,1281900
2024-06-10 00:00:00-04:00,237.63393749044522,244.5705459307238,236.59488855275123,244.09912109375,1475300
2024-06-11 00:00:00-04:00,242.5982657560874,243.01195339852626,240.42395404221574,242.85801696777344,1176900
2024-06-12 00:00:00-04:00,243.77200803789802,244.65712050420615,238.72108445459924,239.1732635498047,1555900
2024-06-13 00:00:00-04:00,239.69278065909063,240.03913029201,234.9978222306695,239.1732635498047,1015600
2024-06-14 00:00:00-04:00,237.20096990601766,238.50940008186498,233.70861270338582,237.08551025390625,1245800
2024-06-17 00:00:00-04:00,236.22927228558993,240.97233744234663,235.56544897984398,240.577880859375,1252200
2024-06-18 00:00:00-04:00,240.71257744338263,242.8387821546169,238.21117654331468,238.68258666992188,1506100
2024-06-20 00:00:00-04:00,239.32717794525774,243.74313929928152,239.0481810151813,242.94461059570312,1488600
2024-06-21 00:00:00-04:00,243.38717457642568,246.1868329734898,242.0691286977512,244.04139709472656,3142500
2024-06-24 00:00:00-04:00,245.68586272162682,248.9071178853797,244.87329784081214,248.1332550048828,1897200
2024-06-25 00:00:00-04:00,247.78499246803398,248.41375973948564,244.35093539404534,248.0074920654297,5586700
2024-06-26 00:00:00-04:00,279.01080207227994,287.1654984549723,274.7254786280103,286.51739501953125,11126100
2024-06-27 00:00:00-04:00,283.5477207673779,286.18857913848205,278.9915411680049,285.82098388671875,3989200
2024-06-28 00:00:00-04:00,284.3021661730558,292.5342664138377,283.85719655816746,290.0481872558594,4278900
2024-07-01 00:00:00-04:00,288.3844070060691,291.4412156641942,287.50412097772806,288.9261169433594,2469100
2024-07-02 00:00:00-04:00,286.80759514343015,291.37345653427775,286.80759514343015,288.4811096191406,1834400
2024-07-03 00:00:00-04:00,289.46781576925935,289.7193344879814,283.09302660968706,284.118408203125,1274300
2024-07-05 00:00:00-04:00,284.1184184502107,285.33728056677563,282.5319906435337,284.3989562988281,1480200
2024-07-08 00:00:00-04:00,284.89228773629435,288.16191284815596,284.03133802014054,285.87896728515625,1533000
2024-07-09 00:00:00-04:00,286.3336429258968,287.14620782952056,282.96727730718914,283.1704406738281,1252100
2024-07-10 00:00:00-04:00,283.17046583761754,284.07008818361214,280.00723378347254,283.69281005859375,1466600
2024-07-11 00:00:00-04:00,285.3566263617526,291.1123315260556,285.05675226287076,289.758056640625,1860000
2024-07-12 00:00:00-04:00,288.81000472629574,291.1800075494412,287.9587379241704,289.2549743652344,1445700
2024-07-15 00:00:00-04:00,290.6479983575072,295.6104748707125,289.2937234613544,295.05908203125,2068700
2024-07-16 00:00:00-04:00,295.85230386466327,303.59105111570125,295.78458274118196,303.281494140625,2812600
2024-07-17 00:00:00-04:00,300.2923889160156,303.426601442824,298.0384919007918,300.2923889160156,1588100
2024-07-18 00:00:00-04:00,298.88972641455985,302.9332140929081,295.6588035193505,296.6067810058594,1603000
2024-07-19 00:00:00-04:00,296.60678933584376,298.6478989906603,294.0916909244612,296.3069152832031,1294600
2024-07-22 00:00:00-04:00,296.97443027334293,297.69025495823337,291.5573012110667,297.390380859375,1414200
2024-07-23 00:00:00-04:00,289.2356614553436,294.15943556101274,288.0264822686574,290.97686767578125,2268400
2024-07-24 00:00:00-04:00,290.98656216093116,290.98656216093116,286.894689002444,288.5391845703125,1541100
2024-07-25 00:00:00-04:00,288.54885909338645,293.3855758929357,288.27800413345074,288.83905029296875,1262600
2024-07-26 00:00:00-04:00,290.0579021110842,292.31179907070293,287.75562027259593,290.33843994140625,1200800
2024-07-29 00:00:00-04:00,290.5125611062857,292.10867172491635,288.3263556949755,289.4581604003906,864900
2024-07-30 00:00:00-04:00,290.16429141819987,293.1050233506937,289.5355241699924,291.05426025390625,1038500
2024-07-31 00:00:00-04:00,291.21869281659053,295.6297759659237,291.05426098498754,292.3795166015625,947400
2024-08-01 00:00:00-04:00,293.31787711304037,295.88133130784973,286.6141942033185,288.1038818359375,1532600
2024-08-02 00:00:00-04:00,283.412271494702,284.9213247919519,278.3337187963863,282.75445556640625,2252700
2024-08-05 00:00:00-04:00,275.3155353700354,279.7363009013575,270.4691659878614,273.8451843261719,2684000
2024-08-06 00:00:00-04:00,275.4993656108245,280.23937149359546,273.34220890156314,276.3990173339844,1424500
2024-08-07 00:00:00-04:00,279.56219647557253,279.56219647557253,268.0121158235199,269.04718017578125,1791000
2024-08-08 00:00:00-04:00,270.0048814102147,272.5973546018997,267.43174445871455,269.5212097167969,1573400
2024-08-09 00:00:00-04:00,268.3797576468098,268.89244847253474,265.19718956660466,268.3507385253906,1256100
2024-08-12 00:00:00-04:00,270.0919432717956,272.2201105666768,268.42811143788254,270.0339050292969,1247200
2024-08-13 00:00:00-04:00,271.07864862947093,274.13545728238347,270.0822861192635,273.85491943359375,1232000
2024-08-14 00:00:00-04:00,274.0580258222487,275.7218574661012,273.5840370556602,274.0773620605469,768200
2024-08-15 00:00:00-04:00,277.9177033787723,282.17403728731375,273.40990982095235,274.89959716796875,1292900
2024-08-16 00:00:00-04:00,274.7255285962224,276.2248990741837,270.03390715085885,276.0798034667969,1318300
2024-08-19 00:00:00-04:00,276.5441599873743,279.4365075584282,276.1959009821514,279.001220703125,804100
2024-08-20 00:00:00-04:00,278.58516104290544,279.56218712975857,277.1051271154103,279.0204772949219,591700
2024-08-21 00:00:00-04:00,281.2647476128537,283.073674862158,279.8427517797096,281.9999084472656,787200
2024-08-22 00:00:00-04:00,283.0446397186627,285.0083453274457,281.17767433868624,284.6697692871094,980000
2024-08-23 00:00:00-04:00,286.2465821951638,288.8197191201826,285.21151769686736,287.47509765625,865600
2024-08-26 00:00:00-04:00,288.8197253405511,289.53555000814674,286.0918098739625,287.53314208984375,771600
2024-08-27 00:00:00-04:00,287.52348841351767,287.92010274866107,283.1704431285974,285.2695617675781,828600
2024-08-28 00:00:00-04:00,285.2792514681301,287.8620418671793,284.5924459059643,286.45941162109375,712200
2024-08-29 00:00:00-04:00,288.02651568062697,289.41949262695726,285.8112908877715,286.57550048828125,730000
2024-08-30 00:00:00-04:00,287.38802338367725,289.33239290350406,285.0857415588222,289.0131530761719,1096900
2024-09-03 00:00:00-04:00,286.39169868128283,287.45578237763993,282.0386531678959,283.8959655761719,1138800
2024-09-04 00:00:00-04:00,284.3118894275744,285.7145195817958,282.4642600742973,283.2768249511719,719000
2024-09-05 00:00:00-04:00,283.87654805361177,284.3505663306837,274.4836531576832,275.9927062988281,1318000
2024-09-06 00:00:00-04:00,276.0604857072856,278.60460377070734,273.4196273921369,273.7969055175781,1117400
2024-09-09 00:00:00-04:00,275.5854806771908,278.19065552645543,275.0313863476164,275.39105224609375,880000
2024-09-10 00:00:00-04:00,275.99377313342757,276.8686417567731,272.26094892008877,275.92572021484375,940100
2024-09-11 00:00:00-04:00,274.7689367901604,277.40327295790615,270.1321123622017,276.9075012207031,937700
2024-09-12 00:00:00-04:00,277.6949727227195,280.26125650032316,276.39235535447676,278.0157470703125,858000
2024-09-13 00:00:00-04:00,279.5418823246155,279.5418823246155,273.02891512967506,278.3851013183594,1142600
2024-09-16 00:00:00-04:00,281.6513286354627,285.60771370158693,280.3001486450096,284.4606628417969,1141500
2024-09-17 00:00:00-04:00,287.7365056397581,292.0622859184927,286.47280987988256,289.0390930175781,1331300
2024-09-18 00:00:00-04:00,287.2699040621486,292.6066589123926,287.2699040621486,289.845947265625,1373500
2024-09-19 00:00:00-04:00,295.6395783710792,299.4015344634559,289.5543298984028,292.0039978027344,4220500
2024-09-20 00:00:00-04:00,253.49004705317896,255.2300837498636,246.4230150525941,247.53118896484375,17455500
2024-09-23 00:00:00-04:00,248.37690769093135,253.45119667823468,248.3671922013021,251.5653533935547,3730600
2024-09-24 00:00:00-04:00,251.88612216586233,260.8389975769289,251.88612216586233,259.6725158691406,4109000
2024-09-25 00:00:00-04:00,258.5837970327036,260.29464286538376,255.5120113269498,256.40631103515625,2593700
2024-09-26 00:00:00-04:00,259.63362895337406,263.424746487253,257.80610827919213,258.89483642578125,1862400
2024-09-27 00:00:00-04:00,259.64336050348317,262.92900560358663,259.06010480344764,260.0807800292969,1819200
2024-09-30 00:00:00-04:00,262.0929881127359,269.0239439722318,261.5486240591579,266.0396423339844,2906100
2024-10-01 00:00:00-04:00,266.2146126334079,267.63387504733083,260.51822099590373,262.03466796875,1703800
2024-10-02 00:00:00-04:00,261.4222542313669,261.99577959796875,258.923993991207,259.47808837890625,1406400
2024-10-03 00:00:00-04:00,258.5740670206014,258.8073574376975,254.07331817521012,254.76348876953125,1733100
2024-10-04 00:00:00-04:00,257.4075145473602,257.63110427182653,252.03189782965225,253.55807495117188,1637300
2024-10-07 00:00:00-04:00,252.13887197617262,253.91777066295097,250.89460702796043,253.22760009765625,1342300
2024-10-08 00:00:00-04:00,253.65531294331737,254.97733144075482,252.1194053567828,254.1024627685547,1073100
2024-10-09 00:00:00-04:00,256.1729867936202,259.6335992923389,255.40503305217686,257.25201416015625,1308300
2024-10-10 00:00:00-04:00,255.99806475201368,258.5546477961914,255.85225823469952,256.8923645019531,872800
2024-10-11 00:00:00-04:00,257.94217951761533,259.72107800670756,256.79512892178036,256.97979736328125,965700
2024-10-14 00:00:00-04:00,256.9603883202713,260.42100104535496,256.58129141820325,259.98358154296875,922300
2024-10-15 00:00:00-04:00,260.29457561223666,261.5583009299184,258.22406436672395,258.4962463378906,1363200
2024-10-16 00:00:00-04:00,261.49030735626366,265.2814248383427,260.91678198922244,264.2121276855469,1713700
2024-10-17 00:00:00-04:00,264.1343558198751,267.8574201195932,262.6179089320177,266.60345458984375,1603000
2024-10-18 00:00:00-04:00,268.4115161866811,268.4115161866811,264.90231128026585,266.7395324707031,1216900
2024-10-21 00:00:00-04:00,265.1258817199702,265.6897064169841,260.2849278444825,261.30560302734375,1443000
2024-10-22 00:00:00-04:00,260.5085031351077,263.5316965688911,260.24605141535096,262.2582702636719,972000
2024-10-23 00:00:00-04:00,261.6846913696113,262.89006450137106,259.38083030479555,260.5667724609375,1152900
2024-10-24 00:00:00-04:00,270.1612637020965,270.9097567753541,263.24000927584854,265.2522277832031,1635800
2024-10-25 00:00:00-04:00,266.61313489748386,267.9837751849022,264.2898724662746,264.5231628417969,835200
2024-10-28 00:00:00-04:00,265.0092728162072,268.1491117055273,264.5232312976783,267.7602844238281,1179800
2024-10-29 00:00:00-04:00,266.00075382028365,269.38358300612714,265.3786065836702,267.3616638183594,1190100
2024-10-30 00:00:00-04:00,266.428466796875,270.7639778676254,266.2632293174771,266.428466796875,1196800
2024-10-31 00:00:00-04:00,265.748014892353,268.9947680589668,265.3883489835219,266.20489501953125,1099500
2024-11-01 00:00:00-04:00,266.1368845699592,269.73360356346,265.5439281749633,266.69097900390625,1370400
2024-11-04 00:00:00-05:00,266.35068612223284,267.3033379419986,263.13309444050157,263.6094055175781,1020000
2024-11-05 00:00:00-05:00,263.5705956169496,267.76027092215713,261.99579625720355,267.7311096191406,948600
2024-11-06 00:00:00-05:00,268.29492233087785,273.3497660671281,264.0371938169538,272.2415771484375,2639800
2024-11-07 00:00:00-05:00,274.0690846487331,277.5296977713364,272.1832412468448,275.3036193847656,1317200
2024-11-08 00:00:00-05:00,275.8576652313433,281.02915302394837,274.96333597188874,278.2878723144531,1734300
2024-11-11 00:00:00-05:00,280.6403538202331,285.2577477387694,280.6403538202331,281.6999206542969,1593900
2024-11-12 00:00:00-05:00,281.6221595678271,283.1386066850465,277.45194482828333,279.2502746582031,1235500
2024-11-13 00:00:00-05:00,279.35719895492366,285.79238324614425,279.35719895492366,283.7413024902344,1896900
2024-11-14 00:00:00-05:00,284.88831985031396,286.99772296195476,283.57600210709035,284.1300964355469,1248300
2024-11-15 00:00:00-05:00,282.82754154460787,287.61017296766767,282.82754154460787,286.2395324707031,1505800
2024-11-18 00:00:00-05:00,285.41325876956023,289.27242924144747,285.21885998025226,286.9685974121094,1460000
2024-11-19 00:00:00-05:00,283.4496380809069,286.9977345929599,282.86638243076874,284.87860107421875,1474600
2024-11-20 00:00:00-05:00,285.70489654492076,286.2103689871804,277.2866548398645,279.9890441894531,1392800
2024-11-21 00:00:00-05:00,280.0084582918001,287.28937914653505,280.0084582918001,286.91998291015625,1596900
2024-11-22 00:00:00-05:00,287.9212310198719,293.9384264290865,286.929717160449,291.595703125,1845800
2024-11-25 00:00:00-05:00,293.2191125653047,299.9167486027325,292.19840767787554,296.631103515625,2415600
2024-11-26 00:00:00-05:00,294.59945157988886,295.51321191102096,291.2457535916256,294.5216979980469,1669300
2024-11-27 00:00:00-05:00,295.26043231227123,296.2714067721872,293.1510291623317,294.92022705078125,919400
2024-11-29 00:00:00-05:00,294.5800028314179,296.25198656352524,293.44265281446894,294.2203369140625,665500
2024-12-02 00:00:00-05:00,293.17048803346876,293.58847657466816,285.6174143280639,288.40728759765625,1578700
2024-12-03 00:00:00-05:00,286.2784349969126,286.2784349969126,274.8078678038608,274.95367431640625,2629000
2024-12-04 00:00:00-05:00,273.8454722386304,277.91850206381105,272.20264972367136,275.5174560546875,1840100
2024-12-05 00:00:00-05:00,276.2562089692264,277.80181703709354,271.4249563424316,271.619384765625,1512400
2024-12-06 00:00:00-05:00,273.5344079477939,274.56481339760455,269.99601212722575,272.8442077636719,2079000
2024-12-09 00:00:00-05:00,274.39748898980366,276.2828715822248,272.55116036778304,273.06890869140625,1365800
2024-12-10 00:00:00-05:00,273.34243406969773,274.465846862568,271.10535707040907,272.86376953125,902800
2024-12-11 00:00:00-05:00,273.2350097556718,275.6772246093614,272.31673458570907,274.6612548828125,1207000
2024-12-12 00:00:00-05:00,275.0031474491462,277.9240266249166,272.91259740299483,277.13275146484375,1084900
2024-12-13 00:00:00-05:00,276.78107258779636,277.5430424073795,275.33530051649063,276.8690185546875,964700
2024-12-16 00:00:00-05:00,276.8299085228673,279.6628714392616,276.2242440842397,276.8885192871094,1587100
2024-12-17 00:00:00-05:00,274.5049459752062,275.91166409756346,268.3994089205975,271.0174560546875,2426300
2024-12-18 00:00:00-05:00,271.3007582889473,274.80777515645144,266.5433286391236,266.8461608886719,1907500
2024-12-19 00:00:00-05:00,268.1747155275503,272.0432052860394,266.87547035435074,269.5032958984375,4203500
2024-12-20 00:00:00-05:00,287.20444452265775,288.41577345625365,264.63837506201077,269.35675048828125,8126800
2024-12-23 00:00:00-05:00,268.64362070217317,268.75106384060206,258.9626779204973,262.7920837402344,3500700
2024-12-24 00:00:00-05:00,262.78228844343175,266.23069423312006,261.41465424296706,265.556640625,1013100
2024-12-26 00:00:00-05:00,264.1010757203898,273.82107131223967,264.052213544237,272.218994140625,1777300
2024-12-27 00:00:00-05:00,270.9197368052431,275.09105842054214,270.1480184566608,273.87969970703125,1553200
2024-12-30 00:00:00-05:00,270.4117942644978,275.88236148280527,269.13207606997537,274.0653381347656,1587400
2024-12-31 00:00:00-05:00,275.01291173399704,277.5625994714793,274.0946365900049,274.8273010253906,1296800
2025-01-02 00:00:00-05:00,275.03244730919687,275.4622794630972,266.74844466661483,267.94024658203125,1278200
2025-01-03 00:00:00-05:00,268.252871446325,269.52281117887395,265.5175730660936,268.0672607421875,1181100
2025-01-06 00:00:00-05:00,269.5032762271317,272.25810151135005,266.0743973135367,267.6374206542969,1651000
2025-01-07 00:00:00-05:00,267.7155926283449,271.5743041992187,267.1099280867725,268.6436462402344,1517900
2025-01-08 00:00:00-05:00,268.663119962668,270.51922681845696,267.7448449326004,268.5458984375,1965600
2025-01-10 00:00:00-05:00,268.1649479281676,268.1649479281676,264.1987937073494,264.4723205566406,1475600
2025-01-13 00:00:00-05:00,262.2938414706319,268.84873694544586,262.02031463477016,268.2430725097656,1367700
2025-01-14 00:00:00-05:00,268.64359739836596,271.5351710447682,267.93046002561135,271.2030334472656,1360900
2025-01-15 00:00:00-05:00,274.01646541365005,274.5830460572137,269.894006167524,270.19683837890625,1848000
2025-01-16 00:00:00-05:00,270.2066403918386,271.5351908788921,267.39320428726523,270.9588317871094,1417600
2025-01-17 00:00:00-05:00,270.4508527225995,271.04673877945834,268.3505541138461,268.7413024902344,1581800
2025-01-21 00:00:00-05:00,269.1223023994178,271.86734954999525,266.5530875659421,269.2004699707031,1465200
2025-01-22 00:00:00-05:00,267.93046777282245,268.46777287046876,263.18281691500914,264.1792297363281,1958300
2025-01-23 00:00:00-05:00,264.3453453327592,265.0584529999633,261.883573646846,263.78851318359375,1758700
2025-01-24 00:00:00-05:00,263.759211860594,267.1783127550832,263.30007426227485,266.9731750488281,1544500
2025-01-27 00:00:00-05:00,267.5104199234463,275.3841175582539,267.5104199234463,275.0226745605469,1552900
2025-01-28 00:00:00-05:00,274.4853891771975,274.57330532377216,271.64264785585834,272.209228515625,1043200
2025-01-29 00:00:00-05:00,272.2092259656106,272.9223633418439,268.6533771068576,268.70220947265625,1078400
2025-01-30 00:00:00-05:00,258.87476741170485,264.8435260410432,257.214049431734,263.0167541503906,2827400
2025-01-31 00:00:00-05:00,263.85686525689385,264.72627813208993,257.6927181337312,258.74774169921875,2341200
2025-02-03 00:00:00-05:00,251.58718755533556,252.80829485521093,241.01727561268876,241.62294006347656,3774700
2025-02-04 00:00:00-05:00,243.2641230447521,245.46211624794802,241.27126752644102,245.14950561523438,2185700
2025-02-05 00:00:00-05:00,244.7001559954254,246.94698165467264,242.75614767601047,246.57577514648438,1535000
2025-02-06 00:00:00-05:00,247.62102244912816,253.69726856820188,247.14235791989074,252.7887420654297,2539700
2025-02-07 00:00:00-05:00,252.95482826566567,253.25766049883754,248.97889564022776,250.16091918945312,1392900
2025-02-10 00:00:00-05:00,251.17688692331944,252.76921564107653,248.2071604750492,252.26124572753906,1216300
2025-02-11 00:00:00-05:00,252.62268672704317,256.05153578763765,251.079190389494,255.22120666503906,1414800
2025-02-12 00:00:00-05:00,252.0951684222562,257.38012462340015,251.92911451707855,256.5790710449219,1952700
2025-02-13 00:00:00-05:00,256.1980700429251,258.95286524053375,255.9831539823271,257.0381774902344,1303500
2025-02-14 00:00:00-05:00,258.27886979178425,262.27432942745764,258.27886979178425,261.5807189941406,1265000
2025-02-18 00:00:00-05:00,262.7334561879936,263.21212070531146,259.32410436531137,261.26812744140625,927600
2025-02-19 00:00:00-05:00,260.1740113470141,262.3329506733411,258.239796324615,260.7015380859375,957200
2025-02-20 00:00:00-05:00,260.3302944707067,262.63576052452953,258.9626602754845,262.2547607421875,707100
2025-02-21 00:00:00-05:00,261.8738015785375,261.8738015785375,238.7997472588372,248.3146209716797,4331300
2025-02-24 00:00:00-05:00,248.6174587356991,250.00463490926504,245.80402260559597,247.6796417236328,1451600
2025-02-25 00:00:00-05:00,248.78352084488023,250.7568344610807,247.69917694112743,250.55169677734375,1330300
2025-02-26 00:00:00-05:00,250.92288293103178,252.89621141060985,247.4061028453842,250.1999969482422,1096200
2025-02-27 00:00:00-05:00,251.2355217768675,255.51428701311153,249.6236659198122,252.56410217285156,1174400
2025-02-28 00:00:00-05:00,253.7363099774087,258.3472121790658,252.212370503421,256.8232727050781,1963300
2025-03-03 00:00:00-05:00,257.52664442648205,258.87475167686296,251.20619174965742,252.7887420654297,1225400
2025-03-04 00:00:00-05:00,249.49665229877544,249.8385683253932,241.1247479070377,242.0137176513672,2334500
2025-03-05 00:00:00-05:00,242.3556116476897,246.42922393243518,241.78901605497347,244.6219940185547,1370600
2025-03-06 00:00:00-05:00,242.76591412171507,244.10425796555205,239.33704991564875,244.01632690429688,1902700
2025-03-07 00:00:00-05:00,243.87955071841705,248.07039943499075,242.1211680828065,248.0508575439453,1569300
2025-03-10 00:00:00-04:00,246.45967906494414,247.746390288533,238.80815961958822,242.12806701660156,1657900
2025-03-11 00:00:00-04:00,241.4798013704943,242.7173983429774,237.4821420830059,238.64117431640625,1966000
2025-03-12 00:00:00-04:00,239.1911977990387,239.9474995042005,235.24265303796287,239.18136596679688,1703100
2025-03-13 00:00:00-04:00,239.41713037818027,241.83340831928854,235.43911967592499,236.6963653564453,1565400
2025-03-14 00:00:00-04:00,237.69822676110653,238.60187111392372,235.42929154003124,237.89466857910156,1431800
2025-03-17 00:00:00-04:00,238.94564633493138,242.40306416364845,237.38389872126692,240.93955993652344,1269700
2025-03-18 00:00:00-04:00,240.91991860854904,242.78613834589353,239.25995753280637,241.43067932128906,1587600
2025-03-19 00:00:00-04:00,241.45032408929242,244.78987987705636,240.64489317118546,242.72720336914062,1491400
2025-03-20 00:00:00-04:00,240.53684634575623,245.75245363895382,238.6902603408013,241.83338928222656,3180100
2025-03-21 00:00:00-04:00,215.90267057705572,227.7482904713878,213.35871383101954,226.2356719970703,9418200
2025-03-24 00:00:00-04:00,230.82265537177113,240.05555559162207,230.567282510282,238.01254272460938,3999000
2025-03-25 00:00:00-04:00,237.9339598643611,240.78240362148642,235.25247741009906,236.78475952148438,2668900
2025-03-26 00:00:00-04:00,237.69823429001292,240.77260054606108,235.7337860727401,239.3385467529297,2190900
2025-03-27 00:00:00-04:00,239.34835201634004,240.56631524762966,237.97324432581124,239.58409118652344,1674200
2025-03-28 00:00:00-04:00,238.77868199729699,240.41899442719,236.36240414417514,237.41339111328125,1679800
2025-03-31 00:00:00-04:00,235.54714828131424,241.07707450814863,234.99710520840597,239.4465789794922,2080700
2025-04-01 00:00:00-04:00,239.6626704041599,240.0948513881426,234.97745744605646,237.67857360839844,1369600
2025-04-02 00:00:00-04:00,236.27398899318143,241.35208533476128,236.05789851162066,240.81185913085938,990900
2025-04-03 00:00:00-04:00,226.0883290614483,228.75016288358486,209.87181507397102,212.02288818359375,5066500
2025-04-04 00:00:00-04:00,208.23150427321627,210.19595242673716,200.2754832564366,206.38491821289062,3618500
2025-04-07 00:00:00-04:00,200.08886315558175,211.90501700262146,196.0519218046883,201.5818328857422,3023800
2025-04-08 00:00:00-04:00,205.0883936224956,207.59306805723608,192.054275711453,194.54913330078125,2407600
2025-04-09 00:00:00-04:00,190.88542373169312,217.26796306768284,190.84614136309304,214.06591796875,3529100
2025-04-10 00:00:00-04:00,208.67349169037618,209.69501307222657,197.8100963418648,202.7310333251953,2807500
2025-04-11 00:00:00-04:00,201.14966731670924,205.28483738193938,196.2974928408603,204.0767059326172,2198000
2025-04-14 00:00:00-04:00,207.99577185327533,210.3727523977145,205.5795089390122,206.7090606689453,1507200
2025-04-15 00:00:00-04:00,206.20812608581474,207.00372519389,202.66229655179342,203.66416931152344,1081300
2025-04-16 00:00:00-04:00,201.84704540486763,203.3203815027134,197.4565026342833,199.9415283203125,1272400
2025-04-17 00:00:00-04:00,201.42469943811142,206.11972934520162,201.11038053824007,203.86061096191406,1107000
2025-04-21 00:00:00-04:00,202.6328328795639,202.6328328795639,197.52527060617388,201.4738006591797,1182100
2025-04-22 00:00:00-04:00,203.1239481193514,205.39288340621496,200.4817628761898,202.89804077148438,1369500
2025-04-23 00:00:00-04:00,208.42795780886019,214.6061559920492,206.3947616491859,207.28857421875,1365800
2025-04-24 00:00:00-04:00,206.26705391971677,212.17021516256787,205.17678460663916,211.8559112548828,1132800
2025-04-25 00:00:00-04:00,209.39051456194005,209.82269553942365,204.33206672900596,207.79931640625,1328900
2025-04-28 00:00:00-04:00,209.19407436309103,210.24506129257725,205.82505305932423,207.74038696289062,1360800
2025-04-29 00:00:00-04:00,204.5186904803321,207.30820315245373,204.11597502756507,206.11972045898438,1647300
2025-04-30 00:00:00-04:00,203.8115057130319,206.8662233379196,200.69785703871722,206.59120178222656,1278900
2025-05-01 00:00:00-04:00,206.58137662350543,208.12346064247598,204.14545010317536,206.32598876953125,1368400
2025-05-02 00:00:00-04:00,210.69687611136047,217.66085603429187,208.12345388976402,215.81427001953125,2180500
2025-05-05 00:00:00-04:00,213.39800221552264,215.863394294454,212.58275441537265,213.1328125,1261700
2025-05-06 00:00:00-04:00,210.078101618004,211.89520726508772,208.8601383018795,209.616455078125,1104100
2025-05-07 00:00:00-04:00,210.3432709637555,213.02475336860124,209.76376238049332,211.72821044921875,1227700
2025-05-08 00:00:00-04:00,214.63560224517644,218.35822477661307,212.67115415759946,215.31333923339844,1334400
2025-05-09 00:00:00-04:00,214.6945538455606,216.48219398288614,213.23103448467438,213.9578857421875,1167900
2025-05-12 00:00:00-04:00,225.62668580446544,234.1720317648874,225.62668580446544,228.80908203125,3390900
2025-05-13 00:00:00-04:00,230.82266065231178,230.87177485421591,226.32407253130538,227.0410919189453,2250800
2025-05-14 00:00:00-04:00,227.17860628612058,228.12154801992858,225.06683045878188,227.67955017089844,2238700
2025-05-15 00:00:00-04:00,228.02330695342704,229.8404274388825,226.66784795750067,227.00180053710938,2624500
2025-05-16 00:00:00-04:00,227.39470031248965,228.35729073980036,222.62109049636234,225.4302520751953,2272000
2025-05-19 00:00:00-04:00,221.78619048654423,223.06308473177663,220.81378329468393,222.10049438476562,1852500
2025-05-20 00:00:00-04:00,219.13419592230093,220.67627991804363,216.09911215670567,217.2090301513672,2437600
2025-05-21 00:00:00-04:00,215.81426923176662,216.46254070107793,212.44523295038186,212.95599365234375,1684400
2025-05-22 00:00:00-04:00,212.99528994057826,216.2857314955128,211.87555512989837,214.92044067382812,1512700
2025-05-23 00:00:00-04:00,210.6084789351332,214.15430835400107,210.53973104518096,212.75955200195312,1496300
2025-05-27 00:00:00-04:00,214.16413476147017,217.4840569936597,213.87929636886497,215.8535614013672,1917000
2025-05-28 00:00:00-04:00,215.86338472493532,215.86338472493532,212.65150786915063,213.28994750976562,1247400
2025-05-29 00:00:00-04:00,213.99715062922638,217.07151672547184,213.5355041231592,216.34466552734375,1461700
2025-05-30 00:00:00-04:00,215.5687257251875,215.5687257251875,212.09164399720373,214.22308349609375,2339100
2025-06-02 00:00:00-04:00,213.71231286603367,214.5373774797797,211.00137985477534,214.0167999267578,1374400
2025-06-03 00:00:00-04:00,212.7791997154181,216.54111960717663,211.3844433696894,215.87319946289062,2351900
2025-06-04 00:00:00-04:00,217.14027967728043,217.4644004273486,214.8811613465661,214.9990234375,1437000
2025-06-05 00:00:00-04:00,214.7731110695662,214.95973603420623,212.26843678304593,212.87741088867188,1961300
2025-06-06 00:00:00-04:00,215.54907833806783,217.0715287088755,215.22494258266616,215.70623779296875,1684200
2025-06-09 00:00:00-04:00,217.77873034745397,219.80210961120758,216.62952994000798,218.2305450439453,2146100
2025-06-10 00:00:00-04:00,219.7235222512134,224.1729961053016,219.4092183412097,223.90780639648438,2034000
2025-06-11 00:00:00-04:00,224.81144666438922,225.77402204246027,219.2618717571604,220.0181884765625,1927100
2025-06-12 00:00:00-04:00,219.99853925644834,221.8058429050156,218.33857820840242,221.0004119873047,1860500
2025-06-13 00:00:00-04:00,218.15197921930735,220.93166024109027,218.15197921930735,220.39144897460938,1888400
2025-06-16 00:00:00-04:00,221.9138730418781,224.65428654205488,221.29508208018467,222.73895263671875,1902400
2025-06-17 00:00:00-04:00,221.11826692137666,222.51302323338382,217.73941388944985,218.57431030273438,1778900
2025-06-18 00:00:00-04:00,218.5350283803924,221.98262930730223,218.3385715856563,219.33062744140625,1518200
2025-06-20 00:00:00-04:00,221.43260141795957,222.96486860153033,220.204821304515,222.0219268798828,2248200
2025-06-23 00:00:00-04:00,221.24096789049446,226.6681829780724,221.181656372383,226.60887145996094,2045000
2025-06-24 00:00:00-04:00,229.7426196282332,230.02931207476828,225.9168759125636,226.8856658935547,4670600
2025-06-25 00:00:00-04:00,216.08065554612895,223.38615421583322,213.6883287715583,219.4615478515625,8103700
2025-06-26 00:00:00-04:00,221.35959328222202,223.7321596221168,217.2867080958919,218.5421905517578,4787100
2025-06-27 00:00:00-04:00,220.1238871006205,226.8065847242786,219.64937986477176,226.29254150390625,4052900
2025-06-30 00:00:00-04:00,226.1343521254095,228.02251580054946,224.47356936994186,224.7108154296875,2599800
2025-07-01 00:00:00-04:00,223.81121136732455,234.58658379985252,223.61350129461,231.65054321289062,2720600
2025-07-02 00:00:00-04:00,232.89615265990764,236.74167201888395,231.8186198382507,236.4055633544922,2495800
2025-07-03 00:00:00-04:00,240.96283843084512,242.94984963739935,237.37434087154122,238.47164916992188,2410400
2025-07-07 00:00:00-04:00,237.7499983448929,239.5294192287857,231.81860545479162,232.40185546875,2609700
2025-07-08 00:00:00-04:00,233.13339538426956,237.15684898234232,232.31288423833163,235.98046875,1960300
2025-07-09 00:00:00-04:00,236.14852875152428,236.47475717289052,233.45962941569877,233.8056182861328,1938400
2025-07-10 00:00:00-04:00,234.17140696546048,237.61161077732194,233.91437027436749,236.000244140625,1940400
2025-07-11 00:00:00-04:00,234.4185358482289,234.8040757799987,231.88781064642598,233.3607635498047,1667400
2025-07-14 00:00:00-04:00,232.53037681438528,232.90603652926126,228.99131053408945,231.30455017089844,1433000
2025-07-15 00:00:00-04:00,231.3144468995411,232.0855267832101,228.02252197265625,228.02252197265625,1719900
2025-07-16 00:00:00-04:00,228.95177129051277,230.04907957711077,224.12756691926205,226.1343536376953,1906500
2025-07-17 00:00:00-04:00,226.3814985992676,227.56777417768512,223.8112222757693,225.75869750976562,1328900
2025-07-18 00:00:00-04:00,226.77691257960123,227.10314099452424,222.16031364898532,224.02870178222656,1776800
2025-07-21 00:00:00-04:00,224.78002208597997,226.06514513347756,223.08956848999054,223.1488800048828,1149400
2025-07-22 00:00:00-04:00,223.93973180000506,229.4954648421726,223.64315914599962,229.0506134033203,1833600
2025-07-23 00:00:00-04:00,230.53346335036684,236.97891440379553,228.83312954434388,235.17971801757812,2255100
2025-07-24 00:00:00-04:00,234.78430355023144,236.6526917203745,233.6178035141149,233.8056182861328,2079800
2025-07-25 00:00:00-04:00,235.47630088024607,240.85409965477837,234.82384402503166,240.41912841796875,1812800
2025-07-28 00:00:00-04:00,237.6214862520954,241.60540404126783,236.71200779515482,239.63816833496094,1624500
2025-07-29 00:00:00-04:00,237.53251027459308,238.88684014350736,231.5714616884611,231.85813903808594,2068900
2025-07-30 00:00:00-04:00,230.77072128131033,231.3243155203478,219.73832722856665,221.30026245117188,3617300
2025-07-31 00:00:00-04:00,220.1139981012904,222.49644457924273,218.4532002155537,220.93450927734375,2296200
2025-08-01 00:00:00-04:00,219.29347940612516,219.3033596304452,213.66853948408686,214.61756896972656,2213900
2025-08-04 00:00:00-04:00,215.5072757600366,216.00155850260552,213.6290073719997,215.00311279296875,1819900
2025-08-05 00:00:00-04:00,215.13161471497244,220.5983806071476,214.22213628440156,219.86685180664062,1972800
2025-08-06 00:00:00-04:00,220.86530444951694,225.2446575029655,219.11553927308714,223.86065673828125,2130700
2025-08-07 00:00:00-04:00,226.13435470184098,227.3700615581352,221.54741145464936,222.09112548828125,1454600
2025-08-08 00:00:00-04:00,223.43558077532197,226.0552733428802,219.8767389058914,225.44236755371094,1324800
2025-08-11 00:00:00-04:00,225.9267575274859,228.75405552085888,219.66915105388287,222.0417022705078,1522400
2025-08-12 00:00:00-04:00,224.41425105133834,230.89925346939626,223.4652366087141,227.78526306152344,1921000
2025-08-13 00:00:00-04:00,227.3700666117306,228.0917152082386,217.48441154165536,227.86434936523438,3386600
2025-08-14 00:00:00-04:00,225.80813351665577,230.68176935787596,224.45380358574388,228.42784118652344,1616800
2025-08-15 00:00:00-04:00,228.7936038846076,229.4559409657174,224.5032331945045,224.66139221191406,1798700
2025-08-18 00:00:00-04:00,222.704032433886,225.84767853668262,221.1915284405681,225.1161346435547,1318000
2025-08-19 00:00:00-04:00,226.73738302698627,231.91747166234282,226.0948214875714,230.4642791748047,1409800
2025-08-20 00:00:00-04:00,229.46581402921873,230.7608323924892,224.53288194574773,224.61196899414062,1285100
2025-08-21 00:00:00-04:00,223.722261812547,224.7009471138014,222.12079048714241,222.70404052734375,1431800
2025-08-22 00:00:00-04:00,224.18688504471893,235.3675585440257,224.18688504471893,234.09231567382812,1750400
2025-08-25 00:00:00-04:00,233.2223792053817,234.2900317932915,228.94188862874537,230.3357696533203,1470300
2025-08-26 00:00:00-04:00,229.84147465529068,230.16770307459632,227.33052496712165,228.45748901367188,1743800
2025-08-27 00:00:00-04:00,228.19058430473007,230.1973711344797,227.57767849987442,229.5548095703125,1083900
2025-08-28 00:00:00-04:00,230.32588319733995,230.32588319733995,225.42259163932624,228.62554931640625,1400500
2025-08-29 00:00:00-04:00,228.8924531018092,230.49393949621114,227.34041308441795,228.42784118652344,1485500
2025-09-02 00:00:00-04:00,223.4059085188651,224.6020642503183,220.29191834199466,221.61659240722656,2077300
2025-09-03 00:00:00-04:00,222.42724278268204,223.5146708922336,220.95427472234633,222.7633514404297,1723900
2025-09-04 00:00:00-04:00,223.1093560133058,223.1093560133058,218.77943418173007,222.70404052734375,1773800
2025-09-05 00:00:00-04:00,221.8934165757339,227.03395410810475,221.79455399298527,225.1161346435547,1665400
2025-09-08 00:00:00-04:00,225.83245744811578,225.83245744811578,220.92759036075736,223.85260009765625,2092700
2025-09-09 00:00:00-04:00,223.315370449161,225.4544004282026,222.85770954457365,224.59878540039062,1192900
2025-09-10 00:00:00-04:00,224.49928849680836,226.83731071029192,223.38500481088084,224.53909301757812,1446200
2025-09-11 00:00:00-04:00,221.186278908655,229.13552391691286,221.186278908655,227.64317321777344,1931400
2025-09-12 00:00:00-04:00,226.1010791738313,229.7722643992227,225.83246697268802,228.37940979003906,1688800
2025-09-15 00:00:00-04:00,230.53834173109587,231.4039002956305,224.5092472174891,224.53909301757812,2151500
2025-09-16 00:00:00-04:00,227.6232714852842,228.82710773167608,224.68831813970363,226.53883361816406,1833700
2025-09-17 00:00:00-04:00,224.36996292934805,231.68247242792881,223.22581825637536,224.62863159179688,3123300
2025-09-18 00:00:00-04:00,226.71792294469068,227.93170272712504,223.63372542913262,225.34495544433594,6374100
2025-09-19 00:00:00-04:00,227.1357727981541,234.1199781164093,224.09137988995917,230.56817626953125,8388400
2025-09-22 00:00:00-04:00,228.8370477696695,229.82200468346434,224.30030413214692,228.9464874267578,3850600
2025-09-23 00:00:00-04:00,229.48374895863677,234.62738263193214,229.22506511733724,232.50823974609375,2879700
2025-09-24 00:00:00-04:00,232.06053316656917,234.67712624410893,232.0406309066211,232.5579833984375,1687000
2025-09-25 00:00:00-04:00,232.160034134183,235.51284390908918,231.3143626499538,235.21437072753906,1768800
2025-09-26 00:00:00-04:00,235.7914130913759,240.7659154772699,233.43350381837462,236.60723876953125,2298200
2025-09-29 00:00:00-04:00,237.82099702206833,238.19906405119323,233.15492666096512,235.37355041503906,1304500
2025-09-30 00:00:00-04:00,233.83146173981393,234.71692257166487,230.71741833768604,234.60748291015625,1444100
2025-10-01 00:00:00-04:00,233.81155820049676,239.02484222233957,233.1051873554218,238.3284149169922,1432400
2025-10-02 00:00:00-04:00,238.60698191149166,244.12868256474172,237.7812126983951,241.08428955078125,1761300
2025-10-03 00:00:00-04:00,241.84041332557533,244.40725841568135,241.52203788138695,243.36260986328125,1739400
2025-10-06 00:00:00-04:00,243.50189179830355,248.81465670319582,242.36770586151783,245.770263671875,2034400
2025-10-07 00:00:00-04:00,246.41694681001178,247.6008808255931,240.9847986197851,241.09423828125,1377300
2025-10-08 00:00:00-04:00,236.97534954241024,241.124082753495,235.7914155333498,238.7064666748047,1636700
2025-10-09 00:00:00-04:00,240.27840802639935,241.36286108067284,234.51794096118994,235.79141235351562,1254700
2025-10-10 00:00:00-04:00,237.29370524837537,237.43299070670963,223.4645948102715,223.4844970703125,2436200
2025-10-13 00:00:00-04:00,226.00158943596972,229.56333486191858,224.97684318889512,228.4788818359375,1351200
2025-10-14 00:00:00-04:00,226.8373126454834,233.901112225694,225.8523556912132,233.47329711914062,1227700
2025-10-15 00:00:00-04:00,234.28911746252635,236.25901614511892,230.14038431872882,234.5975341796875,1453500
2025-10-16 00:00:00-04:00,235.79141117808206,237.78121211629374,231.81180930165874,235.70187377929688,1414600
2025-10-17 00:00:00-04:00,235.7018652715008,238.67660785092727,234.85619383089528,236.5873260498047,1592000
2025-10-20 00:00:00-04:00,236.96538926730838,240.3679622714384,236.5574916076585,238.5870819091797,893300
2025-10-21 00:00:00-04:00,237.6817133023636,244.97433547994908,237.15441727419363,241.60162353515625,1142200
2025-10-22 00:00:00-04:00,242.42738783106373,243.94958428625674,237.98018166009558,238.18911743164062,1092400
2025-10-23 00:00:00-04:00,238.94524528616344,240.17892734045503,233.33400721376537,236.9554443359375,1311500
2025-10-24 00:00:00-04:00,238.4676961244661,240.99473663907318,237.22407053675119,239.9202423095703,1105300
2025-10-27 00:00:00-04:00,243.52178804718892,247.20291668581947,243.05418361996269,246.07867431640625,1586200
2025-10-28 00:00:00-04:00,249.720022716671,252.7047241834041,248.12817586202263,248.2774200439453,1792100
2025-10-29 00:00:00-04:00,247.77997097036715,251.33175783845556,246.73532241587878,248.36695861816406,1488500
2025-10-30 00:00:00-04:00,247.78991015711466,251.40140374339555,246.84475774098212,247.6605682373047,1767600
2025-10-31 00:00:00-04:00,246.68557381659144,254.22692136343116,246.24781517140113,252.52565002441406,1642600
2025-11-03 00:00:00-05:00,251.51084136004337,253.35139811735596,248.55598575544727,251.6998748779297,1591900
2025-11-04 00:00:00-05:00,249.72001800667925,253.98813434397653,249.72001800667925,250.5955352783203,1602600
2025-11-05 00:00:00-05:00,250.36670228038105,257.8682604776545,248.97384766652544,254.7940216064453,1682200
2025-11-06 00:00:00-05:00,254.7740949440786,259.97743524968,254.64476820810054,257.5399169921875,2224400
2025-11-07 00:00:00-05:00,257.52002210828346,262.16622044768627,256.9529215797273,260.7534484863281,1648800
2025-11-10 00:00:00-05:00,260.6639191751155,261.1215648830076,252.3962988241281,252.59527587890625,2020800
2025-11-11 00:00:00-05:00,253.28177469784623,268.94151425471875,252.70473057795883,266.3547668457031,3520100
2025-11-12 00:00:00-05:00,266.772630715056,270.58308621468086,266.03638370976995,267.2999267578125,1751100
2025-11-13 00:00:00-05:00,268.4838227920207,269.81701612311616,265.210622148612,265.9766845703125,1308100
2025-11-14 00:00:00-05:00,264.14606418363655,268.31469941458676,263.0417392799954,266.195556640625,1576800
2025-11-17 00:00:00-05:00,264.65347623381325,267.32976085115854,261.6588161882298,263.3800048828125,1770000
2025-11-18 00:00:00-05:00,261.0917240846534,263.5988927105883,258.4652026217131,261.7384033203125,1550000
2025-11-19 00:00:00-05:00,261.7383966490466,264.2356064907678,259.5197880803975,261.23101806640625,1035300
2025-11-20 00:00:00-05:00,264.1460864599738,269.3892012383108,261.64887645407487,261.7583312988281,1572500
2025-11-21 00:00:00-05:00,262.0866273659594,270.21497768423484,261.7782106446959,268.0560302734375,1723400
2025-11-24 00:00:00-05:00,267.4391847185008,269.05091857261147,264.5241337175748,265.6185302734375,1920400
2025-11-25 00:00:00-05:00,267.5784953296366,273.5976310683593,266.663173531894,272.473388671875,1270400
2025-11-26 00:00:00-05:00,272.90117392836936,275.18946311881126,271.20986142616596,274.4233703613281,1024400
2025-11-28 00:00:00-05:00,273.83638079228757,275.45807332832874,273.00066808625644,274.2741394042969,506700
2025-12-01 00:00:00-05:00,273.66726408547,274.49301806958897,271.32924204086646,271.9460754394531,1227100
2025-12-02 00:00:00-05:00,271.6078346097809,272.0455932556907,265.9070438541515,268.9912414550781,1615300
2025-12-03 00:00:00-05:00,269.5085899135035,272.8116362397569,267.33968391826585,269.0708312988281,1707800
2025-12-04 00:00:00-05:00,270.3642068491671,274.4233874694646,264.6435290593503,272.6524658203125,2046600
2025-12-05 00:00:00-05:00,272.5927775028185,275.1894835886389,271.60783572644885,272.8912658691406,1034000
2025-12-08 00:00:00-05:00,276.0749196681534,278.1045251133299,274.64226057296446,275.2292785644531,1310500
2025-12-09 00:00:00-05:00,275.0899679550461,276.79123918318663,273.57773023691584,273.7269592285156,866200
2025-12-10 00:00:00-05:00,274.1149546857648,284.0341131563121,273.8960753773715,282.8601379394531,1310000
2025-12-11 00:00:00-05:00,283.2083755888234,286.969098206122,282.8999588675546,283.3277587890625,1357600
2025-12-12 00:00:00-05:00,284.5415224852218,286.07367764610404,281.7558134308464,282.8899841308594,1224300
2025-12-15 00:00:00-05:00,282.29998779296875,283.0,278.70001220703125,281.2300109863281,2001000
2025-12-16 00:00:00-05:00,282.010009765625,284.0899963378906,280.8500061035156,282.4599914550781,1630700
2025-12-17 00:00:00-05:00,282.45001220703125,285.0,281.3699951171875,282.2099914550781,1559700
2025-12-18 00:00:00-05:00,283.1400146484375,288.04998779296875,281.6000061035156,287.1199951171875,4062500
2025-12-19 00:00:00-05:00,272.05999755859375,290.55999755859375,270.79998779296875,288.7799987792969,5704800
2025-12-22 00:00:00-05:00,287.489990234375,292.8800048828125,286.4700012207031,292.7799987792969,2401700
2025-12-23 00:00:00-05:00,293.0,295.44000244140625,290.8299865722656,295.2099914550781,1725200
2025-12-24 00:00:00-05:00,294.3699951171875,296.1000061035156,292.7200012207031,295.8999938964844,644000
2025-12-26 00:00:00-05:00,295.3299865722656,296.6400146484375,294.2099914550781,296.3299865722656,700400
2025-12-29 00:00:00-05:00,296.0,297.0,291.1099853515625,292.8900146484375,1356800
2025-12-30 00:00:00-05:00,292.5799865722656,294.6499938964844,290.7699890136719,291.05999755859375,927600
2025-12-31 00:00:00-05:00,291.1199951171875,291.4800109863281,288.79998779296875,288.8599853515625,802200
2026-01-02 00:00:00-05:00,288.92999267578125,293.3999938964844,287.75,293.1300048828125,1299800
2026-01-05 00:00:00-05:00,292.0400085449219,298.0,291.3800048828125,297.4599914550781,1682000
2026-01-06 00:00:00-05:00,297.1300048828125,308.1000061035156,297.1300048828125,307.92999267578125,3027000
2026-01-07 00:00:00-05:00,305.8999938964844,310.6400146484375,304.4100036621094,307.3299865722656,1970100
2026-01-08 00:00:00-05:00,306.2799987792969,315.3999938964844,304.54998779296875,309.010009765625,2495200
2026-01-09 00:00:00-05:00,314.0199890136719,318.8299865722656,309.010009765625,312.3599853515625,2241900
2026-01-12 00:00:00-05:00,310.4700012207031,313.45001220703125,308.510009765625,311.9200134277344,1354500
2026-01-13 00:00:00-05:00,310.6000061035156,312.1199951171875,308.0299987792969,309.6600036621094,1425800
2026-01-14 00:00:00-05:00,309.1199951171875,313.67999267578125,308.489990234375,313.54998779296875,1674200
2026-01-15 00:00:00-05:00,316.0,318.0,312.5199890136719,313.1600036621094,1893800
2026-01-16 00:00:00-05:00,313.0,314.9100036621094,307.4800109863281,308.17999267578125,2018400
2026-01-20 00:00:00-05:00,305.1700134277344,309.989990234375,300.1099853515625,301.0299987792969,2842100
2026-01-21 00:00:00-05:00,301.8500061035156,309.7200012207031,299.25,306.95001220703125,1924200
2026-01-22 00:00:00-05:00,308.239990234375,311.4700012207031,307.19000244140625,309.80999755859375,1414500
2026-01-23 00:00:00-05:00,308.75,309.80999755859375,302.4200134277344,304.2099914550781,1741600
2026-01-26 00:00:00-05:00,305.2200012207031,306.0799865722656,300.94000244140625,304.4700012207031,1513100
2026-01-27 00:00:00-05:00,305.0,314.1300048828125,303.8500061035156,312.4200134277344,2121300
2026-01-28 00:00:00-05:00,311.7300109863281,317.489990234375,311.70001220703125,314.6499938964844,1393500
2026-01-29 00:00:00-05:00,317.239990234375,319.92999267578125,314.45001220703125,319.92999267578125,1641400
2026-01-30 00:00:00-05:00,315.54998779296875,322.75,315.54998779296875,322.25,2588600
2026-02-02 00:00:00-05:00,321.8500061035156,335.6099853515625,321.5,335.29998779296875,2604300
2026-02-03 00:00:00-05:00,343.3399963378906,355.1499938964844,342.29998779296875,353.42999267578125,3995500
2026-02-04 00:00:00-05:00,356.1199951171875,365.3500061035156,355.55999755859375,362.5400085449219,2531500
2026-02-05 00:00:00-05:00,362.0,366.4599914550781,357.25,363.9599914550781,2339500
2026-02-06 00:00:00-05:00,364.0799865722656,370.8599853515625,362.32000732421875,369.2300109863281,2195600
