date,open,high,low,close,volume
2006-02-13 00:00:00-05:00,16.520258548386128,16.6643138196141,16.23214800593018,16.479923248291016,54300
2006-02-14 00:00:00-05:00,16.53754847046397,17.17715323928221,16.347395523130764,17.136817932128906,24600
2006-02-15 00:00:00-05:00,16.98699789961525,17.280870794843995,16.900564953737277,17.24629783630371,11100
2006-02-16 00:00:00-05:00,17.11377221963839,17.522888795250697,17.01005221481981,17.482553482055664,46200
2006-02-17 00:00:00-05:00,17.574749781662085,17.574749781662085,17.205968498596913,17.459505081176758,24500
2006-02-21 00:00:00-05:00,17.424931674547192,17.57474934180656,17.108010404726738,17.373071670532227,31600
2006-02-22 00:00:00-05:00,17.407641564157796,17.764899184347506,17.31544626199039,17.6208438873291,18700
2006-02-23 00:00:00-05:00,17.534413435466305,17.713041721568654,17.43069343093757,17.58051109313965,24500
2006-02-24 00:00:00-05:00,17.424932190056527,17.747615814208984,17.298163898188935,17.747615814208984,22900
2006-02-27 00:00:00-05:00,17.747616138807402,18.035726797548136,17.666945506057576,17.978105545043945,18600
2006-02-28 00:00:00-05:00,17.79947573864806,17.816762773437333,17.292401474433447,17.459505081176758,22900
2006-03-01 00:00:00-05:00,17.580509911794945,17.85709583924946,17.30392398434043,17.828285217285156,24800
2006-03-02 00:00:00-05:00,17.58626721479,17.79946839394192,17.51135786066838,17.689987182617188,23600
2006-03-03 00:00:00-05:00,17.59779497650566,18.00691147773353,17.488312646985737,17.759136199951172,25100
2006-03-06 00:00:00-05:00,17.718805791614102,17.718805791614102,17.275115106392363,17.321212768554688,24400
2006-03-07 00:00:00-05:00,17.269349313108567,17.38459399503122,16.963952774406597,16.969715118408203,16200
2006-03-08 00:00:00-05:00,16.96395487457592,17.194443167901365,16.889045492335853,17.061912536621094,14700
2006-03-09 00:00:00-05:00,17.015821029030395,17.194449383548385,16.95819866010532,16.981246948242188,22300
2006-03-10 00:00:00-05:00,16.986999933746276,17.229012870617492,16.91785400838574,17.171390533447266,13600
2006-03-13 00:00:00-05:00,17.182917250765435,17.3154478725765,17.067673661864212,17.142581939697266,12100
2006-03-14 00:00:00-05:00,17.182912990493286,17.574743513528883,17.09071770260897,17.568981170654297,25300
2006-03-15 00:00:00-05:00,17.568985550840104,17.63813258351989,17.240539618484405,17.62660789489746,14200
2006-03-16 00:00:00-05:00,17.713040659424287,17.84557127990623,17.471027696387583,17.534412384033203,23300
2006-03-17 00:00:00-05:00,17.620849593629227,18.035728587736113,17.4652695586935,17.839813232421875,413800
2006-03-20 00:00:00-05:00,17.839806835124207,18.145204449847686,17.718800917381014,18.024198532104492,83300
2006-03-21 00:00:00-05:00,17.862855911254883,18.122155872169145,17.799471232130365,17.862855911254883,64100
2006-03-22 00:00:00-05:00,17.851325985578182,18.145198822021484,17.851325985578182,18.145198822021484,48900
2006-03-23 00:00:00-05:00,18.127832803982542,18.243666046142575,18.06412551499542,18.098875045776367,26800
2006-03-24 00:00:00-05:00,18.185746844573078,18.394246209008795,18.12783023171121,18.38845443725586,25300
2006-03-27 00:00:00-05:00,18.26682815362357,18.440576864800853,18.22049398566444,18.295785903930664,28800
2006-03-28 00:00:00-05:00,18.203127521703014,18.533250876188262,18.116253129154448,18.162586212158203,15400
2006-03-29 00:00:00-05:00,18.1973307627279,18.7243709564209,18.1973307627279,18.7243709564209,34200
2006-03-30 00:00:00-05:00,18.3884512178734,18.45795136207331,18.133618828696807,18.347909927368164,55000
2006-03-31 00:00:00-05:00,18.469539036961663,18.631704244973676,18.127832199125457,18.6201229095459,22900
2006-04-03 00:00:00-04:00,18.712788878774106,18.712788878774106,18.127832025197023,18.26683235168457,24300
2006-04-04 00:00:00-04:00,18.156786714055364,18.504285241077294,18.156786714055364,18.295785903930664,19600
2006-04-05 00:00:00-04:00,18.30737776649498,18.446377019544464,18.06992057111863,18.43479347229004,14700
2006-04-06 00:00:00-04:00,18.289999048952463,18.55062218576911,18.208916442565194,18.405832290649414,17100
2006-04-07 00:00:00-04:00,18.5853702756442,18.706994168567608,17.72820793941941,17.768749237060547,35300
2006-04-10 00:00:00-04:00,17.693455589034084,18.08149542178719,17.66449783772445,17.699247360229492,44100
2006-04-11 00:00:00-04:00,17.66450837746965,17.77454988650521,17.66450837746965,17.68767547607422,24600
2006-04-12 00:00:00-04:00,17.577624350491902,17.774540162227733,17.46179113017643,17.762956619262695,126900
2006-04-13 00:00:00-04:00,18.388457325812585,18.486915251743802,18.179957928624674,18.26104164123535,46200
2006-04-17 00:00:00-04:00,18.41742130071511,18.43479662456786,18.098881429424463,18.353713989257812,31400
2006-04-18 00:00:00-04:00,18.31316955105628,19.100831985473633,18.2262940512641,19.100831985473633,84800
2006-04-19 00:00:00-04:00,19.00815068398876,19.106609652657326,18.817027829672327,18.967609405517578,37200
2006-04-20 00:00:00-04:00,19.054504634246726,19.054504634246726,18.637505668889247,18.811254501342773,21100
2006-04-21 00:00:00-04:00,19.05449544945941,19.06028611703755,18.42320553068464,18.533246994018555,67800
2006-04-24 00:00:00-04:00,18.44637416719304,18.44637416719304,18.24945831298828,18.24945831298828,30600
2006-04-25 00:00:00-04:00,18.342128051607794,18.38846113784715,17.95408804010273,18.02937889099121,40200
2006-04-26 00:00:00-04:00,18.040964787916693,18.469546167605298,18.040964787916693,18.353713989257812,27400
2006-04-27 00:00:00-04:00,18.168374973427053,18.979204343896857,17.942500264647833,18.052541732788086,134000
2006-04-28 00:00:00-04:00,17.896169856542436,18.446376174577917,17.606587816453825,18.429000854492188,26500
2006-05-01 00:00:00-04:00,18.45795352864406,18.60853627152965,18.33632853818486,18.394245147705078,33900
2006-05-02 00:00:00-04:00,18.440591764832934,18.90971565246582,18.342133787700284,18.90971565246582,33600
2006-05-03 00:00:00-04:00,18.747539478144514,18.91549758107765,18.56220716088571,18.741748809814453,61100
2006-05-04 00:00:00-04:00,18.79387236215249,18.822830120470762,18.58537296732439,18.591163635253906,97700
2006-05-05 00:00:00-04:00,18.741747427663825,18.81703936641499,18.57958221435547,18.57958221435547,31800
2006-05-08 00:00:00-04:00,18.68962067769779,18.68962067769779,18.428996461871677,18.527454376220703,28800
2006-05-09 00:00:00-04:00,18.417417703339908,18.556418057675586,18.36529284663099,18.400043487548828,27700
2006-05-10 00:00:00-04:00,18.382664568922355,18.486914261934672,17.930916267424863,18.017791748046875,21400
2006-05-11 00:00:00-04:00,17.901954329417922,17.971454476750598,17.62395594942195,17.739788055419922,46100
2006-05-12 00:00:00-04:00,17.606585177513665,17.734001963042356,17.479169496652624,17.623960494995117,43500
2006-05-15 00:00:00-04:00,17.450212592929837,17.849836102518882,17.450212592929837,17.745586395263672,33400
2006-05-16 00:00:00-04:00,17.78612895623782,17.942503528142513,17.762962966697042,17.780338287353516,12600
2006-05-17 00:00:00-04:00,17.571829141378196,17.95407714710446,17.455995943723526,17.925119400024414,33900
2006-05-18 00:00:00-04:00,18.012004227409353,18.197336567770925,17.901962736069212,17.99462890625,78000
2006-05-19 00:00:00-04:00,17.849826703704245,18.22049115240051,17.83824316351569,18.174158096313477,60100
2006-05-22 00:00:00-04:00,18.011999825054886,18.388456187487243,17.681876536388547,18.093082427978516,81500
2006-05-23 00:00:00-04:00,18.214700486973424,18.457949307597147,18.087283754233688,18.174158096313477,35600
2006-05-24 00:00:00-04:00,18.03516790736478,18.596957734873417,17.791918965632775,18.510082244873047,54500
2006-05-25 00:00:00-04:00,18.64908564170422,18.788083797269966,18.51587705072919,18.683834075927734,26100
2006-05-26 00:00:00-04:00,18.77070281170447,18.788077022551327,18.382662935890117,18.492704391479492,42200
2006-05-30 00:00:00-04:00,18.39424879853353,18.666455481237534,18.023584191503787,18.040958404541016,27300
2006-05-31 00:00:00-04:00,17.919337770814725,18.533251414616906,17.919337770814725,18.43479347229004,44400
2006-06-01 00:00:00-04:00,18.43478896254478,19.037118911743164,18.43478896254478,19.037118911743164,53500
2006-06-02 00:00:00-04:00,19.05449332050678,19.112408827158124,18.828617542162633,18.91549301147461,40200
2006-06-05 00:00:00-04:00,18.822827660870235,18.88653604644679,18.12203983819825,18.127830505371094,58100
2006-06-06 00:00:00-04:00,18.12204241133264,18.46374816109284,17.959876090778966,18.26104164123535,39100
2006-06-07 00:00:00-04:00,18.353708560701982,18.921287944664932,18.33633324198841,18.463748931884766,39800
2006-06-08 00:00:00-04:00,18.36528904659651,18.915495262604047,18.08149883249468,18.77070426940918,60700
2006-06-09 00:00:00-04:00,18.85758804558381,18.938670683952157,18.405839550385675,18.614337921142578,17500
2006-06-12 00:00:00-04:00,18.353707442352555,18.75912157895656,18.289999048952463,18.405832290649414,22900
2006-06-13 00:00:00-04:00,18.38845863054422,18.90970716049858,18.226292298484225,18.301584243774414,55400
2006-06-14 00:00:00-04:00,18.35370916887257,18.521666169998312,18.133626209878848,18.423208236694336,72700
2006-06-15 00:00:00-04:00,18.625917553970194,19.095041275024414,18.585376243311455,19.095041275024414,29800
2006-06-16 00:00:00-04:00,19.008172787247453,19.10663187040712,18.27263383643929,18.307384490966797,221800
2006-06-19 00:00:00-04:00,18.400045322253234,18.44637841009581,18.00042174919356,18.046754837036133,42800
2006-06-20 00:00:00-04:00,18.03516491617101,18.214706534704295,17.635542588986098,17.658708572387695,69900
2006-06-21 00:00:00-04:00,17.600794791130838,18.156792842979566,17.600794791130838,17.844043731689453,31000
2006-06-22 00:00:00-04:00,17.65191901725372,17.90808174393275,17.32007242905557,17.69849395751953,30900
2006-06-23 00:00:00-04:00,17.646107815957578,17.657751835762422,17.419054981937343,17.56460189819336,23700
2006-06-26 00:00:00-04:00,17.67520908563796,18.053630657842746,17.64027704357527,17.98958969116211,53700
2006-06-27 00:00:00-04:00,17.972128238720497,18.065278147942774,17.407405664821635,17.459802627563477,51200
2006-06-28 00:00:00-04:00,17.436520842728815,17.53549278924151,17.290973927882778,17.413232803344727,38200
2006-06-29 00:00:00-04:00,17.500555832160632,18.583424930884014,17.494733823944056,18.536849975585938,68300
2006-06-30 00:00:00-04:00,18.455339064040473,18.903623580932617,18.210820337593322,18.903623580932617,136900
2006-07-03 00:00:00-04:00,18.58342057032136,18.810474395751953,18.501914695283553,18.810474395751953,19500
2006-07-05 00:00:00-04:00,18.58342057032136,18.833760202285234,18.356367855325033,18.810474395751953,31100
2006-07-06 00:00:00-04:00,18.740615694149312,18.76972684719392,18.338907100042242,18.4786319732666,45600
2006-07-07 00:00:00-04:00,18.391300032983604,18.915269580708536,18.16424730259236,18.327259063720703,51900
2006-07-10 00:00:00-04:00,18.269042762403398,18.670752437352665,18.094386961347805,18.635820388793945,32100
2006-07-11 00:00:00-04:00,18.560137283365595,18.96767009394541,18.338906518715156,18.956026077270508,63300
2006-07-12 00:00:00-04:00,18.85122620924872,18.90362315734431,18.338900741299426,18.344722747802734,83800
2006-07-13 00:00:00-04:00,18.338898391144742,18.45533628542087,18.111845718783755,18.24574851989746,48500
2006-07-14 00:00:00-04:00,18.20499852157306,18.44369524388569,18.007054735689284,18.391298294067383,33200
2006-07-17 00:00:00-04:00,18.25158099487252,18.635823601345905,18.158431070193874,18.303977966308594,103800
2006-07-18 00:00:00-04:00,18.612528120581718,18.653282165527344,18.21081967145394,18.653282165527344,45600
2006-07-19 00:00:00-04:00,18.629995784240712,19.753617582647216,18.507736969915086,19.270401000976562,74900
2006-07-20 00:00:00-04:00,19.14814119694554,19.206361263283224,18.717323810388926,18.903623580932617,36300
2006-07-21 00:00:00-04:00,18.7813620280633,18.97348491031481,18.76972023598901,18.827938079833984,132800
2006-07-24 00:00:00-04:00,18.85123904187566,19.695411682128906,18.85123904187566,19.695411682128906,58300
2006-07-25 00:00:00-04:00,19.70704642071659,19.765266504520373,19.38684373283767,19.5382137298584,43700
2006-07-26 00:00:00-04:00,19.392660491452652,19.637178100626908,19.095743713605764,19.40430450439453,40900
2006-07-27 00:00:00-04:00,19.555679456362586,19.637185356202252,19.177256668970752,19.212188720703125,31200
2006-07-28 00:00:00-04:00,19.410124348259693,19.939914693620427,19.410124348259693,19.823476791381836,37500
2006-07-31 00:00:00-04:00,19.520738279769468,19.80018790039367,19.270397578214173,19.74197006225586,55400
2006-08-01 00:00:00-04:00,19.677931209476757,19.677931209476757,19.21800268811379,19.235469818115234,15500
2006-08-02 00:00:00-04:00,19.41595214624308,19.654648931296837,19.3635551826523,19.45670509338379,13900
2006-08-03 00:00:00-04:00,19.37519724037432,19.928275751059495,19.14232359752239,19.80601692199707,53500
2006-08-04 00:00:00-04:00,19.969025556852852,20.114572393595026,19.264579400029156,19.596426010131836,30500
2006-08-07 00:00:00-04:00,19.433411526718206,19.654641088383734,19.357726560428333,19.63135528564453,18300
2006-08-08 00:00:00-04:00,19.683757207624716,19.683757207624716,18.903625986377367,18.973487854003906,35500
2006-08-09 00:00:00-04:00,19.229649321906383,19.357731261986988,18.560134026661373,18.59506607055664,39700
2006-08-10 00:00:00-04:00,18.542665898726398,19.060813355617835,18.292325179739663,18.979305267333984,27000
2006-08-11 00:00:00-04:00,18.827938604764043,19.037526401838754,18.560131851786995,18.670747756958008,16500
2006-08-14 00:00:00-04:00,18.629998258842054,19.223829719846908,18.600889330736386,18.775545120239258,19800
2006-08-15 00:00:00-04:00,19.142326214586447,19.561499717375213,18.90945031902781,19.47999382019043,25400
2006-08-16 00:00:00-04:00,19.52656567124501,20.05053299180709,19.340265883373785,19.934097290039062,33800
2006-08-17 00:00:00-04:00,19.80019193272165,20.021423760262113,19.52074225518725,19.578962326049805,21900
2006-08-18 00:00:00-04:00,19.68375623273378,19.707042040210183,19.491633330190286,19.578962326049805,24000
2006-08-21 00:00:00-04:00,19.38102098984039,19.561497680278162,19.252939038534436,19.305335998535156,13900
2006-08-22 00:00:00-04:00,19.188894442578416,19.485811233520508,19.12485347900783,19.485811233520508,29700
2006-08-23 00:00:00-04:00,19.532380311495576,19.654639091712024,19.107383917742247,19.171424865722656,17000
2006-08-24 00:00:00-04:00,19.328617961963644,19.410123825073242,19.13649509531827,19.410123825073242,30500
2006-08-25 00:00:00-04:00,19.22382304798104,19.584778517128758,19.22382304798104,19.381013870239258,16600
2006-08-28 00:00:00-04:00,19.5207410530183,19.5207410530183,19.351908410085862,19.485811233520508,17900
2006-08-29 00:00:00-04:00,19.503271360863046,20.08545856566493,19.439230412995972,20.02141761779785,49800
2006-08-30 00:00:00-04:00,19.829297021506445,20.289223226053597,19.654639083138626,20.137855529785156,16700
2006-08-31 00:00:00-04:00,20.295054982024833,20.335807926095654,19.852591273728926,19.881702423095703,136500
2006-09-01 00:00:00-04:00,20.07382705242244,20.196085908537196,20.009786064685382,20.050539016723633,14800
2006-09-05 00:00:00-04:00,20.20189190560219,20.20189190560219,19.870045451196244,20.003948211669922,20100
2006-09-06 00:00:00-04:00,19.870049658922326,20.003952447751555,19.468339071566724,19.503271102905273,24500
2006-09-07 00:00:00-04:00,19.398482606655882,19.450879557753208,19.03170394897461,19.03170394897461,32600
2006-09-08 00:00:00-04:00,18.990955667232186,19.148146559059906,18.833764775404465,19.119037628173828,26000
2006-09-11 00:00:00-04:00,19.06664590365418,19.200548799221284,18.79301699222115,19.04918098449707,14200
2006-09-12 00:00:00-04:00,19.177253085195417,19.823481485829692,19.177253085195417,19.79437255859375,39700
2006-09-13 00:00:00-04:00,19.79437255859375,19.79437255859375,19.573140714036796,19.79437255859375,35500
2006-09-14 00:00:00-04:00,19.643004804445596,19.79437255859375,19.54985490476932,19.79437255859375,23200
2006-09-15 00:00:00-04:00,19.87586735560213,19.96901720331548,19.503267964748723,19.922443389892578,101400
2006-09-18 00:00:00-04:00,19.771086246150464,19.934100250398043,19.61971847885162,19.846771240234375,38200
2006-09-19 00:00:00-04:00,19.79437625769413,19.79437625769413,19.04917692102379,19.212188720703125,54700
2006-09-20 00:00:00-04:00,19.42758925629159,19.823476791381836,19.316974470642474,19.823476791381836,30000
2006-09-21 00:00:00-04:00,19.852586402720416,19.99813323036754,19.43341304928717,19.613889694213867,18900
2006-09-22 00:00:00-04:00,19.456703431469517,19.56732046786217,19.031706861254296,19.17725372314453,29700
2006-09-25 00:00:00-04:00,19.1947199127278,19.718687257241573,19.06663796988568,19.6721134185791,43300
2006-09-26 00:00:00-04:00,19.408880103942778,19.58436681792193,19.32698645284815,19.438127517700195,18900
2006-09-27 00:00:00-04:00,19.309435521337157,19.60776493260715,19.262640107304044,19.596065521240234,16300
2006-09-28 00:00:00-04:00,19.742307465299977,19.742307465299977,19.145650794132063,19.508323669433594,29700
2006-09-29 00:00:00-04:00,19.43228245079748,19.520024707978322,18.9994130618262,19.022811889648438,27700
2006-10-02 00:00:00-04:00,19.057900755536778,19.057900755536778,18.484642028808594,18.484642028808594,30200
2006-10-03 00:00:00-04:00,18.61918812350812,18.98771067833318,18.426152287034547,18.76542854309082,38600
2006-10-04 00:00:00-04:00,18.695234912429736,19.250944797877423,18.671837200427657,19.24509620666504,39400
2006-10-05 00:00:00-04:00,19.116409608866295,19.572675704956055,19.05791475654961,19.572675704956055,31000
2006-10-06 00:00:00-04:00,19.584362710373288,20.028931339408636,19.321131578896328,19.87099266052246,53600
2006-10-09 00:00:00-04:00,20.005530901095646,20.005530901095646,19.37962705660904,19.80079460144043,41300
2006-10-10 00:00:00-04:00,19.865139394855483,19.865139394855483,19.338679428139855,19.69550132751465,19900
2006-10-11 00:00:00-04:00,19.54341684373983,19.794948578111764,19.19244347232676,19.28018569946289,29100
2006-10-12 00:00:00-04:00,19.449834900934935,19.824207305908203,19.15150758804547,19.824207305908203,96200
2006-10-13 00:00:00-04:00,19.91195026432062,20.005543358277194,19.648718990244202,19.947046279907227,25800
2006-10-16 00:00:00-04:00,19.976291911517198,20.16347806173042,19.765706934668586,20.128379821777344,22300
2006-10-17 00:00:00-04:00,19.92365198630541,20.29217358123613,19.742314369520393,20.12253761291504,20200
2006-10-18 00:00:00-04:00,20.20441957199616,20.20441957199616,19.572664807816533,19.666257858276367,31800
2006-10-19 00:00:00-04:00,19.560965939026893,19.929489561665733,19.560965939026893,19.759851455688477,26900
2006-10-20 00:00:00-04:00,20.181030183662372,20.181030183662372,19.467381445717017,19.47323226928711,20700
2006-10-23 00:00:00-04:00,19.461523205839068,19.461523205839068,18.90581350823981,19.28018569946289,65800
2006-10-24 00:00:00-04:00,19.157345757612223,19.531717958899428,19.157345757612223,19.525869369506836,22200
2006-10-25 00:00:00-04:00,19.53171648159385,19.64870834350586,19.26263676120014,19.64870834350586,18800
2006-10-26 00:00:00-04:00,19.6604091027702,20.093276120701884,19.467372182645892,20.06987953186035,23300
2006-10-27 00:00:00-04:00,19.929489561665733,20.069880256958665,19.514170528218852,19.759851455688477,24200
2006-10-30 00:00:00-05:00,19.63116238997206,19.99968378094338,19.449824873548906,19.68965721130371,22600
2006-10-31 00:00:00-05:00,19.596069996331103,19.701362491244105,19.356237587125943,19.590221405029297,20600
2006-11-01 00:00:00-05:00,19.73645758081786,19.742306171185458,18.970162819449428,19.016958236694336,33400
2006-11-02 00:00:00-05:00,19.011110437532608,19.438128958049624,18.71863181541672,19.122251510620117,39600
2006-11-03 00:00:00-05:00,19.227538245429752,19.543415598434393,19.139796023884553,19.34453010559082,24600
2006-11-06 00:00:00-05:00,19.373781656400663,20.01138508764206,19.338685652849968,19.911943435668945,34300
2006-11-07 00:00:00-05:00,19.935338172248176,20.379904567086204,19.77154867399488,19.900239944458008,54100
2006-11-08 00:00:00-05:00,19.783255192562514,20.450106140175976,19.783255192562514,20.21027374267578,27500
2006-11-09 00:00:00-05:00,20.204423162083906,20.204423162083906,19.525872867821146,19.806652069091797,21600
2006-11-10 00:00:00-05:00,19.72475662551021,20.181022507267645,19.72475662551021,20.14007568359375,21000
2006-11-13 00:00:00-05:00,19.888543395704023,20.151774563404647,19.812498340271738,20.116676330566406,61400
2006-11-14 00:00:00-05:00,20.06989135200556,20.140085622739655,19.888553735220544,20.12253761291504,66300
2006-11-15 00:00:00-05:00,20.099133603701677,20.76598458256282,19.987990286268115,20.6197452545166,90200
2006-11-16 00:00:00-05:00,20.719178972187812,20.76597661028532,20.46179865695411,20.760128021240234,16600
2006-11-17 00:00:00-05:00,20.76013157094865,20.87127263328259,20.602192862515423,20.748432159423828,20200
2006-11-20 00:00:00-05:00,20.53784010831286,20.970707027777134,20.53784010831286,20.871265411376953,20600
2006-11-21 00:00:00-05:00,20.806932324016856,20.912224823320415,20.608046739936263,20.7659854888916,18000
2006-11-22 00:00:00-05:00,20.73088798923257,20.73088798923257,20.257073956799065,20.274621963500977,14700
2006-11-24 00:00:00-05:00,20.221969475798943,20.35650935903901,20.192722063170155,20.251216888427734,4400
2006-11-27 00:00:00-05:00,20.14007378543748,20.175172015893406,19.33283233642578,19.33283233642578,40100
2006-11-28 00:00:00-05:00,19.426436804063513,20.14593421553598,19.303596272419938,20.12253761291504,47600
2006-11-29 00:00:00-05:00,20.18687123399265,20.333110528514702,19.870996053715277,20.18102264404297,44300
2006-11-30 00:00:00-05:00,20.069881310924284,20.43840272148155,19.917791197083762,20.09912872314453,48700
2006-12-01 00:00:00-05:00,20.104980209123124,20.385759423465693,19.584368609731598,19.88269805908203,39300
2006-12-04 00:00:00-05:00,19.99384580837014,20.438412488290677,19.99384580837014,20.280473709106445,40000
2006-12-05 00:00:00-05:00,20.309719933231523,20.47350727739139,20.198576608464297,20.33311653137207,17900
2006-12-06 00:00:00-05:00,20.210272362822767,20.415008737376514,20.145926708861158,20.303865432739258,19400
2006-12-07 00:00:00-05:00,20.327258368997292,20.543691862081452,20.134221463037843,20.415002822875977,35400
2006-12-08 00:00:00-05:00,20.403316542025056,20.485210228241097,19.876853942871094,19.876853942871094,24000
2006-12-11 00:00:00-05:00,20.058175891329842,20.19856432050754,19.8826892391408,20.017229080200195,15700
2006-12-12 00:00:00-05:00,20.064029831999555,20.169322297688993,19.61946337909317,20.104976654052734,22700
2006-12-13 00:00:00-05:00,20.1810200783964,20.41500381245876,20.00553339356676,20.18686866760254,30000
2006-12-14 00:00:00-05:00,20.186867445445596,20.7659759249006,20.186867445445596,20.47349739074707,51300
2006-12-15 00:00:00-05:00,20.584658135215058,20.765995803293265,20.50276442428821,20.678251266479492,120400
2006-12-18 00:00:00-05:00,20.73672945859533,20.73672945859533,20.064027906948162,20.257064819335938,42400
2006-12-19 00:00:00-05:00,20.12837804968183,20.391609247567807,20.040633573241596,20.239519119262695,69600
2006-12-20 00:00:00-05:00,20.181020458857954,20.496897836366923,20.16347245947445,20.391605377197266,76600
2006-12-21 00:00:00-05:00,20.567910591075567,20.838231163687286,20.47976150613836,20.59141731262207,34700
2006-12-22 00:00:00-05:00,20.526760912700542,20.73831677850504,20.45036524077718,20.491500854492188,37900
2006-12-26 00:00:00-05:00,20.632544585390086,21.22019893533923,20.609037873378497,21.21432113647461,25900
2006-12-27 00:00:00-05:00,21.21431829456598,21.713825770141888,21.173182674918017,21.690319061279297,51000
2006-12-28 00:00:00-05:00,21.70795285950076,21.813730831474654,21.390621185302734,21.390621185302734,29700
2006-12-29 00:00:00-05:00,21.290720501813997,21.655065633941124,21.12617797279991,21.173189163208008,82100
2007-01-03 00:00:00-05:00,21.067405760545675,21.361232910576845,20.57377605882438,21.16143035888672,59900
2007-01-04 00:00:00-05:00,21.16730836863646,21.267208524617534,20.638418596609373,21.13792610168457,126100
2007-01-05 00:00:00-05:00,21.0850428447544,21.184943027837924,20.56790628755602,20.626670837402344,84200
2007-01-08 00:00:00-05:00,20.56790166587049,20.914617812192674,20.39748137119681,20.66192626953125,62900
2007-01-09 00:00:00-05:00,20.5561510112278,20.8911138458903,20.5561510112278,20.708942413330078,51200
2007-01-10 00:00:00-05:00,20.59142084205759,20.86174146100313,20.51502510479916,20.791223526000977,67800
2007-01-11 00:00:00-05:00,20.68544188090498,21.24958974559732,20.656059599942232,21.020404815673828,107700
2007-01-12 00:00:00-05:00,20.98513766495749,21.14968241802827,20.79708844006825,20.996891021728516,30400
2007-01-16 00:00:00-05:00,21.143806265337457,21.17318853869135,20.632547535463704,20.673683166503906,47600
2007-01-17 00:00:00-05:00,20.5737720819222,20.84997026691394,20.356340660611053,20.491500854492188,30000
2007-01-18 00:00:00-05:00,20.491507500161195,20.614916623052252,20.197680311634613,20.485631942749023,70200
2007-01-19 00:00:00-05:00,20.56790674668557,20.620795739417435,20.050770177943345,20.068401336669922,212000
2007-01-22 00:00:00-05:00,19.715807895970855,19.739314613828807,18.95185749937943,19.28094482421875,473400
2007-01-23 00:00:00-05:00,19.304447750616983,19.50425035292168,18.98711605190561,19.122276306152344,149100
2007-01-24 00:00:00-05:00,19.11639355898087,19.169282535365753,18.569876004439795,18.799060821533203,176200
2007-01-25 00:00:00-05:00,19.092897110798397,19.092897110798397,18.564007124789065,18.74030303955078,89900
2007-01-26 00:00:00-05:00,18.734424483149965,18.89896814241223,18.511116272094444,18.834325790405273,112300
2007-01-29 00:00:00-05:00,18.746172311312847,18.969480456487464,18.658024388766595,18.875455856323242,63000
2007-01-30 00:00:00-05:00,18.834328785558256,18.97536687070437,18.60514385870459,18.963613510131836,43600
2007-01-31 00:00:00-05:00,18.89896583557129,18.95185482241908,18.487607298057767,18.89896583557129,63000
2007-02-01 00:00:00-05:00,18.951858947490752,19.11640150162111,18.828452031892986,18.98124122619629,65800
2007-02-02 00:00:00-05:00,19.045880874886382,19.12227658203195,18.86370718606968,19.110523223876953,34300
2007-02-05 00:00:00-05:00,19.05175389050358,19.05175389050358,18.834322397963582,18.94597816467285,46700
2007-02-06 00:00:00-05:00,18.963611200882735,19.098771468421603,18.951857841741436,19.02825355529785,43300
2007-02-07 00:00:00-05:00,19.087010959593776,19.280937950197213,18.8872084124826,19.151653289794922,33400
2007-02-08 00:00:00-05:00,19.1516618841906,19.37497124099023,18.99299488660067,19.33383560180664,36600
2007-02-09 00:00:00-05:00,19.374970998671124,19.45136447521423,19.139908284798324,19.263315200805664,49100
2007-02-12 00:00:00-05:00,19.13990280704673,19.457236707438266,19.13402724965735,19.398469924926758,55300
2007-02-13 00:00:00-05:00,19.504246844617516,19.539506912231445,19.333828788792058,19.539506912231445,44200
2007-02-14 00:00:00-05:00,19.53951217770485,19.557141095400716,19.39259855230857,19.416105270385742,50700
2007-02-15 00:00:00-05:00,19.439608719385983,19.445484277055197,19.333830747550977,19.392595291137695,35500
2007-02-16 00:00:00-05:00,19.392595608010264,19.47486686706543,19.245682004919278,19.47486686706543,35500
2007-02-20 00:00:00-05:00,19.386714292349016,19.786317111687815,19.24567628891184,19.768688201904297,45600
2007-02-21 00:00:00-05:00,19.66291675274586,19.81570816040039,19.498374229170604,19.81570816040039,33100
2007-02-22 00:00:00-05:00,19.821584076228596,19.944990971138083,19.433732233853213,19.657041549682617,56700
2007-02-23 00:00:00-05:00,19.662910424641797,19.662910424641797,19.410218920918368,19.421972274780273,26500
2007-02-26 00:00:00-05:00,19.421979161251276,19.52775714179122,19.034127313179432,19.310325622558594,47200
2007-02-27 00:00:00-05:00,19.175172722746193,19.186926085283687,18.246677257806297,18.440603256225586,75900
2007-02-28 00:00:00-05:00,18.41121642421019,18.658031372236458,18.15264811654884,18.281932830810547,52500
2007-03-01 00:00:00-05:00,18.093883571374416,18.458228753392326,17.911709859503393,18.32894515991211,44900
2007-03-02 00:00:00-05:00,18.20552853267449,18.229035240864505,17.894072495187554,17.999849319458008,56600
2007-03-05 00:00:00-05:00,17.88232679127635,18.158524005498887,17.7354131648227,17.75891876220703,84900
2007-03-06 00:00:00-05:00,17.96459295188505,18.65802525077945,17.776543742868608,18.534618377685547,64100
2007-03-07 00:00:00-05:00,18.246670921627864,18.264300959312056,18.058621669777654,18.08800506591797,58700
2007-03-08 00:00:00-05:00,18.193790294998532,18.38184075417688,18.18791473393082,18.19966697692871,34800
2007-03-09 00:00:00-05:00,18.287808308874272,18.299560546875,18.07625233279322,18.299560546875,19500
2007-03-12 00:00:00-04:00,18.31130804351679,18.38182705325503,18.05273983562541,18.305431365966797,16700
2007-03-13 00:00:00-04:00,18.17027691021066,18.199659186421776,17.682523727416992,17.682523727416992,64700
2007-03-14 00:00:00-04:00,17.641380986452585,18.10562726459,17.641380986452585,17.999849319458008,36000
2007-03-15 00:00:00-04:00,18.02924001820432,18.340696182032538,18.02924001820432,18.299560546875,49100
2007-03-16 00:00:00-04:00,18.27017948256217,18.593389026693742,18.21729048503343,18.32894515991211,151600
2007-03-19 00:00:00-04:00,18.48761260880042,18.9107246251257,18.48761260880042,18.816699981689453,41000
2007-03-20 00:00:00-04:00,18.887213902379678,19.110523223876953,18.74030028802797,19.110523223876953,17300
2007-03-21 00:00:00-04:00,19.134027154221883,19.392594270812243,19.063507015559807,19.210420608520508,127900
2007-03-22 00:00:00-04:00,19.440809108130274,19.553046332371608,19.322663356935685,19.476253509521484,132200
2007-03-23 00:00:00-04:00,19.405363414290118,19.635748627824544,19.287219924406973,19.570768356323242,82900
2007-03-26 00:00:00-04:00,19.53532082862504,19.58848629193482,19.228142846551,19.558950424194336,17700
2007-03-27 00:00:00-04:00,19.53532402962208,19.53532402962208,19.34629174097801,19.46443748474121,92900
2007-03-28 00:00:00-04:00,19.358107411848316,19.428993959919204,19.186796188354492,19.186796188354492,24000
2007-03-29 00:00:00-04:00,19.263592384455986,19.55895564762534,19.263592384455986,19.482160568237305,53700
2007-03-30 00:00:00-04:00,19.393540996948026,19.558943601350343,19.1572496305663,19.458518981933594,66200
2007-04-02 00:00:00-04:00,19.458530238849047,19.51760424134,19.17498178722082,19.24587059020996,24300
2007-04-03 00:00:00-04:00,19.588489501643387,19.612119101084556,19.352198014116986,19.46443748474121,46400
2007-04-04 00:00:00-04:00,19.393551272933323,19.399457546173736,18.94459788961117,18.98594856262207,28300
2007-04-05 00:00:00-04:00,18.98594829424335,18.98594829424335,18.79100860514661,18.88552474975586,35200
2007-04-09 00:00:00-04:00,19.027303795447246,19.027303795447246,18.690589803984857,18.92097282409668,50800
2007-04-10 00:00:00-04:00,18.844178614091682,19.110004912282747,18.844178614091682,19.062747955322266,20500
2007-04-11 00:00:00-04:00,19.074568605172313,19.169084801510103,18.554728398592534,19.1513614654541,70000
2007-04-12 00:00:00-04:00,18.92687856966596,19.033209525384308,18.05260244860477,18.601978302001953,145200
2007-04-13 00:00:00-04:00,18.572437079490808,18.655138409365026,18.353867830467507,18.54290008544922,78000
2007-04-16 00:00:00-04:00,18.67876885675348,18.850078923125675,18.48973546642665,18.84417152404785,89700
2007-04-17 00:00:00-04:00,18.84417604676756,18.86189824825447,18.436574426340194,18.65514373779297,37000
2007-04-18 00:00:00-04:00,18.737836494525133,18.737836494525133,18.359772050028774,18.40703010559082,58300
2007-04-19 00:00:00-04:00,18.259356984171767,18.720124083999227,18.19437670520699,18.424760818481445,50400
2007-04-20 00:00:00-04:00,18.726031459247174,18.90324896763013,18.383410116777736,18.601978302001953,50700
2007-04-23 00:00:00-04:00,18.48973658942413,18.6137897241506,18.418850049627206,18.43657112121582,24000
2007-04-24 00:00:00-04:00,18.601975542813843,18.601975542813843,18.306612321505167,18.353870391845703,36200
2007-04-25 00:00:00-04:00,18.401126181203,18.418848377904357,18.271166785556467,18.412940979003906,27500
2007-04-26 00:00:00-04:00,18.38931169479445,18.483828952081033,18.377498023514633,18.4601993560791,34400
2007-04-27 00:00:00-04:00,18.395223337152004,18.395223337152004,18.111674880047563,18.170747756958008,20700
2007-04-30 00:00:00-04:00,18.158935537311034,18.3007097860148,17.544580459594727,17.544580459594727,42600
2007-05-01 00:00:00-04:00,17.591828413096945,17.91082000732422,17.432332052622844,17.91082000732422,27500
2007-05-02 00:00:00-04:00,17.9580845595423,18.460202287095566,17.9580845595423,18.442480087280273,26100
2007-05-03 00:00:00-04:00,18.460197836762024,18.460197836762024,18.27116559118895,18.347959518432617,35600
2007-05-04 00:00:00-04:00,18.336147074296708,18.448384273410564,18.058504959163894,18.35977554321289,37300
2007-05-07 00:00:00-04:00,18.330243522716067,18.424759671661032,18.099859423781513,18.30661392211914,20600
2007-05-08 00:00:00-04:00,18.306610399085383,18.38340545952512,18.07622747120847,18.176651000976562,27700
2007-05-09 00:00:00-04:00,18.05850810505295,18.489738160066384,18.05850810505295,18.442480087280273,48200
2007-05-10 00:00:00-04:00,18.247545620037837,18.312525911241558,17.615468293054317,17.627283096313477,52900
2007-05-11 00:00:00-04:00,17.916733599885518,18.158931359877432,17.733608711610948,18.040786743164062,93500
2007-05-14 00:00:00-04:00,17.993526354230895,18.040785549855855,17.839938475334723,17.975805282592773,50000
2007-05-15 00:00:00-04:00,17.89310539063204,17.904919063772365,17.491411209106445,17.491411209106445,45400
2007-05-16 00:00:00-04:00,17.644999987238283,17.644999987238283,17.231491011473203,17.515039443969727,90100
2007-05-17 00:00:00-04:00,17.503222879255862,17.50913027851067,16.94794086995809,17.071992874145508,71400
2007-05-18 00:00:00-04:00,17.148784658064457,17.243300774622995,16.971566094476458,17.095619201660156,38400
2007-05-21 00:00:00-04:00,17.05426700768282,17.373258590698242,17.05426700768282,17.373258590698242,55100
2007-05-22 00:00:00-04:00,17.27284171945644,17.556390152539844,17.213768847550405,17.46187400817871,21800
2007-05-23 00:00:00-04:00,17.526851768590358,17.526851768590358,17.225581179086685,17.314189910888672,29400
2007-05-24 00:00:00-04:00,17.225586704508167,17.36736094621225,16.812077654496786,16.983388900756836,70100
2007-05-25 00:00:00-04:00,16.971569553805658,17.27874755859375,16.96566215447652,17.27874755859375,31200
2007-05-29 00:00:00-04:00,17.290567258509608,17.503228061034378,17.290567258509608,17.450063705444336,35000
2007-05-30 00:00:00-04:00,17.33191072282219,17.509128172263463,17.219672403924818,17.39098358154297,50100
2007-05-31 00:00:00-04:00,17.46187274985141,17.574111085712694,17.13697366786286,17.503223419189453,138500
2007-06-01 00:00:00-04:00,17.532765756282558,17.863572338461026,17.414619985000886,17.562301635742188,49000
2007-06-04 00:00:00-04:00,17.544578311911962,17.633187065664764,17.337823802007804,17.568206787109375,21500
2007-06-05 00:00:00-04:00,17.444159755563042,17.444159755563042,17.14879640727413,17.26694107055664,53000
2007-06-06 00:00:00-04:00,17.101539160708754,17.45006801902998,17.042466262790917,17.408716201782227,67600
2007-06-07 00:00:00-04:00,17.290562357252035,17.467779830241433,17.10743635821228,17.27874755859375,43200
2007-06-08 00:00:00-04:00,17.201946427813027,17.556381225585938,17.201946427813027,17.556381225585938,28900
2007-06-11 00:00:00-04:00,17.54457668176256,17.662721300215107,17.302378918205303,17.491411209106445,32900
2007-06-12 00:00:00-04:00,17.36735204577543,17.93444984868647,17.36735204577543,17.497312545776367,56300
2007-06-13 00:00:00-04:00,17.568205749347783,17.928549270274484,17.467782200567623,17.763145446777344,30900
2007-06-14 00:00:00-04:00,17.822219248046277,18.02897375648775,17.692259818576332,17.727703094482422,26300
2007-06-15 00:00:00-04:00,18.13530318522317,18.430666421941975,17.98171416692283,18.265262603759766,90000
2007-06-18 00:00:00-04:00,18.147122076116414,18.3125259418562,17.68635601545544,17.94036865234375,51500
2007-06-19 00:00:00-04:00,17.828123307404958,18.147114984221986,17.633183636371992,18.03487777709961,34200
2007-06-20 00:00:00-04:00,18.117588179470932,18.158938868755545,17.828132227756875,17.887205123901367,52200
2007-06-21 00:00:00-04:00,17.763146670482175,17.94036530644944,17.72179599343958,17.774961471557617,93300
2007-06-22 00:00:00-04:00,17.62049739846091,17.727432493720148,17.4779176491563,17.501680374145508,224900
2007-06-25 00:00:00-04:00,17.477920474691764,17.602677350580716,17.00859439920863,17.097707748413086,94900
2007-06-26 00:00:00-04:00,17.22246223700378,17.69178824743111,17.22246223700378,17.60861587524414,1061000
2007-06-27 00:00:00-04:00,17.42444885292845,18.232401840881543,17.42444885292845,18.155170440673828,53200
2007-06-28 00:00:00-04:00,18.054174979960468,18.190814877948288,17.798719208094795,17.82248306274414,82000
2007-06-29 00:00:00-04:00,17.953177214137735,17.99476395131967,17.54920196533203,17.54920196533203,45600
2007-07-02 00:00:00-04:00,17.685844830639276,17.988827187807576,17.543265097817073,17.893774032592773,27900
2007-07-03 00:00:00-04:00,17.875953822435505,17.935362336636693,17.691788448222667,17.739315032958984,30600
2007-07-05 00:00:00-04:00,17.792779913536673,17.91159579099368,17.691785794480573,17.893774032592773,29800
2007-07-06 00:00:00-04:00,17.923482909305378,18.238347285340797,17.881897283496105,18.190820693969727,44600
2007-07-09 00:00:00-04:00,18.184876480493035,18.184876480493035,17.828426542312183,17.905656814575195,26600
2007-07-10 00:00:00-04:00,17.774950724995925,17.78089168673256,17.07987406552613,17.18086814880371,94700
2007-07-11 00:00:00-04:00,17.163042683343743,17.44226217737536,17.109575168874812,17.3353271484375,52100
2007-07-12 00:00:00-04:00,17.477916204637896,18.357158485910094,17.477916204637896,18.17893409729004,106100
2007-07-13 00:00:00-04:00,18.119527188713743,18.178935701203006,18.060118676224484,18.13735008239746,40300
2007-07-16 00:00:00-04:00,18.137348196420234,18.18487477484506,17.935359954833984,17.935359954833984,38700
2007-07-17 00:00:00-04:00,17.941299951596175,18.214577479526287,17.84030583624745,17.85812759399414,31300
2007-07-18 00:00:00-04:00,17.82843134730851,17.9056616403861,17.18682173891001,17.400691986083984,94000
2007-07-19 00:00:00-04:00,17.584854183757017,17.69773025278338,17.20464035470064,17.38286590576172,40800
2007-07-20 00:00:00-04:00,17.347220001716085,17.376923691529274,16.66996476936865,16.848190307617188,107300
2007-07-23 00:00:00-04:00,16.949178460529232,17.264041540724328,16.76501202265817,16.91947364807129,63500
2007-07-24 00:00:00-04:00,16.705609031656362,16.931359999745503,16.31945430060234,16.384803771972656,130400
2007-07-25 00:00:00-04:00,16.473911331238924,16.56302350059268,15.778834597283275,16.034290313720703,148600
2007-07-26 00:00:00-04:00,15.766957165557274,16.396684580722855,15.52932315247778,15.80260181427002,94700
2007-07-27 00:00:00-04:00,15.713491062901916,16.23034248243232,15.665964482564373,15.921419143676758,97700
2007-07-30 00:00:00-04:00,15.873887897300227,16.6224321674285,15.511498253669977,16.40262222290039,95700
2007-07-31 00:00:00-04:00,16.586785072279138,16.770950348069142,15.832299951324284,16.09369659423828,105900
2007-08-01 00:00:00-04:00,16.08182426625388,16.384806687720072,15.671906739196883,16.26004981994629,141200
2007-08-02 00:00:00-04:00,16.337272233541118,16.473910965726745,16.13528404982207,16.43232536315918,63400
2007-08-03 00:00:00-04:00,16.355098184339592,16.355098184339592,15.820422813664965,15.879831314086914,118300
2007-08-06 00:00:00-04:00,15.986768084813285,16.23628290656684,15.553087912017803,16.1055850982666,147900
2007-08-07 00:00:00-04:00,16.04023606676555,16.248165279440826,15.802603166475116,16.01053237915039,92300
2007-08-08 00:00:00-04:00,16.040238201144906,17.67396616607633,15.921421168627884,17.353160858154297,132600
2007-08-09 00:00:00-04:00,16.919483939714226,17.64426594083421,16.919483939714226,17.13335418701172,78000
2007-08-10 00:00:00-04:00,16.877891621593967,17.780897715529072,16.770956540322313,17.347217559814453,78500
2007-08-13 00:00:00-04:00,17.59079322161608,17.59079322161608,16.63431948843186,16.711549758911133,38200
2007-08-14 00:00:00-04:00,16.81254754720538,16.81254754720538,16.248169407276134,16.366985321044922,51900
2007-08-15 00:00:00-04:00,16.37886271190933,17.121466216316705,16.212520252120814,16.218460083007812,38100
2007-08-16 00:00:00-04:00,16.18875652601739,17.67396354675293,16.153111874794185,17.67396354675293,100000
2007-08-17 00:00:00-04:00,18.291806936592906,19.13540328554801,17.98288365963528,18.161108016967773,120200
2007-08-20 00:00:00-04:00,18.576970104601553,18.576970104601553,17.60267350658989,17.881893157958984,45600
2007-08-21 00:00:00-04:00,17.822481273650233,18.08387798293817,17.572966490494217,17.88783073425293,45400
2007-08-22 00:00:00-04:00,17.935354337325613,18.208631794394726,17.7808927225429,18.048229217529297,36200
2007-08-23 00:00:00-04:00,18.125461612204557,18.125461612204557,17.49573432656828,17.58484649658203,16800
2007-08-24 00:00:00-04:00,17.56108951979489,17.953184127807617,17.40662783586213,17.953184127807617,17500
2007-08-27 00:00:00-04:00,17.858127533029375,17.965062611636256,17.37692081242136,17.442270278930664,17600
2007-08-28 00:00:00-04:00,17.394741087931624,17.394741087931624,16.5273797954014,16.551143646240234,36000
2007-08-29 00:00:00-04:00,16.63431552200297,17.14522700420665,16.527380455204728,17.139286041259766,32800
2007-08-30 00:00:00-04:00,16.93730048282189,17.133347758242657,16.574909618238078,16.782838821411133,22700
2007-08-31 00:00:00-04:00,17.06205953631762,17.644261607287763,16.693728793240187,17.49574089050293,57200
2007-09-04 00:00:00-04:00,17.388807633088117,18.024476186889803,16.96106719828828,17.91160011291504,29800
2007-09-05 00:00:00-04:00,17.822486500039595,17.83436842965585,17.19869992578748,17.299694061279297,42800
2007-09-06 00:00:00-04:00,17.32346000617375,17.501684451039864,17.228406817828702,17.430395126342773,15900
2007-09-07 00:00:00-04:00,17.11552567873375,17.20463787485823,16.937301286484796,17.198698043823242,29400
2007-09-10 00:00:00-04:00,17.275925849928907,17.567026253454653,16.509559712712733,16.925416946411133,20100
2007-09-11 00:00:00-04:00,17.11551870282334,17.228394709574186,16.77095085395676,17.18086814880371,16300
2007-09-12 00:00:00-04:00,17.258106666030248,17.264047630617515,16.69966959230497,16.848190307617188,14700
2007-09-13 00:00:00-04:00,16.955117964301,17.37097510482971,16.711543055592543,17.02640724182129,26100
2007-09-14 00:00:00-04:00,16.794716848926353,17.13928474186273,16.574905769047735,17.02046775817871,27100
2007-09-17 00:00:00-04:00,17.008582591685208,17.008582591685208,16.63431109071796,16.753128051757812,15300
2007-09-18 00:00:00-04:00,16.877892378650067,17.828425092106063,16.64620044758428,17.70960807800293,68900
2007-09-19 00:00:00-04:00,17.864072508951583,18.683907540326206,17.864072508951583,18.50568199157715,68500
2007-09-20 00:00:00-04:00,18.45221413965493,18.56509020537812,18.208640246810223,18.464096069335938,53600
2007-09-21 00:00:00-04:00,18.637325526578987,18.804582842899286,18.54772209071595,18.697059631347656,82700
2007-09-24 00:00:00-04:00,18.732906207636088,18.846401946936048,17.95037647612726,18.039979934692383,76300
2007-09-25 00:00:00-04:00,17.902581002923878,18.207229672201567,17.45456845504871,17.55611801147461,903100
2007-09-26 00:00:00-04:00,17.6815694271647,18.14750194039113,17.526258209637458,17.777145385742188,36700
2007-09-27 00:00:00-04:00,17.896611891213595,18.093738555908203,17.496388341018218,18.093738555908203,49100
2007-09-28 00:00:00-04:00,18.045948168295173,18.219180265248607,17.735326944436824,17.741300582885742,55500
2007-10-01 00:00:00-04:00,17.807011020162175,18.517858152117764,17.400812659044693,18.505910873413086,70400
2007-10-02 00:00:00-04:00,18.565651425301272,18.565651425301272,18.183347512502497,18.320737838745117,46600
2007-10-03 00:00:00-04:00,18.177370169270237,18.219184508796857,17.717410155766814,18.063873291015625,37500
2007-10-04 00:00:00-04:00,18.063871647822864,18.18334215505003,17.801037215536212,17.956348419189453,63500
2007-10-05 00:00:00-04:00,18.171391117429938,18.661218044893886,17.932451291759108,18.589536666870117,52300
2007-10-08 00:00:00-04:00,18.595509165576296,18.738874200333754,18.362542977966605,18.589536666870117,57900
2007-10-09 00:00:00-04:00,18.565648856905327,18.625384119855163,18.380470567180666,18.559675216674805,29600
2007-10-10 00:00:00-04:00,18.55967239992461,18.792638636781426,18.195288376651995,18.619407653808594,23400
2007-10-11 00:00:00-04:00,18.607458236696313,18.756795784566034,17.860770497347705,18.069843292236328,45400
2007-10-12 00:00:00-04:00,18.195287850158056,18.290864937219958,17.585991468366423,18.057897567749023,136700
2007-10-15 00:00:00-04:00,18.033999985028156,18.296833210835185,17.663642418692937,18.04594612121582,88100
2007-10-16 00:00:00-04:00,18.034003247016546,18.326704714623798,17.902585470987297,18.117631912231445,80200
2007-10-17 00:00:00-04:00,18.326706729812837,18.380468346035457,17.77117078841594,18.237104415893555,57600
2007-10-18 00:00:00-04:00,18.0997093875077,18.159444631363026,17.615856077054094,18.153470993041992,57300
2007-10-19 00:00:00-04:00,18.051919309501567,18.231125020113197,17.454569219505892,17.466516494750977,82500
2007-10-22 00:00:00-04:00,17.2992612757112,17.908558754234242,17.126030309869407,17.705459594726562,52800
2007-10-23 00:00:00-04:00,17.878687795355773,17.878687795355773,17.49041047733672,17.818952560424805,73300
2007-10-24 00:00:00-04:00,17.64572522323823,17.854796879009477,16.9886397839934,17.412757873535156,47100
2007-10-25 00:00:00-04:00,17.436650874246155,17.89063711655191,17.06629328679634,17.42470359802246,47200
2007-10-26 00:00:00-04:00,17.741297800297943,18.033999202256588,17.484437084056417,17.968290328979492,52600
2007-10-29 00:00:00-04:00,17.603907940139436,18.063867814186477,17.382889029837063,17.5322265625,31800
2007-10-30 00:00:00-04:00,17.418730719597153,17.681565111206684,17.323154784349146,17.591962814331055,40900
2007-10-31 00:00:00-04:00,17.747269798629308,17.830899582087078,17.25146929264573,17.669614791870117,55600
2007-11-01 00:00:00-04:00,17.358994310349107,17.789087129458686,16.558545051845112,16.75567054748535,99000
2007-11-02 00:00:00-04:00,17.012543709445684,17.012543709445684,16.319617149605605,16.809444427490234,53700
2007-11-05 00:00:00-05:00,16.480895284711142,16.982669640542156,16.1881937670356,16.833332061767578,71700
2007-11-06 00:00:00-05:00,16.89903947995186,17.29329056221527,16.725807356865257,17.27536964416504,45400
2007-11-07 00:00:00-05:00,16.994614926519162,17.06032267870968,16.18221822870031,16.313634872436523,58800
2007-11-08 00:00:00-05:00,16.504782302663912,17.239523771139496,16.22402817363982,17.20368194580078,62600
2007-11-09 00:00:00-05:00,16.934878440438737,17.502360448252116,16.64217697842561,17.137977600097656,108100
2007-11-12 00:00:00-05:00,16.970723270970687,17.56807361810617,16.731783359987567,17.436656951904297,72800
2007-11-13 00:00:00-05:00,17.63377731182787,17.80103463043019,17.323154949630666,17.765193939208984,96400
2007-11-14 00:00:00-05:00,17.854789823768378,17.980233907017524,16.994606707294036,17.323148727416992,85700
2007-11-15 00:00:00-05:00,17.20368271773469,17.370941158755706,16.827352649631052,17.11408042907715,45900
2007-11-16 00:00:00-05:00,17.18576641903863,17.31120942065614,16.875144025478395,17.102136611938477,58700
2007-11-19 00:00:00-05:00,16.905006622138313,17.143947562991524,16.48686225435489,16.630226135253906,60700
2007-11-20 00:00:00-05:00,16.70788088231705,17.23354957675141,16.074690133405266,17.018503189086914,85400
2007-11-21 00:00:00-05:00,16.910982312408755,17.3112069557596,16.660095205541733,16.749698638916016,49900
2007-11-23 00:00:00-05:00,16.958776434465772,17.31718687999926,16.958776434465772,17.191743850708008,18300
2007-11-26 00:00:00-05:00,17.191737763143298,17.323154386250504,16.200136603216666,16.265844345092773,40900
2007-11-27 00:00:00-05:00,16.164294004807047,16.71982980133734,16.086638990155095,16.355445861816406,80500
2007-11-28 00:00:00-05:00,16.606339629282644,17.323160520349614,16.570498926535915,17.191743850708008,100600
2007-11-29 00:00:00-05:00,17.012530444341394,17.59196076609358,16.910980882544454,16.958768844604492,85900
2007-11-30 00:00:00-05:00,17.27536809102631,17.47249361443548,16.994613902945098,17.287315368652344,107000
2007-12-03 00:00:00-05:00,17.257444681851833,17.388862438045503,16.588413182402928,16.612306594848633,52100
2007-12-04 00:00:00-05:00,16.42713061226028,17.30523500209327,16.277793061239734,16.624256134033203,72800
2007-12-05 00:00:00-05:00,16.95877388022328,17.31121063232422,16.77359561467447,17.31121063232422,71900
2007-12-06 00:00:00-05:00,17.263423168239097,18.016084671020508,16.89904026578174,18.016084671020508,53100
2007-12-07 00:00:00-05:00,18.05192436922911,18.135554180030205,17.72338218338719,17.956348419189453,67300
2007-12-10 00:00:00-05:00,17.998168882838694,17.998168882838694,17.46055369598231,17.68157386779785,40700
2007-12-11 00:00:00-05:00,17.681570506514664,17.884669715728595,16.39726748779507,16.48686981201172,78400
2007-12-12 00:00:00-05:00,17.018507615104465,17.108109920149342,16.373369423684174,16.922931671142578,76000
2007-12-13 00:00:00-05:00,16.719833839477687,17.024482612422613,16.498814878688666,16.99461555480957,49800
2007-12-14 00:00:00-05:00,16.70789213768174,16.821389045335252,16.409216904434516,16.468952178955078,72700
2007-12-17 00:00:00-05:00,16.373371259357043,16.4569999348608,15.895491485970929,16.09261703491211,63000
2007-12-18 00:00:00-05:00,16.34947506477032,17.102135295238057,15.991064725899218,17.096162796020508,78000
2007-12-19 00:00:00-05:00,17.03045146232647,17.084213062394692,16.397260676290067,16.564517974853516,69900
2007-12-20 00:00:00-05:00,16.79893260256951,16.79893260256951,16.095721443708843,16.58255958557129,74400
2007-12-21 00:00:00-05:00,16.90710654464403,17.369903564453125,16.39622793840526,17.369903564453125,163800
2007-12-24 00:00:00-05:00,17.454059263956715,17.80265956431149,16.889085968077094,17.628358840942383,33800
2007-12-26 00:00:00-05:00,17.436012635083635,17.71248798102338,17.19559904157463,17.387929916381836,48800
2007-12-27 00:00:00-05:00,17.243691989775165,17.25571181679432,16.360169933220735,16.366180419921875,42900
2007-12-28 00:00:00-05:00,16.600595325907765,16.90111297292983,16.113755912335648,16.143808364868164,38200
2007-12-31 00:00:00-05:00,16.053644284454307,16.37219324684906,15.64494144780532,16.360172271728516,44300
2008-01-02 00:00:00-05:00,16.35415283525088,16.432287984395945,15.482653250791017,15.602859497070312,62200
2008-01-03 00:00:00-05:00,15.668977810591448,15.837267975430608,15.188150405883789,15.188150405883789,68400
2008-01-04 00:00:00-05:00,15.043905167517472,15.206183732295067,14.785459956346566,15.03188419342041,84900
2008-01-07 00:00:00-05:00,15.134055419363882,15.356437638283017,15.02586897929173,15.242241859436035,67800
2008-01-08 00:00:00-05:00,15.284318605962747,15.476649602062214,15.025873400060402,15.091987609863281,87200
2008-01-09 00:00:00-05:00,14.995818766325389,15.536749858772055,14.887632318559474,15.368459701538086,87800
2008-01-10 00:00:00-05:00,15.128043212233326,15.891357544627791,14.935712294612008,15.608870506286621,42900
2008-01-11 00:00:00-05:00,15.452606613232083,16.12576620060896,15.200173057646726,15.33240032196045,85200
2008-01-14 00:00:00-05:00,15.518717200990869,15.861306828147269,15.128044839257834,15.30234432220459,122400
2008-01-15 00:00:00-05:00,15.013851414643602,15.572814050886803,15.013851414643602,15.33240032196045,55900
2008-01-16 00:00:00-05:00,15.320379976341211,15.807217940652672,15.055924290500299,15.464628219604492,112600
2008-01-17 00:00:00-05:00,15.753121700471858,15.89136057697542,14.587115003302614,15.00182819366455,183600
2008-01-18 00:00:00-05:00,14.581107982229254,15.524732667568097,14.581107982229254,15.03188419342041,124000
2008-01-22 00:00:00-05:00,14.57510084709628,15.741109235851349,14.57510084709628,14.827535629272461,162400
2008-01-23 00:00:00-05:00,14.611153476443405,16.47436130637955,14.42483303736461,16.05363655090332,90200
2008-01-24 00:00:00-05:00,16.113739206088432,16.17384290245588,15.398508773102,16.137781143188477,107100
2008-01-25 00:00:00-05:00,16.402241305799762,16.61861306828913,16.155815967149053,16.239961624145508,68800
2008-01-28 00:00:00-05:00,16.22794632390812,16.738826344863387,16.02960480358236,16.606597900390625,66400
2008-01-29 00:00:00-05:00,16.702759803148925,16.859027862548828,16.42628316326122,16.859027862548828,71800
2008-01-30 00:00:00-05:00,16.70276707198887,17.003284641649262,16.516445353403267,16.58255958557129,90400
2008-01-31 00:00:00-05:00,16.251982314330053,17.580268735167802,16.251982314330053,17.454051971435547,50200
2008-02-01 00:00:00-05:00,17.55622680341179,17.55622680341179,16.58255102248469,17.07539939880371,87300
2008-02-04 00:00:00-05:00,17.351879827063044,17.75457329675552,16.738823891761086,16.99125862121582,110700
2008-02-05 00:00:00-05:00,16.576540389152473,17.05135845006372,16.534468134921443,16.810943603515625,63300
2008-02-06 00:00:00-05:00,16.979229779293483,17.31580888047994,16.804929171118463,16.92513656616211,84900
2008-02-07 00:00:00-05:00,16.85301907284286,17.580270748410666,16.822966640143928,17.117473602294922,51700
2008-02-08 00:00:00-05:00,17.207626495383856,17.207626495383856,16.522447163317448,16.810943603515625,26200
2008-02-11 00:00:00-05:00,16.91311935588063,16.91311935588063,16.426281475893944,16.600582122802734,68700
2008-02-12 00:00:00-05:00,16.71478803215067,17.38794793805226,16.450333378388994,17.069398880004883,79000
2008-02-13 00:00:00-05:00,17.29178389218491,17.57427003840282,17.0273280692335,17.42401123046875,36400
2008-02-14 00:00:00-05:00,17.4660799153166,17.592297884100294,16.390227668250052,16.594579696655273,57500
2008-02-15 00:00:00-05:00,16.45031724540936,16.552493171643547,16.01757160659044,16.468347549438477,48300
2008-02-19 00:00:00-05:00,16.720785660852982,16.77487887714968,16.300062046346472,16.55850601196289,28500
2008-02-20 00:00:00-05:00,16.420268867950032,17.19560423066871,16.37218613473837,17.01529312133789,39700
2008-02-21 00:00:00-05:00,17.18358676782751,17.417989996776672,16.71477916354616,16.822965621948242,52700
2008-02-22 00:00:00-05:00,16.883069327395944,17.129493528552192,16.300065925262405,17.105451583862305,75900
2008-02-25 00:00:00-05:00,17.0753976678258,17.40596633168537,16.756848828075732,17.339853286743164,44400
2008-02-26 00:00:00-05:00,17.18959756057034,17.730528715844933,17.123483357838175,17.393949508666992,53100
2008-02-27 00:00:00-05:00,17.23768494621141,17.478098730362774,16.64867088844473,16.792919158935547,89000
2008-02-28 00:00:00-05:00,16.630628602338426,16.798918714921065,16.00555202393085,16.432287216186523,82000
2008-02-29 00:00:00-05:00,16.203902215161058,16.40224485547346,15.789188911916654,15.909395217895508,70200
2008-03-03 00:00:00-05:00,15.951464912193881,16.444313288560952,15.951464912193881,16.13177490234375,73700
2008-03-04 00:00:00-05:00,15.93945627318245,16.6606979382051,15.867331533488263,16.143808364868164,125200
2008-03-05 00:00:00-05:00,16.25798955320269,16.306072287419116,16.023586367195477,16.107730865478516,81200
2008-03-06 00:00:00-05:00,16.00554950001335,16.16782910301572,15.620887756347656,15.620887756347656,60800
2008-03-07 00:00:00-05:00,15.392500860833414,16.047628853303515,15.392500860833414,15.705038070678711,43600
2008-03-10 00:00:00-04:00,15.753120233525504,15.927420861137549,15.242241613576393,15.656954765319824,53900
2008-03-11 00:00:00-04:00,16.149807633148033,16.81695556640625,15.296338062811502,16.81695556640625,50000
2008-03-12 00:00:00-04:00,16.828972626349863,17.634359265178656,16.528455258022188,17.213634490966797,132400
2008-03-13 00:00:00-04:00,16.94918105014496,17.90482643053045,16.889077343593243,17.4660701751709,117300
2008-03-14 00:00:00-04:00,17.592293582166786,17.592293582166786,16.714781943059105,16.99125862121582,51400
2008-03-17 00:00:00-04:00,16.546481765909103,17.67642622859264,15.969487995105057,17.387929916381836,55500
2008-03-18 00:00:00-04:00,17.73052912321719,18.24741949161797,17.291773931910193,18.091150283813477,79900
2008-03-19 00:00:00-04:00,18.19331875836229,18.319535482016,17.381921768188477,17.381921768188477,151900
2008-03-20 00:00:00-04:00,16.997261805329803,18.632075784002573,16.564516085693835,18.59601402282715,265300
2008-03-24 00:00:00-04:00,18.626064194798698,19.179016134354402,18.40368200995869,18.541919708251953,73000
2008-03-25 00:00:00-04:00,18.565962789448054,18.88451161499254,17.76658662948056,18.7342529296875,47600
2008-03-26 00:00:00-04:00,18.49985051665798,18.505861001886025,17.74254657366677,18.397674560546875,53200
2008-03-27 00:00:00-04:00,18.560915423308355,18.64555766324329,17.787039726364267,18.11351776123047,54200
2008-03-28 00:00:00-04:00,18.53673110605012,18.542777145016334,17.60566301536968,17.805177688598633,60000
2008-03-31 00:00:00-04:00,17.901916883941222,18.39768068262444,17.635896862758393,17.86564064025879,646100
2008-04-01 00:00:00-04:00,18.155840128631098,18.742292078529918,18.083288813193,18.591144561767578,72700
2008-04-02 00:00:00-04:00,18.548820159788914,19.03249166658812,18.270708178506496,19.014354705810547,48800
2008-04-03 00:00:00-04:00,18.808796478021225,19.20782581141728,18.433950146534393,18.633464813232422,76300
2008-04-04 00:00:00-04:00,18.724157086984572,18.87530462897782,18.161889199427637,18.34931182861328,64700
2008-04-07 00:00:00-04:00,18.439997845773824,18.6032374477253,18.059106594384463,18.403722763061523,115100
2008-04-08 00:00:00-04:00,18.22234780004271,18.615332342676503,17.883777619455877,18.361404418945312,78100
2008-04-09 00:00:00-04:00,18.391624209215355,18.391624209215355,17.787034328771934,17.913997650146484,55900
2008-04-10 00:00:00-04:00,17.956330181296096,18.48232303237344,17.68426411821172,18.282808303833008,55000
2008-04-11 00:00:00-04:00,18.101425832593996,18.186068067835336,17.545202958513816,17.66007423400879,82500
2008-04-14 00:00:00-04:00,17.690301608954144,17.690301608954144,17.1401248612133,17.273134231567383,51000
2008-04-15 00:00:00-04:00,17.400105236953017,17.73867540399809,17.242911656819604,17.64194107055664,58800
2008-04-16 00:00:00-04:00,17.799126059310005,18.778561000936698,17.799126059310005,18.439990997314453,106400
2008-04-17 00:00:00-04:00,18.409772959110708,18.409772959110708,17.92610008336067,18.204212188720703,103200
2008-04-18 00:00:00-04:00,18.43394660949707,18.772516643410526,18.22233990586475,18.43394660949707,72900
2008-04-21 00:00:00-04:00,18.313038410641155,18.718112753067636,17.81727345905673,17.847503662109375,89900
2008-04-22 00:00:00-04:00,17.726582228048542,18.143749735950287,17.33964491820585,17.454517364501953,158700
2008-04-23 00:00:00-04:00,17.52102735581943,17.79913950518846,16.75924340732756,17.121997833251953,87100
2008-04-24 00:00:00-04:00,17.164311987664412,18.25257482264205,16.946660343200136,17.756811141967773,94700
2008-04-25 00:00:00-04:00,17.865639672703416,17.88982383384862,17.194545345223794,17.599620819091797,110300
2008-04-28 00:00:00-04:00,17.539156884153133,18.25861934173296,17.23686186957586,18.071195602416992,86500
2008-04-29 00:00:00-04:00,18.083292550976555,18.167934808846372,17.62380386666389,17.744722366333008,90500
2008-04-30 00:00:00-04:00,17.81727022047458,18.107474351208957,17.617755529249514,17.672168731689453,49400
2008-05-01 00:00:00-04:00,17.73263008351981,18.724157618108336,17.73263008351981,18.379541397094727,44500
2008-05-02 00:00:00-04:00,18.591153738131514,18.74230132949844,17.787048598186068,17.81123161315918,69500
2008-05-05 00:00:00-04:00,17.805180226605994,18.089337179538536,17.527068160337308,17.77495002746582,45300
2008-05-06 00:00:00-04:00,17.490792811278684,17.83540900414056,17.079671334473584,17.75076675415039,65800
2008-05-07 00:00:00-04:00,17.805174880364994,18.10746986201354,16.72900433055718,16.801555633544922,47200
2008-05-08 00:00:00-04:00,16.892248365670525,17.05548682253535,16.6504125470151,16.771329879760742,43800
2008-05-09 00:00:00-04:00,16.88015705725018,16.98898346890553,16.553677822284133,16.78946876525879,68800
2008-05-12 00:00:00-04:00,16.843878110842482,17.805176322604204,16.747143801132466,17.629844665527344,99000
2008-05-13 00:00:00-04:00,17.68425925816835,17.865635814935235,17.442423464757827,17.617753982543945,77100
2008-05-14 00:00:00-04:00,17.6782176186041,18.240486698937854,17.6782176186041,17.90191650390625,94600
2008-05-15 00:00:00-04:00,17.88377431582183,18.040967873204444,17.363826483953503,17.89586639404297,113900
2008-05-16 00:00:00-04:00,18.02887688398017,18.08329008609795,17.42428677437298,17.732627868652344,102100
2008-05-19 00:00:00-04:00,17.690309087283424,17.962373980723434,17.430335121231394,17.47265625,79200
2008-05-20 00:00:00-04:00,17.363828296343925,17.714490529209705,17.248957000745325,17.418241500854492,114600
2008-05-21 00:00:00-04:00,17.460556858229555,17.684255642120238,17.007114405867497,17.194538116455078,75900
2008-05-22 00:00:00-04:00,17.218735458341776,17.635903184922423,17.218735458341776,17.527076721191406,74500
2008-05-23 00:00:00-04:00,17.375919808292036,17.61170958469364,17.09780890824544,17.26104736328125,49500
2008-05-27 00:00:00-04:00,17.315459303333235,17.641938495925537,17.170357824346894,17.56334114074707,63400
2008-05-28 00:00:00-04:00,17.684262101329256,17.684262101329256,17.10990099061869,17.35173797607422,146700
2008-05-29 00:00:00-04:00,17.333596874623154,17.835406572746756,17.29732179431027,17.738672256469727,124400
2008-05-30 00:00:00-04:00,17.750763307183508,17.90191081176603,17.49683545335832,17.714487075805664,221100
2008-06-02 00:00:00-04:00,17.73262942772695,17.74472150774163,17.188498511872638,17.43638038635254,51700
2008-06-03 00:00:00-04:00,17.539161539873106,17.575436628365587,17.18245323573161,17.47265625,66500
2008-06-04 00:00:00-04:00,17.36987605075522,17.726584358575145,17.230820582463192,17.684263229370117,105100
2008-06-05 00:00:00-04:00,17.69634992376407,18.028873969018914,17.69634992376407,17.835405349731445,63300
2008-06-06 00:00:00-04:00,17.75076531776458,17.75076531776458,16.995027709251634,17.079669952392578,95800
2008-06-09 00:00:00-04:00,17.230823753709764,17.345696234953888,16.819702160343002,16.96480369567871,84300
2008-06-10 00:00:00-04:00,16.795516389574306,17.194545834510766,16.747149219071833,17.007122039794922,63900
2008-06-11 00:00:00-04:00,16.916424339081107,17.019204663431132,16.432752902824333,16.644359588623047,89700
2008-06-12 00:00:00-04:00,16.807600082283475,17.164308243626287,16.38438781085499,16.5234432220459,112300
2008-06-13 00:00:00-04:00,16.66855557541519,16.819703161196124,16.082103357724403,16.571821212768555,97800
2008-06-16 00:00:00-04:00,16.47507788226115,16.928520392782097,16.112323643211603,16.807601928710938,104300
2008-06-17 00:00:00-04:00,16.825740500945308,16.825740500945308,16.184875391567612,16.24533462524414,73300
2008-06-18 00:00:00-04:00,16.19092170761707,16.541583885151347,15.75561614022004,16.045820236206055,68400
2008-06-19 00:00:00-04:00,16.082092560628137,16.323928304882525,15.767705516515534,16.10627555847168,73600
2008-06-20 00:00:00-04:00,16.039781702938395,16.263479476935792,15.731440499470919,15.997459411621094,155400
2008-06-23 00:00:00-04:00,16.15464808817776,16.15464808817776,15.43518665352531,15.459369659423828,55000
2008-06-24 00:00:00-04:00,15.453326685703924,16.027687892594116,15.132894586696565,15.568199157714844,112500
2008-06-25 00:00:00-04:00,15.604468080804129,16.221150177469088,15.217530837326796,15.47750473022461,118600
2008-06-26 00:00:00-04:00,15.276577061613708,15.276577061613708,14.996495732110334,15.020851135253906,90600
2008-06-27 00:00:00-04:00,14.953872936551091,15.459235870848337,14.728591294271865,14.990406036376953,252700
2008-06-30 00:00:00-04:00,14.978236752455661,15.215696228101347,14.50940549322645,14.515494346618652,106800
2008-07-01 00:00:00-04:00,14.375448761722742,15.173069672934504,14.375448761722742,14.9112548828125,72200
2008-07-02 00:00:00-04:00,14.868633594593218,15.100004121621858,14.150165448632855,14.180609703063965,105600
2008-07-03 00:00:00-04:00,14.217142171465479,14.478956962582533,14.010125879016162,14.022303581237793,28700
2008-07-07 00:00:00-04:00,14.095372686488313,14.296300202159903,12.968960363522717,13.389081954956055,103400
2008-07-08 00:00:00-04:00,13.395168118314107,14.771217346191406,13.322103053956374,14.771217346191406,109000
2008-07-09 00:00:00-04:00,14.746857457977784,14.801655949267502,13.772664638003759,13.778752326965332,68400
2008-07-10 00:00:00-04:00,13.754407456325282,14.39372207508623,13.62654383577495,14.113641738891602,85000
2008-07-11 00:00:00-04:00,14.016215044411013,14.491133828407646,13.547383950332094,14.44851303100586,92000
2008-07-14 00:00:00-04:00,14.19887575472875,14.19887575472875,13.090730391151029,13.175971984863281,122700
2008-07-15 00:00:00-04:00,12.987223065434014,13.437787628502793,12.250489447279977,12.871537208557129,108800
2008-07-16 00:00:00-04:00,12.950695767993425,14.345010757446289,12.731501678636775,14.345010757446289,92000
2008-07-17 00:00:00-04:00,14.558104101346373,15.294838543591604,14.004031638135183,15.288749694824219,216900
2008-07-18 00:00:00-04:00,15.142630874068054,15.374001474380494,13.839645404950861,15.221783638000488,175600
2008-07-21 00:00:00-04:00,15.215688158868444,15.36790592895876,14.692058658132341,14.844276428222656,128500
2008-07-22 00:00:00-04:00,14.6798892694754,16.055938720703125,14.345009315364367,16.055938720703125,148900
2008-07-23 00:00:00-04:00,16.09855952085549,16.743962854814107,15.891543159925932,16.220333099365234,77200
2008-07-24 00:00:00-04:00,16.29339202408116,16.34819052018726,15.39226300573792,15.520125389099121,92300
2008-07-25 00:00:00-04:00,15.76367250024258,15.76367250024258,15.191334499027993,15.68451976776123,67800
2008-07-28 00:00:00-04:00,15.59318915911419,15.769761173277216,15.093915045600825,15.319196701049805,75400
2008-07-29 00:00:00-04:00,15.294846249939381,16.165531158447266,15.221781189245915,16.165531158447266,75000
2008-07-30 00:00:00-04:00,16.177706506747814,16.177706506747814,15.538392254411423,16.0681095123291,127700
2008-07-31 00:00:00-04:00,15.745402578666852,16.348184658370432,15.471410196379257,15.92806339263916,93600
2008-08-01 00:00:00-04:00,16.031574123641445,16.22032381718284,15.57492085256013,16.135082244873047,82400
2008-08-04 00:00:00-04:00,16.043761225422532,16.695253421495025,15.59319653992688,16.421260833740234,125600
2008-08-05 00:00:00-04:00,16.62218572539461,16.98750873106555,16.01940328863597,16.835290908813477,165600
2008-08-06 00:00:00-04:00,16.71960618822955,16.768317009575792,16.250776146071,16.506502151489258,126700
2008-08-07 00:00:00-04:00,16.183798311639954,16.469967390487636,15.556660485403372,15.660168647766113,146500
2008-08-08 00:00:00-04:00,15.617549464492537,16.987509964208197,15.617549464492537,16.810937881469727,145400
2008-08-11 00:00:00-04:00,16.743960402338825,17.943436420354907,16.65262994150112,17.669445037841797,129000
2008-08-12 00:00:00-04:00,17.541585926663622,17.718159202360752,17.200618244164126,17.693803787231445,130300
2008-08-13 00:00:00-04:00,17.584200124150662,17.754684481905176,16.987506614004374,17.34674072265625,110500
2008-08-14 00:00:00-04:00,17.20061382548629,17.7303323551678,16.908355886993643,17.517227172851562,75900
2008-08-15 00:00:00-04:00,17.803387662621287,18.296572840855543,17.03621007351842,17.474597930908203,139400
2008-08-18 00:00:00-04:00,17.2797735897338,17.63291903230163,16.640458944831277,16.914451599121094,85200
2008-08-19 00:00:00-04:00,16.719598694522087,16.750042944218404,16.329921589044265,16.555204391479492,107600
2008-08-20 00:00:00-04:00,16.567384593825114,17.218877745448285,16.317747497756184,16.658716201782227,196200
2008-08-21 00:00:00-04:00,16.317751437627468,16.676985620917222,16.122912794757752,16.281219482421875,79500
2008-08-22 00:00:00-04:00,16.098559791743103,16.81093936073366,16.098559791743103,16.561302185058594,120100
2008-08-25 00:00:00-04:00,16.421250003127625,16.652621627148616,15.593186255462566,15.891532897949219,89700
2008-08-26 00:00:00-04:00,15.89154193659201,16.427348195714398,15.879364231279482,16.354284286499023,118800
2008-08-27 00:00:00-04:00,16.372550824180287,16.98142219628166,16.372550824180287,16.780494689941406,144900
2008-08-28 00:00:00-04:00,16.792668877596217,17.15799185657825,16.634362214659678,16.969242095947266,148000
2008-08-29 00:00:00-04:00,16.78049560754107,17.157996389871805,16.61001235728142,16.84138298034668,86800
2008-09-02 00:00:00-04:00,17.34674417611176,17.718156061687402,16.354284412115582,16.96315574645996,120000
2008-09-03 00:00:00-04:00,16.84138227850993,17.626826916177073,16.84138227850993,17.559850692749023,107600
2008-09-04 00:00:00-04:00,17.279760988447215,17.590285383081955,16.9935919948016,17.139720916748047,134700
2008-09-05 00:00:00-04:00,16.908352347528766,17.681618997417768,16.561295973052644,17.413715362548828,130800
2008-09-08 00:00:00-04:00,17.815573968115984,18.564485371193495,16.884000482436523,18.22960662841797,147400
2008-09-09 00:00:00-04:00,17.979960807698674,18.327017087246084,17.35282326800454,17.474597930908203,131300
2008-09-10 00:00:00-04:00,17.803396135815486,17.84601693971757,17.08492783766665,17.498960494995117,155600
2008-09-11 00:00:00-04:00,16.944890459566917,18.1930763240806,16.65263247587542,17.559850692749023,117400
2008-09-12 00:00:00-04:00,17.20060799778548,18.211333896961385,17.20060799778548,18.13218116760254,127400
2008-09-15 00:00:00-04:00,17.255406184840165,18.387906744574146,17.255406184840165,17.68770408630371,130900
2008-09-16 00:00:00-04:00,16.963148809410246,19.155083787598148,16.963148809410246,19.112462997436523,167500
2008-09-17 00:00:00-04:00,18.49141697852981,18.70452094784092,17.29194009299826,17.827747344970703,174400
2008-09-18 00:00:00-04:00,18.357469057687098,21.006059386513453,17.5415814407828,20.09275245666504,253400
2008-09-19 00:00:00-04:00,23.55114155017046,23.849487179898215,17.572025701908967,20.09275245666504,3800
2008-09-22 00:00:00-04:00,20.031861376288663,20.031861376288663,17.827747344970703,17.827747344970703,43700
2008-09-23 00:00:00-04:00,18.260047318017556,18.266136169433594,17.553756812372495,18.266136169433594,74200
2008-09-24 00:00:00-04:00,18.27222358207555,19.17335261675931,17.979965705096422,18.241779327392578,43500
2008-09-25 00:00:00-04:00,17.708859312073173,18.80532678176752,17.708859312073173,18.137645721435547,69000
2008-09-26 00:00:00-04:00,17.76400123067887,18.560318059886633,17.54960787870762,18.364301681518555,60600
2008-09-29 00:00:00-04:00,18.027387341123557,19.270865897593595,17.169815640853074,17.74561309814453,44800
2008-09-30 00:00:00-04:00,18.811458769556864,19.601650881526115,17.20044860180519,19.093233108520508,50000
2008-10-01 00:00:00-04:00,19.1606131344136,19.54652010146836,18.22340883106723,19.0319766998291,15400
2008-10-02 00:00:00-04:00,18.92171512648937,19.36887860152653,18.321414947509766,18.321414947509766,47000
2008-10-03 00:00:00-04:00,18.14989769153151,19.58326807865843,17.476092077909545,17.518970489501953,68100
2008-10-06 00:00:00-04:00,17.09019183401119,18.67057513977245,16.318376568172024,18.05802345275879,53300
2008-10-07 00:00:00-04:00,18.088650972457597,18.088650972457597,15.718075529983302,16.98605728149414,121300
2008-10-08 00:00:00-04:00,16.165230833289908,18.37654172848989,15.963088921010483,16.226486206054688,119000
2008-10-09 00:00:00-04:00,16.244865019677487,16.244865019677487,13.978424147537183,14.039679527282715,137100
2008-10-10 00:00:00-04:00,13.494504539439202,15.411789449421532,13.261734408760935,15.06263542175293,252000
2008-10-13 00:00:00-04:00,15.620069157519525,16.20199376994347,14.995266110814814,16.116235733032227,103900
2008-10-14 00:00:00-04:00,15.35053714442022,17.12081141426877,15.35053714442022,16.238737106323242,87300
2008-10-15 00:00:00-04:00,15.699692330697987,16.005968039725914,14.713485342105454,14.829869270324707,203500
2008-10-16 00:00:00-04:00,17.13919413851363,17.13919413851363,14.18056984488408,16.563396453857422,207400
2008-10-17 00:00:00-04:00,16.07948167152339,17.169824087379215,15.613942252450663,15.73645305633545,160700
2008-10-20 00:00:00-04:00,15.969215590789664,16.44700612672431,15.601684499174487,16.287742614746094,69000
2008-10-21 00:00:00-04:00,15.926342964172363,16.600150015557258,15.779330707781948,15.926342964172363,115700
2008-10-22 00:00:00-04:00,15.485302247947116,16.459259220587242,15.215779262422053,15.448548316955566,100900
2008-10-23 00:00:00-04:00,15.650682190025874,15.773192893430817,14.333697385991671,15.123888969421387,86100
2008-10-24 00:00:00-04:00,13.917171052218631,16.14073387402741,13.843665519137819,15.001387596130371,102400
2008-10-27 00:00:00-04:00,14.548100193630091,16.128483241614667,14.443966377089078,14.688986778259277,58900
2008-10-28 00:00:00-04:00,14.848251788354881,17.090190723703664,14.370461082919245,16.802291870117188,132700
2008-10-29 00:00:00-04:00,16.6981430949652,17.20656046028018,16.34898915555411,16.630762100219727,115400
2008-10-30 00:00:00-04:00,17.18207323711641,17.18207323711641,16.17748890955125,16.802291870117188,69600
2008-10-31 00:00:00-04:00,16.587897286067392,17.9477614178552,16.31837425485153,17.623109817504883,107100
2008-11-03 00:00:00-05:00,17.47609549326459,18.15602689404297,16.753284504164753,17.92325782775879,51000
2008-11-04 00:00:00-05:00,18.22341223458623,18.48680964037501,17.776249794612053,18.26629066467285,41300
2008-11-05 00:00:00-05:00,17.86812306215415,18.437796008923407,16.906417622274436,17.047304153442383,47700
2008-11-06 00:00:00-05:00,16.8329168831671,17.273954761833973,16.52051544189453,16.52051544189453,60600
2008-11-07 00:00:00-05:00,16.685900276075348,16.845163782952426,16.226486718358466,16.373498916625977,55300
2008-11-10 00:00:00-05:00,16.72877588555457,16.72877588555457,15.16677051831466,15.313782691955566,127600
2008-11-11 00:00:00-05:00,16.048842667248376,16.048842667248376,15.08101177215576,15.081011772155762,96500
2008-11-12 00:00:00-05:00,14.750233804935736,15.283153897537126,14.327573122413856,14.382702827453613,130100
2008-11-13 00:00:00-05:00,14.505212741012821,15.620055748689367,13.874284578401403,15.503670692443848,135400
2008-11-14 00:00:00-05:00,15.215783822935267,15.840586816868024,14.358211704702846,14.450094223022461,107600
2008-11-17 00:00:00-05:00,14.333704957095371,14.921755008360694,14.13156300754932,14.431713104248047,92300
2008-11-18 00:00:00-05:00,14.903380731659025,14.909506388004981,13.702780128239475,14.27857780456543,127000
2008-11-19 00:00:00-05:00,14.076430706595938,14.303075235690843,12.881956193303832,12.949336051940918,98900
2008-11-20 00:00:00-05:00,12.900333181554677,13.451629251675119,12.25715462780569,12.38578987121582,92000
2008-11-21 00:00:00-05:00,12.716570378587805,13.077975888271924,11.650730816728485,12.863582611083984,181200
2008-11-24 00:00:00-05:00,12.728814128262425,14.039673298875247,12.483792717978925,13.990669250488281,119200
2008-11-25 00:00:00-05:00,13.800786441557056,14.162191939035711,13.169857942763112,14.082559585571289,133200
2008-11-26 00:00:00-05:00,13.647645879229078,14.811493328296443,13.647645879229078,14.79924201965332,104800
2008-11-28 00:00:00-05:00,14.7134858846722,14.903376504134071,14.131561548720757,14.511343955993652,18700
2008-12-01 00:00:00-05:00,14.051929997977973,14.076431447403895,12.863579907918249,12.986090660095215,137700
2008-12-02 00:00:00-05:00,13.353622207247929,13.966173706082223,13.133104462145083,13.880416870117188,139300
2008-12-03 00:00:00-05:00,13.414876328095406,14.578723832660916,13.249487158573956,14.186691284179688,225000
2008-12-04 00:00:00-05:00,13.862036079595084,14.829867133965697,13.641518395339679,14.01517391204834,170000
2008-12-05 00:00:00-05:00,13.764036166816059,15.044269302905828,13.598648097102508,14.989139556884766,141600
2008-12-08 00:00:00-05:00,15.270910534233433,15.613939079718417,14.54197385277214,15.326040267944336,160700
2008-12-09 00:00:00-05:00,15.093265876910793,15.846704974615106,14.621602194519124,14.878873825073242,143600
2008-12-10 00:00:00-05:00,15.087141861716447,15.546555454158288,14.621603782855994,15.154522895812988,58400
2008-12-11 00:00:00-05:00,14.872751047403215,15.246406673121191,14.09481035118255,14.162191390991211,94400
2008-12-12 00:00:00-05:00,14.009051766672126,15.111643877149582,13.76403025914457,14.848246574401855,87000
2008-12-15 00:00:00-05:00,14.915625515803617,15.160645820649368,13.764028330505129,14.131559371948242,55400
2008-12-16 00:00:00-05:00,14.474590226411024,15.356664640146247,13.868164432077172,15.25865650177002,111100
2008-12-17 00:00:00-05:00,14.983011519692857,15.448550874170362,14.811497820071823,14.940133094787598,85700
2008-12-18 00:00:00-05:00,14.995259327746913,15.626187746571377,14.62160373492975,14.860498428344727,76500
2008-12-19 00:00:00-05:00,14.548098890261578,14.646107041949078,13.917170391467634,14.082559585571289,164400
2008-12-22 00:00:00-05:00,14.125430091465267,14.358200197564855,13.59863686339256,13.990669250488281,57800
2008-12-23 00:00:00-05:00,14.137685304552676,14.137685304552676,13.65989482441482,13.953920364379883,42500
2008-12-24 00:00:00-05:00,14.793625146352193,15.522192878170866,14.503433413193273,14.966506004333496,250800
2008-12-26 00:00:00-05:00,15.003547786668568,15.404878208936983,14.978851200270599,15.287566184997559,43500
2008-12-29 00:00:00-05:00,15.299916866840116,15.775337104228829,15.133210472839924,15.756814956665039,132100
2008-12-30 00:00:00-05:00,15.744469670336338,16.60269724806598,15.275222589823446,16.49773406982422,198300
2008-12-31 00:00:00-05:00,16.4853826997928,17.423875474725723,15.781511646525164,16.15196990966797,1621000
2009-01-02 00:00:00-05:00,16.213721167033082,16.540959677189495,15.744473958709804,16.145803451538086,217500
2009-01-05 00:00:00-05:00,16.201373081363272,16.201373081363272,15.491328377638014,15.861786842346191,143300
2009-01-06 00:00:00-05:00,16.108759015298066,16.44834525970548,15.68890616047471,16.213722229003906,127600
2009-01-07 00:00:00-05:00,15.867958048472586,16.189020886538767,15.756820413980357,15.979094505310059,148700
2009-01-08 00:00:00-05:00,15.898823775985695,16.466859468680486,15.775337295013383,16.022310256958008,67400
2009-01-09 00:00:00-05:00,16.071709168436144,16.08405687790915,15.49749887119976,15.614810943603516,97500
2009-01-12 00:00:00-05:00,15.590107249708138,15.651850484247733,15.281392254664413,15.38635540008545,68800
2009-01-13 00:00:00-05:00,15.262870126581547,15.577759587510663,15.225824654017632,15.435750961303711,71500
2009-01-14 00:00:00-05:00,15.145562122920266,15.639505775754555,14.67631506390041,14.701011657714844,56600
2009-01-15 00:00:00-05:00,14.694834445088068,14.892413046635694,13.972441252944279,14.571349143981934,105500
2009-01-16 00:00:00-05:00,14.676320491312852,14.725714874862692,13.63903725911123,14.47256851196289,122100
2009-01-20 00:00:00-05:00,14.293507530037598,14.435516179844601,12.793152098833975,12.842546463012695,139600
2009-01-21 00:00:00-05:00,13.003079568296608,14.318206542257325,12.614099063873711,14.108280181884766,151200
2009-01-22 00:00:00-05:00,13.756348283469977,14.447869598967786,13.175963439007422,13.601990699768066,109400
2009-01-23 00:00:00-05:00,13.243879868516908,13.632860423560764,13.07717341164606,13.558768272399902,221100
2009-01-26 00:00:00-05:00,13.583467213098553,13.799568063383372,12.496789694732081,13.10804557800293,170200
2009-01-27 00:00:00-05:00,12.490613115303486,12.83637488772533,11.885531780047295,12.039889335632324,250800
2009-01-28 00:00:00-05:00,12.29303562831957,12.743759407834546,12.02754044438057,12.521485328674316,233500
2009-01-29 00:00:00-05:00,12.397997554624114,12.397997554624114,11.706475257873535,11.706475257873535,106400
2009-01-30 00:00:00-05:00,11.805263438036663,12.021363020073922,11.336016444254735,11.44715404510498,142600
2009-02-02 00:00:00-05:00,11.31131868490261,11.681776962136349,11.13843901914009,11.521245002746582,124700
2009-02-03 00:00:00-05:00,11.663257031145223,11.780569108242654,11.150789971388754,11.261927604675293,93100
2009-02-04 00:00:00-05:00,11.231055736400936,11.934925791854345,11.231055736400936,11.32984447479248,93900
2009-02-05 00:00:00-05:00,11.187831195331952,11.731169032346482,11.064344734456112,11.274271011352539,117200
2009-02-06 00:00:00-05:00,11.27427565839539,11.663256168472598,11.237230175924857,11.564467430114746,102400
2009-02-09 00:00:00-05:00,11.478026972950865,11.76821872936138,11.32984387323137,11.397760391235352,66700
2009-02-10 00:00:00-05:00,11.323670146459945,11.576816438366519,10.576578979923598,10.595102310180664,79900
2009-02-11 00:00:00-05:00,10.625971405503476,10.811201141220684,10.274036438591567,10.434568405151367,108600
2009-02-12 00:00:00-05:00,10.218470706399078,10.49014036049788,9.563994936558817,10.125856399536133,150700
2009-02-13 00:00:00-05:00,10.1690759980423,10.317259119703662,9.607215142283145,9.85418701171875,90600
2009-02-17 00:00:00-05:00,9.570166269601048,9.786267033800343,9.144139772167296,9.199707984924316,93100
2009-02-18 00:00:00-05:00,9.323196530283155,9.520774011680968,8.921866535159667,9.107095718383789,61900
2009-02-19 00:00:00-05:00,9.205881616272404,9.40345903665758,8.446442965046513,8.477313995361328,96000
2009-02-20 00:00:00-05:00,8.298258991677333,8.650194494232608,7.785792135648693,8.563754081726074,155700
2009-02-23 00:00:00-05:00,8.508189489068773,8.872473465416492,8.180951590327359,8.199474334716797,87700
2009-02-24 00:00:00-05:00,8.285912456659888,8.934214216007412,8.180949286630895,8.816902160644531,143500
2009-02-25 00:00:00-05:00,8.73663688639102,9.150315157644746,8.304435874450096,8.810729026794434,146400
2009-02-26 00:00:00-05:00,8.921867125686195,9.545471828657789,8.767509560920594,9.033004760742188,128700
2009-02-27 00:00:00-05:00,8.989785301151116,9.255279926029303,8.823078839849254,9.051527976989746,116900
2009-03-02 00:00:00-05:00,8.909518997771414,8.977436115594532,8.421749107299295,8.458794593811035,119300
2009-03-03 00:00:00-05:00,8.600804804589199,8.724290754536048,8.026594401302036,8.03894329071045,75800
2009-03-04 00:00:00-05:00,8.174773794616803,8.341480192261598,7.767270052143555,8.100682258605957,74800
2009-03-05 00:00:00-05:00,7.927799907630293,7.97719425188499,7.131315370489513,7.174535274505615,86800
2009-03-06 00:00:00-05:00,7.2918506784078305,7.316547862032803,6.822603600706034,7.137493133544922,75800
2009-03-09 00:00:00-04:00,7.020181538925094,7.223933464656447,6.637374872738086,6.75468635559082,71400
2009-03-10 00:00:00-04:00,6.921392365533498,7.909280892515683,6.557108463848476,7.85371208190918,111100
2009-03-11 00:00:00-04:00,7.884586912361142,8.329136400183007,7.859889129765714,7.927806854248047,104000
2009-03-12 00:00:00-04:00,7.847538621054653,8.995958691638,7.68700661228129,8.952738761901855,97000
2009-03-13 00:00:00-04:00,9.033002408695392,9.434331737055375,8.928039244879292,9.212057113647461,100600
2009-03-16 00:00:00-04:00,9.279977362096057,9.638086893542177,8.866299008731154,9.02065658569336,79300
2009-03-17 00:00:00-04:00,9.094746360461494,9.218232868768402,8.903343332474947,9.168838500976562,77000
2009-03-18 00:00:00-04:00,8.810730226101924,10.076461807184566,8.810730226101924,10.002370834350586,99100
2009-03-19 00:00:00-04:00,10.187600951603196,10.317260762076495,9.675133799325717,9.780097007751465,159600
2009-03-20 00:00:00-04:00,9.72452482662494,10.06411093681034,9.43433249232386,9.440506935119629,165300
2009-03-23 00:00:00-04:00,9.681306328116758,10.49013961080944,9.533122623367781,10.459268569946289,124100
2009-03-24 00:00:00-04:00,10.34195692914144,10.43457123327444,9.43433427556303,9.496077537536621,92300
2009-03-25 00:00:00-04:00,9.915929476306852,9.915929476306852,8.76133498050824,9.366416931152344,141700
2009-03-26 00:00:00-04:00,9.628850789144275,9.691335458940765,9.197708474422013,9.603857040405273,88200
2009-03-27 00:00:00-04:00,9.428900060876279,9.603856288348856,9.07273902026119,9.085235595703125,92700
2009-03-30 00:00:00-04:00,8.791560499321136,8.947771599001458,8.447896556742872,8.760318756103516,84300
2009-03-31 00:00:00-04:00,8.791558321984189,9.753818433863563,8.6915833382925,9.216452598571777,105700
2009-04-01 00:00:00-04:00,9.053994246083594,9.747571837389298,8.822801914281024,9.328926086425781,131400
2009-04-02 00:00:00-04:00,9.653846640853121,9.916281357729742,9.53512645745565,9.80380916595459,122400
2009-04-03 00:00:00-04:00,9.766316614222207,10.247446421942604,9.528875705463555,10.14747142791748,74400
2009-04-06 00:00:00-04:00,10.04749466654397,10.159966812987435,9.785060055441132,10.059991836547852,111600
2009-04-07 00:00:00-04:00,9.716326898813458,10.04124555521087,9.572612430791228,9.591358184814453,59800
2009-04-08 00:00:00-04:00,9.641346977943876,10.02250235220425,9.485135915285797,9.966265678405762,61100
2009-04-09 00:00:00-04:00,10.266193171978648,11.41590690612793,10.247447411864586,11.41590690612793,122100
2009-04-13 00:00:00-04:00,11.31592453176128,12.340668247937003,11.015998524274856,12.228196144104004,888900
2009-04-14 00:00:00-04:00,11.97826557113176,12.584364127883658,11.303433758326982,11.497135162353516,216900
2009-04-15 00:00:00-04:00,11.372171611106241,12.50938853385758,11.13473000792731,12.465649604797363,132300
2009-04-16 00:00:00-04:00,12.640598709782797,12.84054867622154,11.82205308775077,12.684337615966797,280700
2009-04-17 00:00:00-04:00,12.753070272582425,13.484138048351928,12.259443964797274,13.146722793579102,146800
2009-04-20 00:00:00-04:00,11.722078715670891,13.07174225129394,11.503382981553221,11.553370475769043,199600
2009-04-21 00:00:00-04:00,11.534629605953686,12.628107548073292,11.253450278772185,12.171971321105957,241500
2009-04-22 00:00:00-04:00,11.990759762689168,12.296933258037592,11.62835019760372,11.928275108337402,190400
2009-04-23 00:00:00-04:00,11.903281332985411,12.10323247472925,11.27218975038502,11.815803527832031,136800
2009-04-24 00:00:00-04:00,11.909528945627919,12.609354905109825,11.647094359796657,12.478137016296387,203700
2009-04-27 00:00:00-04:00,12.140724660842363,12.509382884718791,11.522128961065617,11.740824699401855,197200
2009-04-28 00:00:00-04:00,11.572112817537153,11.915776589864757,11.278435332876146,11.584609985351562,165700
2009-04-29 00:00:00-04:00,11.728327283522956,11.890786937425403,11.434649712631819,11.834550857543945,230300
2009-04-30 00:00:00-04:00,12.028252531250514,12.596860737384139,12.028252531250514,12.471891403198242,275700
2009-05-01 00:00:00-04:00,12.471886638246305,12.709328044124552,12.0907325790135,12.321924209594727,229300
2009-05-04 00:00:00-04:00,12.453145286809725,13.05924374101658,12.278188479092194,13.015504837036133,182500
2009-05-05 00:00:00-04:00,12.921784285686703,12.921784285686703,12.096989746906068,12.509387016296387,139200
2009-05-06 00:00:00-04:00,12.628105958556835,12.984268301696979,12.39691417587222,12.8468017578125,129700
2009-05-07 00:00:00-04:00,13.059245854374183,13.121730523799082,12.37816546041427,12.565619468688965,102000
2009-05-08 00:00:00-04:00,12.74681998595877,13.596608382287885,12.74681998595877,13.584111213684082,175500
2009-05-11 00:00:00-04:00,13.234200887786596,13.534125830018482,12.92177877501277,12.996759414672852,100100
2009-05-12 00:00:00-04:00,13.046753524227094,13.252952175599482,12.340679715526614,12.584368705749512,132900
2009-05-13 00:00:00-04:00,12.328175889908728,12.559368770360571,11.79081068353773,11.865791320800781,226100
2009-05-14 00:00:00-04:00,11.959519185285345,12.634350962691505,11.822053872186347,11.890787124633789,180400
2009-05-15 00:00:00-04:00,11.84705116677919,12.234455281785685,11.778319082091365,12.015759468078613,126100
2009-05-18 00:00:00-04:00,12.234454108622305,13.021758247395287,12.184466601007966,12.946776390075684,214300
2009-05-19 00:00:00-04:00,12.890538561667771,13.040502256141634,12.321930292090814,12.990514755249023,216100
2009-05-20 00:00:00-04:00,13.096735690535931,13.30293544948143,12.371916412567884,12.471891403198242,169600
2009-05-21 00:00:00-04:00,12.309435784757701,12.453149718059057,11.890789967726144,12.24695110321045,179300
2009-05-22 00:00:00-04:00,12.303184001964336,12.690586781705536,12.121978591720715,12.278189659118652,173200
2009-05-26 00:00:00-04:00,12.171967620387617,13.090489575253875,12.171967620387617,12.93427848815918,128800
2009-05-27 00:00:00-04:00,12.928028271556082,12.934276857267504,12.159468914193377,12.278189659118652,118000
2009-05-28 00:00:00-04:00,12.37192141547915,12.634356169955199,12.053251748854871,12.365674018859863,104100
2009-05-29 00:00:00-04:00,12.353174425837478,12.809310564796727,12.196963321388738,12.69683837890625,159500
2009-06-01 00:00:00-04:00,12.940528750438085,13.25919958174312,12.696839781944467,13.077995300292969,104800
2009-06-02 00:00:00-04:00,12.940522483163381,13.290436084420273,12.740572534899844,12.97801399230957,91600
2009-06-03 00:00:00-04:00,13.01550261728488,13.196707979209318,12.690583397707263,12.96551513671875,104300
2009-06-04 00:00:00-04:00,13.096736853292624,13.590364456176758,12.828054786991794,13.590364456176758,129400
2009-06-05 00:00:00-04:00,13.74032534586304,13.74032534586304,13.009257502739278,13.359169960021973,112400
2009-06-08 00:00:00-04:00,13.215454110313983,13.365416569836636,12.809305633465673,13.134224891662598,85300
2009-06-09 00:00:00-04:00,13.177970720826494,13.52788331032269,13.127983208041323,13.265448570251465,46200
2009-06-10 00:00:00-04:00,13.359166397202582,13.359166397202582,12.671838837367181,12.96551513671875,80400
2009-06-11 00:00:00-04:00,13.046748308467157,13.534127285867552,13.046748308467157,13.171717643737793,84300
2009-06-12 00:00:00-04:00,13.015504122368442,13.496634423326482,12.840547324257605,13.365416526794434,87600
2009-06-15 00:00:00-04:00,13.12173456370381,13.346678966170694,12.540628985195232,12.771821975708008,92100
2009-06-16 00:00:00-04:00,12.71558054309523,12.95926941571797,12.465643085046803,12.684337615966797,104900
2009-06-17 00:00:00-04:00,12.628104535715375,12.953023904183068,12.384415605262651,12.59686279296875,110600
2009-06-18 00:00:00-04:00,12.540624641498983,12.584363550874073,12.334426074590775,12.459395408630371,242000
2009-06-19 00:00:00-04:00,12.403158172461882,12.559369229566451,12.321927755361868,12.484387397766113,287200
2009-06-22 00:00:00-04:00,12.378169454798389,12.509387422113765,12.134480476379395,12.134480476379395,144000
2009-06-23 00:00:00-04:00,12.271941632833308,12.365669230981407,11.85329590545071,11.940774917602539,87300
2009-06-24 00:00:00-04:00,12.028253599049396,12.346924356896874,11.903284253769442,11.95952033996582,99500
2009-06-25 00:00:00-04:00,11.97213447608322,12.25598430633545,11.915364510032774,12.25598430633545,113400
2009-06-26 00:00:00-04:00,12.148755578007504,12.634453773498535,12.003677271232998,12.634453773498535,619200
2009-06-29 00:00:00-04:00,12.571370099992178,12.697524620549519,12.104595847398715,12.527215957641602,104200
2009-06-30 00:00:00-04:00,12.407368699098406,12.722756819357024,12.249674638969097,12.426292419433594,253700
2009-07-01 00:00:00-04:00,12.520909147384272,13.057069215248028,12.520909147384272,12.766911506652832,137800
2009-07-02 00:00:00-04:00,12.552445692903854,12.665985597363008,11.978439467569316,12.104595184326172,141400
2009-07-06 00:00:00-04:00,12.079364070460985,12.508292081837793,12.079364070460985,12.356905937194824,93500
2009-07-07 00:00:00-04:00,12.401058596922834,12.5524447234734,12.098286343821703,12.173978805541992,117700
2009-07-08 00:00:00-04:00,12.27490339677867,12.634446815681684,12.09828684339828,12.382135391235352,146600
2009-07-09 00:00:00-04:00,12.489366369253826,12.514597990889017,12.16767161517472,12.268595695495605,79200
2009-07-10 00:00:00-04:00,12.21813995517003,12.394756585242481,12.035214213325778,12.211832046508789,121100
2009-07-13 00:00:00-04:00,12.38213850632251,12.905682798474388,12.230752335435138,12.722758293151855,147100
2009-07-14 00:00:00-04:00,12.678603398835184,12.678603398835184,12.312753206573346,12.5650634765625,88400
2009-07-15 00:00:00-04:00,12.811063503914411,13.113836975815069,12.583984903876479,12.836295127868652,137100
2009-07-16 00:00:00-04:00,12.754298661204714,13.050764345850872,12.722760321740905,12.981378555297852,70700
2009-07-17 00:00:00-04:00,13.019223406056465,13.139071248755858,12.703835232823621,12.773221015930176,104700
2009-07-20 00:00:00-04:00,12.893070242310756,13.006610189357325,12.716452413226037,12.981378555297852,131000
2009-07-21 00:00:00-04:00,13.019224847787857,13.075994821505232,12.716452456702218,13.044456481933594,177900
2009-07-22 00:00:00-04:00,12.893068008105557,13.088608325739694,12.697526487361097,12.899375915527344,83600
2009-07-23 00:00:00-04:00,12.84891416075689,13.504920907581523,12.77322047302964,13.372458457946777,185700
2009-07-24 00:00:00-04:00,13.202145424047597,13.397685699779764,12.937219384654632,13.00660514831543,262200
2009-07-27 00:00:00-04:00,12.962454336500633,13.221072560216532,12.848915596885018,13.208457946777344,302200
2009-07-28 00:00:00-04:00,13.057070372752008,13.208456545961466,12.84891423420021,13.000300407409668,98700
2009-07-29 00:00:00-04:00,12.89305932038626,13.120137819006901,12.867827707700906,13.082291603088379,78700
2009-07-30 00:00:00-04:00,13.094916540427333,13.61846083761722,13.094916540427333,13.372458457946777,181600
2009-07-31 00:00:00-04:00,13.265225830669555,13.67523017913011,13.265225830669555,13.454458236694336,83200
2009-08-03 00:00:00-04:00,13.58692613224891,13.80769694061295,13.416616191701788,13.662618637084961,66300
2009-08-04 00:00:00-04:00,13.511223930129999,14.078922171945225,13.340914096652456,13.946459770202637,58600
2009-08-05 00:00:00-04:00,13.914926869876586,14.066313059574924,13.814002743411027,13.927542686462402,81900
2009-08-06 00:00:00-04:00,14.041078425434192,14.148310428086017,13.706766604670236,13.845538139343262,54800
2009-08-07 00:00:00-04:00,14.034778381655885,14.82324907725453,13.978008395323918,14.451090812683105,92700
2009-08-10 00:00:00-04:00,14.306012910379152,14.880019497255157,14.287089180013375,14.78540325164795,77100
2009-08-11 00:00:00-04:00,14.646622765058781,14.83585634478245,14.343850481233044,14.72862434387207,104800
2009-08-12 00:00:00-04:00,14.703398826109177,15.132327007917322,14.596166780657143,14.892632484436035,111100
2009-08-13 00:00:00-04:00,15.037707580498534,15.378326168031101,14.652933639907905,14.968321800231934,97200
2009-08-14 00:00:00-04:00,14.98724789731173,14.98724789731173,14.085237423387191,14.564627647399902,75900
2009-08-17 00:00:00-04:00,14.287083868246922,14.545702071540532,14.060005203836917,14.104159355163574,81700
2009-08-18 00:00:00-04:00,14.242933299944175,14.438473677772086,14.142009156348434,14.217702865600586,79000
2009-08-19 00:00:00-04:00,14.04738072436883,14.583540523602306,14.04738072436883,14.52677059173584,110500
2009-08-20 00:00:00-04:00,14.463698294747024,14.81062471957525,14.432158763238023,14.72862434387207,59600
2009-08-21 00:00:00-04:00,14.924166870648637,15.277401254887755,14.747549076973934,15.157554626464844,133600
2009-08-24 00:00:00-04:00,15.245866162188284,15.542330647298112,14.747552211500746,15.258481979370117,281600
2009-08-25 00:00:00-04:00,15.529717672859457,15.643256430151785,15.271098205768913,15.353099822998047,126400
2009-08-26 00:00:00-04:00,15.378327921464727,15.397251646361575,15.025093478496999,15.144941329956055,74100
2009-08-27 00:00:00-04:00,15.062935209581187,15.233245073265492,14.545698915230453,15.006166458129883,81500
2009-08-28 00:00:00-04:00,15.20801967002776,15.359405864451999,14.665551571008008,14.74124526977539,82600
2009-08-31 00:00:00-04:00,14.608770068900295,14.760156143855115,14.425845679495978,14.61507797241211,105400
2009-09-01 00:00:00-04:00,14.5835518440865,15.27109705785809,14.198777830112833,14.274470329284668,105300
2009-09-02 00:00:00-04:00,14.268165484250714,14.564630017036885,13.946469313043217,14.034777641296387,104600
2009-09-03 00:00:00-04:00,14.12939523078728,14.306013107299805,13.896008568617683,14.306013107299805,64900
2009-09-04 00:00:00-04:00,14.293389064174097,14.457391025921982,14.097848772636684,14.388005256652832,73000
2009-09-08 00:00:00-04:00,14.488932924120117,14.501548740387081,14.097852244727942,14.413240432739258,91100
2009-09-09 00:00:00-04:00,14.444777008882888,14.911551325847364,14.362776619367772,14.697087287902832,69000
2009-09-10 00:00:00-04:00,14.671855451393963,14.747547926269728,14.249235323488648,14.463699340820312,57000
2009-09-11 00:00:00-04:00,14.444773822612596,14.46369754053121,14.198771505220845,14.242925643920898,43000
2009-09-14 00:00:00-04:00,14.160927590874676,14.482622426387621,14.160927590874676,14.362775802612305,56300
2009-09-15 00:00:00-04:00,14.324927843606035,14.57723930228264,14.091541308373436,14.552007675170898,54900
2009-09-16 00:00:00-04:00,14.596165236017361,14.974631309509277,14.552011081346892,14.974631309509277,45000
2009-09-17 00:00:00-04:00,14.99354692913184,15.100778905269088,14.78539088170187,14.854775428771973,35700
2009-09-18 00:00:00-04:00,14.665543924926501,15.044009815224005,14.4763115813327,15.031394004821777,161700
2009-09-21 00:00:00-04:00,14.829550055998864,15.144938186828842,14.76647218921082,14.80431842803955,37700
2009-09-22 00:00:00-04:00,14.974625365058387,15.107088979596424,14.558313210413134,14.690776824951172,53300
2009-09-23 00:00:00-04:00,14.760165648737548,14.816935613791605,14.381699616080615,14.444777488708496,53500
2009-09-24 00:00:00-04:00,14.565572480940967,14.724515874414912,14.082384419263152,14.355767250061035,105400
2009-09-25 00:00:00-04:00,14.349404033275095,14.470201306939037,14.063306758986478,14.24132251739502,46600
2009-09-28 00:00:00-04:00,14.317620545578226,14.921604686635106,14.234969305526757,14.730873107910156,46300
2009-09-29 00:00:00-04:00,14.521070616133315,14.711802230714706,14.241329863790847,14.336695671081543,47400
2009-09-30 00:00:00-04:00,14.387556534560746,14.521069625775562,13.700921071198414,14.069669723510742,69000
2009-10-01 00:00:00-04:00,13.942521553177787,14.126895350061757,13.47840690612793,13.47840690612793,61900
2009-10-02 00:00:00-04:00,13.294030644105788,13.630991209437143,13.173233277267403,13.344892501831055,50500
2009-10-05 00:00:00-04:00,13.376678311001953,13.815361260759223,13.344888900600838,13.656417846679688,127000
2009-10-06 00:00:00-04:00,13.707282644176392,14.177755105707092,13.484761573990205,14.012454986572266,74700
2009-10-07 00:00:00-04:00,13.815358637626286,13.948871710676713,13.68820465809069,13.764496803283691,35300
2009-10-08 00:00:00-04:00,13.834440878580242,14.241335806212959,13.732717146672064,13.99338436126709,95300
2009-10-09 00:00:00-04:00,13.885288897585742,14.432054320818422,13.85985738364872,14.343045234680176,83700
2009-10-12 00:00:00-04:00,14.482916136051136,14.559208252579545,14.273110996636023,14.343045234680176,43500
2009-10-13 00:00:00-04:00,14.292188641079743,14.412985951131077,13.95522944679591,14.190464973449707,27900
2009-10-14 00:00:00-04:00,14.35577204923802,14.559219466875044,13.777218000591882,14.419349670410156,73700
2009-10-15 00:00:00-04:00,14.34940826363175,14.476563453674316,14.190464882399423,14.476563453674316,82900
2009-10-16 00:00:00-04:00,14.311266345454518,14.57193346932162,14.044241338975768,14.400274276733398,77200
2009-10-19 00:00:00-04:00,14.501998637602627,14.648227519085415,14.209543299921394,14.495640754699707,35800
2009-10-20 00:00:00-04:00,14.47656544317259,14.68001280508683,14.050597074423926,14.1268892288208,87700
2009-10-21 00:00:00-04:00,14.126889679329041,14.559215943504705,13.80900286304011,13.910726547241211,51200
2009-10-22 00:00:00-04:00,14.107821825724965,14.406635093477771,13.783577022346035,14.362131118774414,48200
2009-10-23 00:00:00-04:00,14.343051224239353,14.463848540601674,13.78357102304442,14.247685432434082,88100
2009-10-26 00:00:00-04:00,14.222257935866462,14.336696181101152,13.967947490521619,14.184110641479492,64400
2009-10-27 00:00:00-04:00,14.279478245361318,14.368487397466499,13.885299188332045,13.936161041259766,58100
2009-10-28 00:00:00-04:00,13.885299791138664,13.993381384882525,13.688210254067721,13.745429992675781,84400
2009-10-29 00:00:00-04:00,13.885300708019733,13.974308657224231,13.573771673161628,13.84715461730957,79200
2009-10-30 00:00:00-04:00,13.688199881097262,13.83442745222059,13.45932110011024,13.52289867401123,93400
2009-11-02 00:00:00-05:00,13.580120439454099,13.592834986059454,12.969777334659875,13.26223373413086,58600
2009-11-03 00:00:00-05:00,13.109651088877253,13.351244503472941,13.014284086596144,13.160512924194336,48100
2009-11-04 00:00:00-05:00,13.230447455373703,13.376676295906535,12.855340957641602,12.855340957641602,72400
2009-11-05 00:00:00-05:00,12.950708690626268,13.185944242185666,12.798121960384297,13.116008758544922,65200
2009-11-06 00:00:00-05:00,12.937995654336566,13.274954955309877,12.937995654336566,13.096939086914062,33600
2009-11-09 00:00:00-05:00,13.268600582808567,13.446616482030768,13.268600582808567,13.351250648498535,107600
2009-11-10 00:00:00-05:00,13.351243857282634,13.351243857282634,13.007925576027327,13.224088668823242,71000
2009-11-11 00:00:00-05:00,13.408470391146349,13.548340199484128,13.096941354865132,13.351250648498535,42500
2009-11-12 00:00:00-05:00,13.287669161839693,13.497474419718772,12.747261311956606,12.753619194030762,47600
2009-11-13 00:00:00-05:00,12.791764734669467,13.052431800801951,12.58195950552279,12.842626571655273,31900
2009-11-16 00:00:00-05:00,12.810842641626074,13.484762572915185,12.664614949367163,13.351250648498535,143200
2009-11-17 00:00:00-05:00,13.268595949489539,13.41482359068658,13.249522304386556,13.376677513122559,108100
2009-11-18 00:00:00-05:00,13.402112507225217,13.402112507225217,13.12872956182842,13.351250648498535,27700
2009-11-19 00:00:00-05:00,13.26859409051428,13.26859409051428,12.683682395032292,12.925275802612305,62300
2009-11-20 00:00:00-05:00,12.861704961576837,13.24952740617667,12.861704961576837,13.236811637878418,80100
2009-11-23 00:00:00-05:00,13.478403877800552,13.783574984337983,13.421184143744512,13.491118431091309,131300
2009-11-24 00:00:00-05:00,13.465688146593108,13.567411849034578,13.249524975744437,13.554696083068848,39800
2009-11-25 00:00:00-05:00,13.58648347513081,13.847150575407378,13.262238767133665,13.268596649169922,13800
2009-11-27 00:00:00-05:00,12.759973792230548,13.2304460308604,12.759973792230548,12.766331672668457,31200
2009-11-30 00:00:00-05:00,12.70911607729857,13.039718691287355,12.416660758291478,13.001572608947754,88000
2009-12-01 00:00:00-05:00,13.166870952974563,13.173228834626332,12.715472269476283,12.77904987335205,66000
2009-12-02 00:00:00-05:00,12.772698298291456,13.351252475205632,12.772698298291456,13.03972339630127,66100
2009-12-03 00:00:00-05:00,13.128721662530333,13.427535963820862,12.728184917633236,12.772688865661621,38200
2009-12-04 00:00:00-05:00,13.07150981918061,13.446616482030768,12.925282126921697,13.351250648498535,86500
2009-12-07 00:00:00-05:00,13.332168609506299,13.522901369223698,12.995209462162954,13.192298889160156,22400
2009-12-08 00:00:00-05:00,13.052426072714645,13.300377267626263,12.912555172904963,13.185937881469727,25500
2009-12-09 00:00:00-05:00,13.160516731719587,13.28767075047886,12.880775950221734,12.99521541595459,27800
2009-12-10 00:00:00-05:00,13.01428455980305,13.141439759040095,12.887130573207857,13.109651565551758,55800
2009-12-11 00:00:00-05:00,13.147796525861006,13.446609642306303,13.071503170257023,13.224088668823242,64300
2009-12-14 00:00:00-05:00,13.27495838828472,13.414829421215288,13.0333648418521,13.395755767822266,36200
2009-12-15 00:00:00-05:00,13.338529759785738,13.49111527738581,13.058790250506556,13.116008758544922,69600
2009-12-16 00:00:00-05:00,13.262240394579612,13.287670713203264,12.734548247235667,12.93163776397705,42900
2009-12-17 00:00:00-05:00,12.798123882966824,13.166872575722294,12.562888296069447,13.077864646911621,125400
2009-12-18 00:00:00-05:00,13.20502223275109,13.459331512451172,12.982501158272658,13.459331512451172,304100
2009-12-21 00:00:00-05:00,13.478400340860825,13.82807532376126,13.294025421142578,13.294025421142578,70700
2009-12-22 00:00:00-05:00,13.281314258342151,13.41482738655814,13.1605181097685,13.313103675842285,110800
2009-12-23 00:00:00-05:00,13.447770068091657,13.531137952205352,13.16560504396167,13.460596084594727,39600
2009-12-24 00:00:00-05:00,13.505489188186502,13.704288822634519,13.428535516854055,13.543967247009277,12700
2009-12-28 00:00:00-05:00,13.627326755194385,13.627326755194385,13.216904129036068,13.53754711151123,32400
2009-12-29 00:00:00-05:00,13.569615336602586,13.569615336602586,13.40288078467457,13.441357612609863,27600
2009-12-30 00:00:00-05:00,13.370817992079461,13.62733223660786,13.370817992079461,13.620919227600098,50700
2009-12-31 00:00:00-05:00,13.531136292897562,13.71710861676147,13.35798876080778,13.377227783203125,98500
2010-01-04 00:00:00-05:00,13.582439593115826,13.710696077327999,13.204080701851039,13.6080904006958,63100
2010-01-05 00:00:00-05:00,13.608093988498132,13.6209200072478,13.390056562379652,13.467011451721191,70500
2010-01-06 00:00:00-05:00,13.428534728874075,13.595269304519206,13.357992848328236,13.505488395690918,132100
2010-01-07 00:00:00-05:00,13.524720682084132,13.608087316771323,13.441352824241067,13.59526252746582,34800
2010-01-08 00:00:00-05:00,13.576027056017239,13.755587607925762,13.505485192203857,13.678632736206055,85500
2010-01-11 00:00:00-05:00,13.774819005332507,13.774819005332507,13.614497551667588,13.646562576293945,31000
2010-01-12 00:00:00-05:00,13.62732899491317,13.691457846579278,13.614502979948728,13.66580581665039,56300
2010-01-13 00:00:00-05:00,13.685049004020255,13.96721530333227,13.627333142271059,13.697875022888184,80700
2010-01-14 00:00:00-05:00,13.646572011423343,14.037755797081225,13.646572011423343,13.947976112365723,45400
2010-01-15 00:00:00-05:00,13.980040669593627,13.980040669593627,13.62733369842638,13.742765426635742,66700
2010-01-19 00:00:00-05:00,13.755591385534256,14.101885345482918,13.723526337196818,14.09547233581543,69600
2010-01-20 00:00:00-05:00,13.928735578680458,14.0826441171947,13.755589237324644,13.96721363067627,70600
2010-01-21 00:00:00-05:00,14.04416910163969,14.691868382652885,13.678636122578771,14.332748413085938,95000
2010-01-22 00:00:00-05:00,14.249378865814991,14.448178467680494,13.960800810880356,14.121122360229492,97700
2010-01-25 00:00:00-05:00,14.23014214284546,14.371224676645218,13.755590467530155,14.223729133605957,46500
2010-01-26 00:00:00-05:00,14.12112243397378,14.550784237399528,14.005690722134569,14.236554145812988,115100
2010-01-27 00:00:00-05:00,14.191660632642558,15.160002775262019,14.050578133187406,14.986856460571289,91400
2010-01-28 00:00:00-05:00,15.02533479401199,15.198482349265733,14.92272910715561,14.967618942260742,127700
2010-01-29 00:00:00-05:00,15.006101617612234,15.153597197059574,14.832953994874881,14.941972732543945,178400
2010-02-01 00:00:00-05:00,14.94838025184572,15.127940819441198,14.775233915873121,14.935555458068848,78000
2010-02-02 00:00:00-05:00,14.935554536475005,14.967618353673142,14.723928939604894,14.858599662780762,87600
2010-02-03 00:00:00-05:00,14.845776563502397,14.941969257152747,14.762409888513815,14.909905433654785,111100
2010-02-04 00:00:00-05:00,14.832943491939673,14.929137363007364,14.627732183552913,14.6533842086792,100500
2010-02-05 00:00:00-05:00,14.7495839744578,14.974034410004755,14.60850143764714,14.88425350189209,57700
2010-02-08 00:00:00-05:00,14.826534553919688,14.826534553919688,14.621321982998225,14.666213035583496,53400
2010-02-09 00:00:00-05:00,14.826537697065184,14.897078348341186,14.698279965943843,14.871427536010742,45900
2010-02-10 00:00:00-05:00,14.781644874593864,15.012508273855843,14.685452199286782,14.974031448364258,58200
2010-02-11 00:00:00-05:00,14.897071270970956,15.185650417316259,14.813704641557754,15.166411399841309,63000
2010-02-12 00:00:00-05:00,14.95479472142122,15.692273642943245,14.95479472142122,15.685860633850098,117000
2010-02-16 00:00:00-05:00,15.794877549427367,15.993677139282227,15.679447068321155,15.993677139282227,67400
2010-02-17 00:00:00-05:00,16.000095082412074,16.000095082412074,15.692276701722367,15.955204010009766,57700
2010-02-18 00:00:00-05:00,15.910311269644474,16.096284866333008,15.8525954102002,16.096284866333008,75000
2010-02-19 00:00:00-05:00,16.05781471282726,16.256613187394862,16.05781471282726,16.21172332763672,157800
2010-02-22 00:00:00-05:00,16.237363578166924,16.384859085083008,16.134757901776936,16.384859085083008,35200
2010-02-23 00:00:00-05:00,16.333554189765906,16.42974806952805,16.19888471514849,16.282251358032227,76100
2010-02-24 00:00:00-05:00,16.29507359921104,16.468221074909582,16.230944768601688,16.346376419067383,72700
2010-02-25 00:00:00-05:00,16.089870081010297,16.32073349330261,15.897484719537571,16.198888778686523,58400
2010-02-26 00:00:00-05:00,16.096282660731386,16.166823305709073,15.640968856744667,15.762813568115234,101400
2010-03-01 00:00:00-05:00,15.910306783967217,16.038564485051104,15.583250747043788,15.948784828186035,95700
2010-03-02 00:00:00-05:00,16.07703851367991,16.243773006866274,15.910304020493541,16.23736000061035,61500
2010-03-03 00:00:00-05:00,16.256604392648665,16.62213730796417,16.07063081922497,16.410512924194336,70400
2010-03-04 00:00:00-05:00,16.4554074003113,16.718334702078693,16.365627704046325,16.71192169189453,32000
2010-03-05 00:00:00-05:00,16.73115631604777,17.19929492779047,16.211714859499793,17.160818099975586,74000
2010-03-08 00:00:00-05:00,16.647780872589397,16.917120991356757,16.5964780510697,16.654193878173828,74800
2010-03-09 00:00:00-05:00,16.532350351762787,16.76962544131954,16.532350351762787,16.679845809936523,48300
2010-03-10 00:00:00-05:00,16.66702601793636,16.93636623574219,16.538769528554088,16.673439025878906,67900
2010-03-11 00:00:00-05:00,16.54518460609755,17.01973750303981,16.448991914127905,16.74398422241211,38000
2010-03-12 00:00:00-05:00,16.788871210311353,16.820935027799447,16.39768627654422,16.60289764404297,67900
2010-03-15 00:00:00-04:00,16.615723943767527,16.724742637505642,16.551595084541063,16.583660125732422,29100
2010-03-16 00:00:00-04:00,16.654201157162458,16.654201157162458,16.269430439172304,16.53877067565918,75500
2010-03-17 00:00:00-04:00,16.570836248632812,16.72474479675293,16.50670738112699,16.72474479675293,46400
2010-03-18 00:00:00-04:00,16.634957282900565,16.73756293333132,16.391267945760653,16.493873596191406,41600
2010-03-19 00:00:00-04:00,16.596480600552304,16.596480600552304,16.218122998195135,16.590068817138672,122100
2010-03-22 00:00:00-04:00,16.404093259439765,16.840167866782252,16.26942380766647,16.80169105529785,47100
2010-03-23 00:00:00-04:00,16.814518662441834,17.013318205275137,16.493875658956366,16.97484016418457,33700
2010-03-24 00:00:00-04:00,16.936361721100972,16.936361721100972,16.545176902975395,16.64137077331543,55800
2010-03-25 00:00:00-04:00,16.78344289632139,16.78990069824007,16.3443222194493,16.370153427124023,88700
2010-03-26 00:00:00-04:00,16.49285004832245,16.54451123462879,16.014982535363988,16.079559326171875,43300
2010-03-29 00:00:00-04:00,16.176424551130662,16.18934015615485,15.982695402567375,16.02789878845215,38000
2010-03-30 00:00:00-04:00,16.027898139865535,16.273289698595537,15.918117965002079,16.079559326171875,46800
2010-03-31 00:00:00-04:00,15.976237948863163,16.447646457239298,15.86645776716051,15.924576759338379,79400
2010-04-01 00:00:00-04:00,15.982694010863277,16.111847586459255,15.61460792162445,15.879371643066406,43200
2010-04-05 00:00:00-04:00,15.8664585351248,15.8664585351248,15.278812013949803,15.575864791870117,250000
2010-04-06 00:00:00-04:00,15.49191244007044,15.976236510137376,15.440251255197959,15.91811752319336,101300
2010-04-07 00:00:00-04:00,15.853541727627022,15.931034125641643,15.633981370235457,15.763134956359863,136800
2010-04-08 00:00:00-04:00,15.743763161294249,15.89229017005835,15.395050413765503,15.724390983581543,116000
2010-04-09 00:00:00-04:00,15.763134956359865,15.995610918703846,15.550032401444508,15.763134956359863,59000
2010-04-12 00:00:00-04:00,15.730844329150068,15.918115640273463,15.58877516378095,15.776047706604004,100000
2010-04-13 00:00:00-04:00,15.569402976138813,15.931031227111816,15.414419440007526,15.931031227111816,43800
2010-04-14 00:00:00-04:00,15.982692209811685,16.28620147705078,15.814793073136979,16.28620147705078,112300
2010-04-15 00:00:00-04:00,15.730849419935335,16.71886993745439,15.588780208590071,16.5251407623291,105600
2010-04-16 00:00:00-04:00,16.518684578002986,16.654295999242624,15.885834563418472,16.48639678955078,93500
2010-04-19 00:00:00-04:00,16.454099192222092,16.94488095740244,16.421811420600825,16.93842315673828,80200
2010-04-20 00:00:00-04:00,16.977175312708408,17.33880364200648,16.93842849650867,17.23548126220703,67300
2010-04-21 00:00:00-04:00,17.429209197364155,17.700430733292787,17.20319104547366,17.59065055847168,94100
2010-04-22 00:00:00-04:00,17.390462767011496,18.074973759830915,17.377547163145145,18.03622817993164,88600
2010-04-23 00:00:00-04:00,17.939360450201974,18.229954095741473,17.706884548410727,18.13954734802246,86000
2010-04-26 00:00:00-04:00,18.042686713996225,18.15246688791527,17.42920905414864,17.467954635620117,64600
2010-04-27 00:00:00-04:00,17.345257929016324,17.79729294109148,17.08049423048239,17.119239807128906,73800
2010-04-28 00:00:00-04:00,17.196726328156117,17.584185685350747,17.119235195736795,17.203184127807617,40600
2010-04-29 00:00:00-04:00,17.306510581750643,17.90061474252893,17.1386126776108,17.732715606689453,92300
2010-04-30 00:00:00-04:00,17.784380803290436,17.784380803290436,16.751155853271484,16.751155853271484,91100
2010-05-03 00:00:00-04:00,16.796361330636767,17.203193066473652,16.796361330636767,17.099870681762695,54900
2010-05-04 00:00:00-04:00,16.87385032769586,16.87385032769586,16.221628320189474,16.318492889404297,106500
2010-05-05 00:00:00-04:00,16.169967948198426,16.421816087170406,16.002068778317145,16.20871353149414,83500
2010-05-06 00:00:00-04:00,16.079558576710372,16.31203452010322,15.117368256789646,15.879371643066406,107600
2010-05-07 00:00:00-04:00,15.84707630342609,16.092466501928325,15.285260118869518,15.51127815246582,92200
2010-05-10 00:00:00-04:00,16.16996570502314,16.33786361991293,16.01498092994074,16.299118041992188,106800
2010-05-11 00:00:00-04:00,16.04081268803968,16.906138425461933,15.737303392439244,16.7124080657959,80400
2010-05-12 00:00:00-04:00,16.71240492938924,17.20318669072549,16.71240492938924,17.177356719970703,82800
2010-05-13 00:00:00-04:00,17.06757973477544,17.209647679494243,16.86093500365727,17.048206329345703,62800
2010-05-14 00:00:00-04:00,16.931971172034466,16.931971172034466,15.982696318928287,16.602630615234375,159200
2010-05-17 00:00:00-04:00,16.718869340304106,16.906141937043095,16.447647765795928,16.854480743408203,54000
2010-05-18 00:00:00-04:00,17.04175426638331,17.04175426638331,16.312039659926842,16.33786964416504,37700
2010-05-19 00:00:00-04:00,16.31849146291658,16.628458549988036,16.202253497339854,16.324949264526367,48800
2010-05-20 00:00:00-04:00,15.98269668906707,16.00852790119469,15.356304575372196,15.478999137878418,100100
2010-05-21 00:00:00-04:00,15.369214699452476,16.499304051815148,15.233604568384786,15.847082138061523,101800
2010-05-24 00:00:00-04:00,15.879367121121728,15.976231659384846,15.110906151728722,15.143195152282715,50000
2010-05-25 00:00:00-04:00,15.123822019426886,15.123822019426886,14.665328057046807,14.988210678100586,117700
2010-05-26 00:00:00-04:00,15.072163397260404,15.478995026614884,15.001128814476422,15.272350311279297,189300
2010-05-27 00:00:00-04:00,15.621064756140575,16.06018540793183,15.433792206294425,16.021438598632812,80900
2010-05-28 00:00:00-04:00,16.01498685794409,16.01498685794409,15.433798047205023,15.640442848205566,65100
2010-06-01 00:00:00-04:00,15.56294940364233,15.78250978074608,15.317557814314613,15.324015617370605,64900
2010-06-02 00:00:00-04:00,15.388591976439159,15.866458303625652,15.388591976439159,15.78896713256836,93200
2010-06-03 00:00:00-04:00,15.730855066411848,16.002076747960345,15.56295581291035,15.801888465881348,62700
2010-06-04 00:00:00-04:00,15.395049177594123,15.459625972084515,15.046335226365944,15.059250831604004,161600
2010-06-07 00:00:00-04:00,15.175485602198227,15.349842540895228,15.078621046821997,15.162569999694824,84800
2010-06-08 00:00:00-04:00,15.26589493039835,15.26589493039835,14.7621986648308,15.11091136932373,48000
2010-06-09 00:00:00-04:00,15.233608479645218,15.233608479645218,14.89135231592853,15.033421516418457,44900
2010-06-10 00:00:00-04:00,15.27235662560832,15.453171442134357,15.11737302502893,15.41442584991455,83300
2010-06-11 00:00:00-04:00,15.34984434684779,15.795421600341797,15.34984434684779,15.795421600341797,40400
2010-06-14 00:00:00-04:00,15.995601732149055,16.060178488123697,15.640430190138122,15.769583702087402,64700
2010-06-15 00:00:00-04:00,15.924575644609995,16.053729225231095,15.49191275073909,15.995610237121582,75900
2010-06-16 00:00:00-04:00,15.872915347328766,16.286204857734102,15.84708536877838,16.12476348876953,38400
2010-06-17 00:00:00-04:00,16.27974828232439,16.479936481754393,16.176425896934706,16.383071899414062,64300
2010-06-18 00:00:00-04:00,16.50576579301249,16.718868358200798,16.286205425036663,16.40890121459961,119800
2010-06-21 00:00:00-04:00,16.628464671673346,16.628464671673346,16.241005054342864,16.36370086669922,66200
2010-06-22 00:00:00-04:00,16.467021160076662,16.699497147068808,16.312037579315234,16.395986557006836,70900
2010-06-23 00:00:00-04:00,16.467018327597014,16.467018327597014,16.182881195891945,16.253915786743164,56200
2010-06-24 00:00:00-04:00,16.221389434882948,16.351472003190807,15.967726131626007,16.149843215942383,66100
2010-06-25 00:00:00-04:00,16.26042091777684,16.696200247996128,16.019766142342213,16.53359603881836,158800
2010-06-28 00:00:00-04:00,16.572619306728274,16.650669866415548,16.37749476836743,16.520586013793945,43300
2010-06-29 00:00:00-04:00,16.208386285013805,16.292939920968127,15.961228453279073,16.0457820892334,55800
2010-06-30 00:00:00-04:00,16.0132633917826,16.214892267909068,15.948221458672604,16.052288055419922,130000
2010-07-01 00:00:00-04:00,16.000260200646238,16.266931100609334,15.779118297178487,16.05879783630371,89200
2010-07-02 00:00:00-04:00,16.201892127485568,16.201892127485568,15.66855022939265,15.675054550170898,75300
2010-07-06 00:00:00-04:00,15.96773027030622,16.01326048361466,15.49292635380425,15.610001564025879,152400
2010-07-07 00:00:00-04:00,15.766109658016356,16.065302155884776,15.694563383196757,16.05879783630371,106700
2010-07-08 00:00:00-04:00,16.182371956062063,16.364489135004554,15.96773442828817,16.240909576416016,56400
2010-07-09 00:00:00-04:00,16.25391799350455,16.42302653441066,15.935213865071727,16.325464248657227,162200
2010-07-12 00:00:00-04:00,16.273430974666496,16.364488942782252,16.097818115667444,16.10432243347168,59600
2010-07-13 00:00:00-04:00,16.27993487785535,16.65067229925249,16.227901577318413,16.61815071105957,83200
2010-07-14 00:00:00-04:00,16.494564011298547,16.494564011298547,16.24740502898251,16.38399314880371,21900
2010-07-15 00:00:00-04:00,16.35148442402933,16.42953501675939,15.922209265444224,16.019771575927734,40700
2010-07-16 00:00:00-04:00,15.844157996258211,16.006762240914156,15.252278644956329,15.330327987670898,96600
2010-07-19 00:00:00-04:00,15.34332386636359,15.349828179609851,14.940065129091744,15.083157539367676,49500
2010-07-20 00:00:00-04:00,14.855520427186253,14.91405804085907,14.634378606771529,14.875033378601074,143800
2010-07-21 00:00:00-04:00,14.94658135968936,15.089673884057193,14.419743972388238,14.43275260925293,43900
2010-07-22 00:00:00-04:00,14.679907358786279,15.122190992765061,14.679907358786279,14.998611450195312,100100
2010-07-23 00:00:00-04:00,14.875039176861865,15.525456257360776,14.764468223554164,15.505943298339844,77600
2010-07-26 00:00:00-04:00,15.59699660759162,15.818138447780306,15.25877952958872,15.668542861938477,79900
2010-07-27 00:00:00-04:00,15.7856142419228,15.831143214263383,15.525447799568436,15.557968139648438,74800
2010-07-28 00:00:00-04:00,15.499428971301318,15.499428971301318,14.979096139089256,15.128691673278809,51800
2010-07-29 00:00:00-04:00,15.23276438955846,16.279936032796623,15.23276438955846,15.88968563079834,168600
2010-07-30 00:00:00-04:00,15.681541549131857,16.019757172001675,15.42787828126578,15.48641586303711,102800
2010-08-02 00:00:00-04:00,15.67504189571536,15.824637431129618,15.44089149901733,15.681546211242676,63100
2010-08-03 00:00:00-04:00,15.603491884918203,15.974229096149989,15.499425342838087,15.544954299926758,42700
2010-08-04 00:00:00-04:00,15.59699224347917,15.675042793706986,15.278288207810792,15.349834442138672,123400
2010-08-05 00:00:00-04:00,15.258777534081153,15.421381734097729,14.86202412962939,14.953082084655762,83900
2010-08-06 00:00:00-04:00,14.875034105735509,14.88804150007625,14.23762464131438,14.439254760742188,56800
2010-08-09 00:00:00-04:00,14.595357200974748,14.614868916171304,14.302669067307182,14.588852882385254,121800
2010-08-10 00:00:00-04:00,14.361203962951214,14.731941368045215,14.309170664702435,14.452261924743652,62400
2010-08-11 00:00:00-04:00,14.172585330254073,14.419743214839194,13.99046814543168,14.042501449584961,131200
2010-08-12 00:00:00-04:00,13.77582683387677,14.270143708094398,13.77582683387677,14.185588836669922,84000
2010-08-13 00:00:00-04:00,14.107541085028895,14.237623703873277,13.944936881044699,13.996970176696777,113100
2010-08-16 00:00:00-04:00,13.87989780238684,14.31567720820018,13.834368814410679,14.302668571472168,84500
2010-08-17 00:00:00-04:00,14.478280985028231,14.608363626454755,14.283155162030685,14.400230407714844,67000
2010-08-18 00:00:00-04:00,14.367710514540345,14.504297478468825,14.205106277155842,14.302668571472168,30800
2010-08-19 00:00:00-04:00,14.211609597006754,14.406734171929878,14.107542991638184,14.107542991638184,96100
2010-08-20 00:00:00-04:00,14.01648415859946,14.237626011100037,13.879897200593014,14.153072357177734,62900
2010-08-23 00:00:00-04:00,14.224616628123561,14.237624021898407,13.743307081876322,13.84737491607666,59000
2010-08-24 00:00:00-04:00,13.65874865798982,14.022981608176273,13.33354035660911,13.912410736083984,82000
2010-08-25 00:00:00-04:00,13.840867769101834,13.918917078080137,13.613221676867552,13.853875160217285,43800
2010-08-26 00:00:00-04:00,13.89290463039479,14.140062493190074,13.74330780864246,13.749812126159668,25100
2010-08-27 00:00:00-04:00,13.899405680101653,14.211605404097787,13.567693008141477,14.179083824157715,45100
2010-08-30 00:00:00-04:00,14.11404382724927,14.11404382724927,13.580701055609914,13.600214004516602,75900
2010-08-31 00:00:00-04:00,13.57420052449507,13.788838040418554,13.57420052449507,13.639241218566895,265900
2010-09-01 00:00:00-04:00,13.89290879381474,14.19210004583745,13.665262574778456,14.094537734985352,118000
2010-09-02 00:00:00-04:00,14.133556591634125,14.205102835733037,13.827861146016952,14.009978294372559,41600
2010-09-03 00:00:00-04:00,14.159578550171082,14.296165526263414,14.009982936192246,14.26364517211914,42400
2010-09-07 00:00:00-04:00,14.211609998226075,14.231121711926164,13.899410173306398,14.042501449584961,111600
2010-09-08 00:00:00-04:00,14.075018631049012,14.504293603822745,14.035993971861823,14.192093849182129,80400
2010-09-09 00:00:00-04:00,14.426247680343254,14.47177666687113,14.198601507132036,14.400230407714844,35000
2010-09-10 00:00:00-04:00,14.41323726119999,14.653892040957892,14.322179299407551,14.452261924743652,35900
2010-09-13 00:00:00-04:00,14.608360478238446,14.901048529372273,14.478277864845746,14.849015235900879,62600
2010-09-14 00:00:00-04:00,14.790477167281392,14.790477167281392,14.452260149913704,14.504293441772461,36200
2010-09-15 00:00:00-04:00,14.471777314373377,14.67340622397755,14.348197745002867,14.627877235412598,27200
2010-09-16 00:00:00-04:00,14.556333649666625,14.653897203756484,14.556333649666625,14.608366966247559,117600
2010-09-17 00:00:00-04:00,14.790478190686592,14.790478190686592,14.543320347398659,14.582345008850098,115500
2010-09-20 00:00:00-04:00,14.640874163189167,15.154702503934738,14.439245414838695,15.083157539367676,60800
2010-09-21 00:00:00-04:00,15.076665463725606,15.154714804890931,14.647390365600586,14.647390365600586,37800
2010-09-22 00:00:00-04:00,14.367708509295436,14.868529788279286,14.367708509295436,14.439254760742188,41900
2010-09-23 00:00:00-04:00,14.373679987498207,14.740890438620916,14.275320201572262,14.321221351623535,47600
2010-09-24 00:00:00-04:00,14.5572876663575,14.754007262911239,14.41302546155291,14.688433647155762,73400
2010-09-27 00:00:00-04:00,14.688434177679953,14.688434177679953,14.498272060904661,14.55073070526123,21900
2010-09-28 00:00:00-04:00,14.727776295144087,14.727776295144087,14.347450850988178,14.708105087280273,114200
2010-09-29 00:00:00-04:00,14.60974998522896,14.904829454313612,14.465487744122102,14.721224784851074,47600
2010-09-30 00:00:00-04:00,14.754005389699605,14.91138129710423,14.642530632282263,14.767120361328125,58800
2010-10-01 00:00:00-04:00,14.87203397184183,14.95727876501719,14.504823611628218,14.8064603805542,53100
2010-10-04 00:00:00-04:00,14.799909193146847,14.944171405500105,14.41302621572944,14.655648231506348,57700
2010-10-05 00:00:00-04:00,14.85237091645581,15.337613797861762,14.694994948219799,15.245811462402344,67000
2010-10-06 00:00:00-04:00,15.160561484227495,15.226133844098223,14.89170955576461,15.00318431854248,49900
2010-10-07 00:00:00-04:00,15.154000793104863,15.154000793104863,14.662200693812016,14.911378860473633,38500
2010-10-08 00:00:00-04:00,14.963840264533998,15.44252548317074,14.806464353641612,15.376953125,48800
2010-10-11 00:00:00-04:00,15.337612364689827,15.403185991339111,15.042532920837402,15.042532920837402,20100
2010-10-12 00:00:00-04:00,15.042532218781707,15.193350677537124,14.694992889259673,15.140892028808594,15900
2010-10-13 00:00:00-04:00,15.180232319445807,15.7113761757848,14.91138164829196,15.37039566040039,47300
2010-10-14 00:00:00-04:00,15.331053455147268,15.331053455147268,14.872040612597067,15.239251136779785,52800
2010-10-15 00:00:00-04:00,15.416295279612708,15.481868882071348,14.911380166607357,15.081871032714844,80300
2010-10-18 00:00:00-04:00,15.16711416385304,15.58022693817864,15.062196911801651,15.56711196899414,39500
2010-10-19 00:00:00-04:00,15.344164848327637,15.606458018671807,15.140887797649965,15.344164848327637,41100
2010-10-20 00:00:00-04:00,15.40318502869804,15.540889761126799,15.278595270922082,15.44908618927002,43500
2010-10-21 00:00:00-04:00,15.567117235857713,15.731050653991066,14.88515486679358,15.350725173950195,87300
2010-10-22 00:00:00-04:00,15.455636227227139,15.59334089328445,15.370391434496206,15.586783409118652,92300
2010-10-25 00:00:00-04:00,15.632689143746536,15.921212278309458,15.41629710550249,15.462198257446289,64500
2010-10-26 00:00:00-04:00,15.331051660002545,15.59334611156181,15.239249352384386,15.291707992553711,105800
2010-10-27 00:00:00-04:00,15.180232691903676,15.429412161977785,14.793349765245923,15.00318431854248,82600
2010-10-28 00:00:00-04:00,15.160562680025045,15.160562680025045,14.681876160508944,14.688433647155762,67400
2010-10-29 00:00:00-04:00,14.688431400152554,15.475312167417648,14.688431400152554,15.403181076049805,78300
2010-11-01 00:00:00-04:00,15.363837856757172,15.521213764614235,14.95072500425891,15.193346977233887,56100
2010-11-02 00:00:00-04:00,15.383510187475176,15.67203333164912,15.311380339466163,15.665475845336914,44500
2010-11-03 00:00:00-04:00,15.632687292198876,15.888422966003416,15.619572321564684,15.888422966003418,31700
2010-11-04 00:00:00-04:00,15.960555047481414,16.813008180378482,15.960555047481414,16.760549545288086,113600
2010-11-05 00:00:00-04:00,16.832681426167827,17.160548223521534,16.54415829429704,16.721206665039062,45100
2010-11-08 00:00:00-05:00,16.760551002138666,16.780223461024715,16.41301298347349,16.537601470947266,32400
2010-11-09 00:00:00-05:00,16.56382948479049,16.662189266326763,16.386781127597708,16.544157028198242,35800
2010-11-10 00:00:00-05:00,16.603175025449726,17.081860266931997,16.491700260241686,17.07530403137207,32400
2010-11-11 00:00:00-05:00,16.852350528687754,16.85890676270231,16.563827454266622,16.583499908447266,25700
2010-11-12 00:00:00-05:00,16.39333401230526,16.82611793017315,16.235958155872584,16.603168487548828,33100
2010-11-15 00:00:00-05:00,16.65563027863622,16.917923422647743,16.531040566213612,16.7933349609375,22000
2010-11-16 00:00:00-05:00,16.68841971919298,16.747435840063407,16.235963209423865,16.40645408630371,38900
2010-11-17 00:00:00-05:00,16.406459303047868,16.43924549141753,15.967117625044633,16.045804977416992,26700
2010-11-18 00:00:00-05:00,16.28842463313945,16.622848958421113,16.18350734489964,16.334325790405273,28300
2010-11-19 00:00:00-05:00,16.35399696989797,16.35399696989797,15.783508165408884,16.163833618164062,60700
2010-11-22 00:00:00-05:00,16.13105063828092,16.13105063828092,15.652365296852787,15.829412460327148,43800
2010-11-23 00:00:00-05:00,15.69826924893793,15.940890081225858,15.501548336871744,15.842530250549316,44400
2010-11-24 00:00:00-05:00,16.032684875456127,16.314649235136777,15.357278907554408,16.2359619140625,41100
2010-11-26 00:00:00-05:00,16.111374934848097,16.275308340779745,16.111374934848097,16.17694854736328,12000
2010-11-29 00:00:00-05:00,16.05891759609759,16.419571868795575,15.947442821003703,16.334325790405273,28900
2010-11-30 00:00:00-05:00,16.15726961468226,16.15726961468226,15.822845450489492,15.927763938903809,72700
2010-12-01 00:00:00-05:00,16.229407642913582,16.95071489940783,16.098260414200933,16.9113712310791,60300
2010-12-02 00:00:00-05:00,16.93759342130539,17.003167010477384,16.76710258974309,16.950708389282227,52300
2010-12-03 00:00:00-05:00,16.806446242961407,16.963823357259063,16.629399178122874,16.950708389282227,40300
2010-12-06 00:00:00-05:00,16.858900242081628,17.12775200904899,16.858900242081628,17.016277313232422,24800
2010-12-07 00:00:00-05:00,17.121206633140954,17.304811261455992,17.03596055509806,17.193336486816406,39500
2010-12-08 00:00:00-05:00,17.298249274942183,17.57365739648726,17.186774529299836,17.383495330810547,41400
2010-12-09 00:00:00-05:00,17.442509017062942,17.685129679211485,17.363820457274734,17.534311294555664,41600
2010-12-10 00:00:00-05:00,17.58021718284189,18.013001251819098,17.508087338487396,17.980215072631836,33600
2010-12-13 00:00:00-05:00,17.999878823029956,18.183483338799025,17.711355833048902,17.91463279724121,55500
2010-12-14 00:00:00-05:00,17.9933232179978,18.091682968954863,17.81627491584783,17.927749633789062,51900
2010-12-15 00:00:00-05:00,17.947428125405796,18.065459115856488,17.494971617851025,17.665462493896484,62400
2010-12-16 00:00:00-05:00,17.60644421320956,18.039228210568744,17.586771758525103,17.92119598388672,64200
2010-12-17 00:00:00-05:00,17.98677737129233,18.098252161353667,17.921203744659852,18.052350997924805,162900
2010-12-20 00:00:00-05:00,18.06545573882501,18.09824316119268,17.816277582392065,17.888408660888672,48000
2010-12-21 00:00:00-05:00,18.019561722644987,18.19005263422732,17.90152945687931,18.032676696777344,34700
2010-12-22 00:00:00-05:00,18.13168096301049,18.46170792726665,18.13168096301049,18.303295135498047,39100
2010-12-23 00:00:00-05:00,18.31649826303979,18.41550610996831,17.8280584604331,18.09868049621582,28200
2010-12-27 00:00:00-05:00,18.07887743032684,18.441907861063942,18.07887743032684,18.42210578918457,30200
2010-12-28 00:00:00-05:00,18.382496074160603,18.580511683567416,18.303289075026353,18.540908813476562,44300
2010-12-29 00:00:00-05:00,18.501318611359498,18.752138638943077,18.3561058900107,18.51451873779297,58700
2010-12-30 00:00:00-05:00,18.5475163713841,18.5475163713841,18.270293660163727,18.40230369567871,36200
2010-12-31 00:00:00-05:00,18.30989736401343,18.448509355300907,17.847860330612324,17.854459762573242,62800
2011-01-03 00:00:00-05:00,18.085477083798626,18.765333071899672,18.085477083798626,18.65312385559082,69600
2011-01-04 00:00:00-05:00,18.732331042059847,18.76533449580376,17.821457120929455,18.065677642822266,58500
2011-01-05 00:00:00-05:00,18.07887312793173,18.580514165585296,18.065673008773178,18.48150634765625,66900
2011-01-06 00:00:00-05:00,18.534315011928328,18.5541170838077,18.184485962444143,18.42210578918457,43800
2011-01-07 00:00:00-05:00,18.435306610081234,18.44850799093288,17.709247029629214,17.788454055786133,53300
2011-01-10 00:00:00-05:00,17.669645528991293,18.039275409096756,17.39242280417393,17.94026756286621,79200
2011-01-11 00:00:00-05:00,18.059076125382514,18.13828189283603,17.702646394982764,17.861059188842773,33500
2011-01-12 00:00:00-05:00,18.04586974772017,18.06567181357699,17.82145137048672,17.9798641204834,49000
2011-01-13 00:00:00-05:00,17.75545316171351,18.164687214402807,17.748852470336715,17.82145881652832,29400
2011-01-14 00:00:00-05:00,17.841258140911194,18.316496516217004,17.841258140911194,18.303295135498047,34300
2011-01-18 00:00:00-05:00,18.230686312668585,18.481506200015318,18.177882059598076,18.3428955078125,39900
2011-01-19 00:00:00-05:00,18.283496951520707,18.349501346697327,17.550836582691343,17.57063865661621,34900
2011-01-20 00:00:00-05:00,17.438626051518757,17.709248080267912,17.37262040229756,17.537633895874023,57600
2011-01-21 00:00:00-05:00,17.64324148025636,18.811537253967252,17.610239286900768,18.613521575927734,161300
2011-01-24 00:00:00-05:00,18.52771773230322,18.73233414358178,18.43531056442643,18.72573471069336,32300
2011-01-25 00:00:00-05:00,18.54091726109268,18.811539304760707,18.164686676429962,18.771936416625977,107100
2011-01-26 00:00:00-05:00,18.745528835011534,19.101958513494548,18.514509738841372,19.02935218811035,81400
2011-01-27 00:00:00-05:00,19.009553150810035,19.009553150810035,18.692727558718897,18.864341735839844,49300
2011-01-28 00:00:00-05:00,18.81154082106277,19.049160686930698,18.072279715558782,18.210891723632812,74400
2011-01-31 00:00:00-05:00,18.362701711558167,18.40230459825977,17.920465490038875,17.94026756286621,69600
2011-02-01 00:00:00-05:00,18.039274640246227,18.573917994266623,17.946867488896604,18.53431510925293,73200
2011-02-02 00:00:00-05:00,18.408905107139752,18.60692205659554,18.389104293461312,18.494712829589844,56900
2011-02-03 00:00:00-05:00,18.50131607055664,18.646527513010014,18.171289034928144,18.50131607055664,34000
2011-02-04 00:00:00-05:00,18.46831383188521,18.56072226405512,18.263697408782754,18.4287109375,37600
2011-02-07 00:00:00-05:00,18.375905378637125,18.725734488372428,18.32310110348399,18.415508270263672,32700
2011-02-08 00:00:00-05:00,18.461708754889866,18.613522122057617,18.085478200204207,18.50791358947754,27100
2011-02-09 00:00:00-05:00,18.375898959334936,18.42210252658436,18.11187767580051,18.33629608154297,23500
2011-02-10 00:00:00-05:00,18.13168522810857,18.382506484957343,18.01947598350849,18.085481643676758,23400
2011-02-11 00:00:00-05:00,18.01947256826287,18.53431510925293,17.834658265563633,18.53431510925293,47200
2011-02-14 00:00:00-05:00,18.441901971584898,18.48150484374333,18.105274410856687,18.290088653564453,34700
2011-02-15 00:00:00-05:00,18.171278473074118,18.408896944525335,18.032666544021115,18.045867919921875,82200
2011-02-16 00:00:00-05:00,18.250484354117372,18.29668791118094,18.012865880797236,18.158077239990234,22900
2011-02-17 00:00:00-05:00,18.191081823501598,18.24388607554119,17.960062748721114,18.032669067382812,39700
2011-02-18 00:00:00-05:00,18.17128003708915,18.369295656833927,18.131675905978106,18.290088653564453,31400
2011-02-22 00:00:00-05:00,18.019465875373015,18.283488367940972,17.58383052516945,17.590431213378906,57800
2011-02-23 00:00:00-05:00,17.43202318455868,17.78845289048607,17.23400752056761,17.247207641601562,81300
2011-02-24 00:00:00-05:00,17.26040639552105,17.425419843392095,16.88417593580749,17.167999267578125,54400
2011-02-25 00:00:00-05:00,17.207610777399307,17.7818584180892,17.141605113338475,17.735654830932617,40200
2011-02-28 00:00:00-05:00,17.887463294279716,18.039275409096756,17.755451993336948,17.94026756286621,73900
2011-03-01 00:00:00-05:00,18.00627186076251,18.125080511942784,17.676244892149253,17.861059188842773,223900
2011-03-02 00:00:00-05:00,17.801653428199288,17.841257569086817,17.405622090947332,17.66964340209961,22000
2011-03-03 00:00:00-05:00,17.814856430180672,18.072277074618015,17.814856430180672,18.065677642822266,48900
2011-03-04 00:00:00-05:00,18.03927544483858,18.045876135794103,17.73565121460292,17.98647117614746,28800
2011-03-07 00:00:00-05:00,18.032667051955215,18.045868428227823,17.326409787753477,17.432018280029297,31800
2011-03-08 00:00:00-05:00,17.42541821621222,18.032667698031023,17.42541821621222,17.946861267089844,29900
2011-03-09 00:00:00-05:00,17.920467364511893,18.039277295997238,17.709250268072697,17.894065856933594,19900
2011-03-10 00:00:00-05:00,17.623439286851674,17.623439286851674,17.02938978137688,17.108596801757812,58300
2011-03-11 00:00:00-05:00,17.068991325391224,17.260406268861605,16.857774315098656,17.055789947509766,32200
2011-03-14 00:00:00-04:00,16.85777728048265,17.062393637827732,16.692763804795636,16.8709774017334,54000
2011-03-15 00:00:00-04:00,16.408942972009537,17.055795594951768,16.408942972009537,16.969987869262695,38800
2011-03-16 00:00:00-04:00,16.950183733587675,16.950183733587675,16.646558296035327,16.818172454833984,61800
2011-03-17 00:00:00-04:00,17.035994067358196,17.035994067358196,16.791774782625733,16.83797836303711,28500
2011-03-18 00:00:00-04:00,16.983188349821802,17.399023056030273,16.983188349821802,17.399023056030273,92000
2011-03-21 00:00:00-04:00,17.57063426268667,17.709244968638636,17.43862298743952,17.636638641357422,34900
2011-03-22 00:00:00-04:00,17.669640155697444,17.768647971819956,17.524427517028585,17.6102352142334,17300
2011-03-23 00:00:00-04:00,17.557434518691316,17.557434518691316,17.05579338856266,17.339616775512695,35700
2011-03-24 00:00:00-04:00,17.372863392122028,17.386160951696002,17.160107511438763,17.273134231567383,36200
2011-03-25 00:00:00-04:00,17.33961510787884,17.851559571436002,17.233237202220813,17.346263885498047,42400
2011-03-28 00:00:00-04:00,17.419397361391198,17.472586308694126,17.100262409449076,17.120208740234375,35100
2011-03-29 00:00:00-04:00,17.213289260864258,17.372856104440544,17.16674909000341,17.213289260864258,32200
2011-03-30 00:00:00-04:00,17.299729282623492,17.665403292592924,17.11356725369583,17.645458221435547,45900
2011-03-31 00:00:00-04:00,17.532425623572173,18.031072525324088,17.45264156131702,17.957937240600586,80900
2011-04-01 00:00:00-04:00,18.130803428524196,18.323612923335126,18.08426324936724,18.183992385864258,60600
2011-04-04 00:00:00-04:00,18.283726450601645,18.39675317393037,18.03107915216838,18.303672790527344,65800
2011-04-05 00:00:00-04:00,18.223889654075624,18.47653823387548,18.011133756217966,18.27707862854004,46800
2011-04-06 00:00:00-04:00,18.41669810092506,18.735831906501556,18.39010298306451,18.656047821044922,50800
2011-04-07 00:00:00-04:00,18.69593730715836,18.69593730715836,18.297019484205162,18.443288803100586,30800
2011-04-08 00:00:00-04:00,18.589560952836507,18.589560952836507,18.17069799923182,18.237184524536133,28400
2011-04-11 00:00:00-04:00,18.21723794868988,18.330264659794206,18.21723794868988,18.23053550720215,22600
2011-04-12 00:00:00-04:00,18.137452675853808,18.376802356012753,17.984533309936523,17.984533309936523,38200
2011-04-13 00:00:00-04:00,18.097560732975083,18.097560732975083,17.525779720833786,17.685346603393555,38200
2011-04-14 00:00:00-04:00,17.45928791780322,17.977881080237783,17.45928791780322,17.871501922607422,25300
2011-04-15 00:00:00-04:00,17.79172038891073,18.762419015847495,17.519126869394263,18.523069381713867,168400
2011-04-18 00:00:00-04:00,18.303675540325365,18.70924103474255,18.21724265578747,18.596214294433594,35100
2011-04-19 00:00:00-04:00,18.709237638767345,18.709237638767345,18.290374658431165,18.376806259155273,35300
2011-04-20 00:00:00-04:00,18.582907524447368,18.62944769690356,18.50312346586204,18.622798919677734,153700
2011-04-21 00:00:00-04:00,18.775716991497973,18.815608386728343,18.316961507912666,18.622798919677734,48000
2011-04-25 00:00:00-04:00,18.549671956631922,18.596212149958347,18.516429323720235,18.589563369750977,47800
2011-04-26 00:00:00-04:00,18.616154973694485,18.955235091461766,18.536370894403685,18.82891082763672,86100
2011-04-27 00:00:00-04:00,18.882099458661163,19.181288165577627,18.822261717277872,19.121450424194336,73000
2011-04-28 00:00:00-04:00,19.141391487908994,19.413985004398445,19.048309877995234,19.380741119384766,33000
2011-04-29 00:00:00-04:00,19.453884435869234,19.580208714864348,19.247777336127264,19.480478286743164,50000
2011-05-02 00:00:00-04:00,19.593496485008753,19.593496485008753,19.2810115814209,19.2810115814209,36000
2011-05-03 00:00:00-04:00,19.19458579123104,19.407341642180796,19.15469311808429,19.35415267944336,90000
2011-05-04 00:00:00-04:00,19.380753743478632,19.527024396566446,19.314267198268293,19.413997650146484,55100
2011-05-05 00:00:00-04:00,19.24776783092104,19.686576932705037,19.1679837814492,19.46052360534668,118100
2011-05-06 00:00:00-04:00,19.706536420071366,19.706536420071366,19.327564760935438,19.413997650146484,84000
2011-05-09 00:00:00-04:00,19.447231531718927,19.540311892224654,19.394042573126395,19.453880310058594,44000
2011-05-10 00:00:00-04:00,19.513718057255083,19.93922972621914,19.513718057255083,19.932580947875977,20200
2011-05-11 00:00:00-04:00,19.8527964660575,19.91928170762023,19.719823446682657,19.779661178588867,51600
2011-05-12 00:00:00-04:00,19.69323023277098,19.839499544256036,19.493770697337094,19.726472854614258,35400
2011-05-13 00:00:00-04:00,19.753067563226352,19.753067563226352,19.28766449642205,19.36079978942871,28000
2011-05-16 00:00:00-04:00,19.2810115814209,19.407335805477487,19.247768965254462,19.2810115814209,38000
2011-05-17 00:00:00-04:00,19.28101666667213,19.566907806353797,19.247774041738154,19.334205627441406,37700
2011-05-18 00:00:00-04:00,19.221175545068142,19.447228905591658,19.221175545068142,19.433931350708008,111400
2011-05-19 00:00:00-04:00,19.46717433879129,19.573552236697967,19.14803937694667,19.320903778076172,69600
2011-05-20 00:00:00-04:00,19.2810115814209,19.387389474902914,19.214525080963508,19.2810115814209,108200
2011-05-23 00:00:00-04:00,19.0150690928107,19.327554033293413,19.0150690928107,19.061609268188477,47700
2011-05-24 00:00:00-04:00,19.187937173347038,19.334206505070867,19.061612910239006,19.28766632080078,74000
2011-05-25 00:00:00-04:00,19.28101666667213,19.467178663427017,19.16798996652182,19.334205627441406,63200
2011-05-26 00:00:00-04:00,19.31425960249127,19.613448304212255,19.09485497727084,19.573556900024414,115200
2011-05-27 00:00:00-04:00,19.606798966657266,19.613447745186548,19.347502944639494,19.487123489379883,55200
2011-05-31 00:00:00-04:00,19.61344355200318,19.739767780802822,19.38739020283521,19.706523895263672,127200
2011-06-01 00:00:00-04:00,19.480476103400783,19.480476103400783,18.902046279377835,18.9219913482666,115000
2011-06-02 00:00:00-04:00,19.035018369023287,19.12810000849739,18.902046591113777,19.00177574157715,48800
2011-06-03 00:00:00-04:00,18.695933959900035,18.94858115059989,17.891449679695402,18.61614990234375,72000
2011-06-06 00:00:00-04:00,18.55631661433614,18.78237001866565,18.463236248362183,18.562965393066406,81000
2011-06-07 00:00:00-04:00,18.762419195051606,18.848852029747963,18.50312322721168,18.61614990234375,36300
2011-06-08 00:00:00-04:00,18.47652907891121,18.689284871350168,18.270420795376985,18.290367126464844,59800
2011-06-09 00:00:00-04:00,18.310315518154024,18.35020691669448,18.13080232253494,18.2238826751709,191300
2011-06-10 00:00:00-04:00,18.183990604178092,18.237179556306643,17.85155933634348,17.957937240600586,126600
2011-06-13 00:00:00-04:00,18.051019580096938,18.051019580096938,17.818317413330078,17.818317413330078,83300
2011-06-14 00:00:00-04:00,17.951291401104644,18.090911947746637,17.705291664670124,18.004480361938477,87100
2011-06-15 00:00:00-04:00,17.798374685552417,17.97788791791603,17.37951047670399,17.439348220825195,67500
2011-06-16 00:00:00-04:00,17.446000413807617,17.818323241543165,17.326324902147032,17.731891632080078,53400
2011-06-17 00:00:00-04:00,17.851562505440288,17.931345313734226,17.53907624660189,17.69199562072754,114600
2011-06-20 00:00:00-04:00,17.638806806080837,17.971238135699306,17.59226535470935,17.944643020629883,49500
2011-06-21 00:00:00-04:00,18.04437104700746,18.117506340788562,17.891452949214976,17.984533309936523,67900
2011-06-22 00:00:00-04:00,17.898100582961277,17.94464076034574,17.53242667369074,17.54572296142578,52900
2011-06-23 00:00:00-04:00,17.371602537837344,17.5658102249125,17.29123989942365,17.41178321838379,95600
2011-06-24 00:00:00-04:00,17.431880119885122,17.69305654815421,17.358214449421027,17.378305435180664,326200
2011-06-27 00:00:00-04:00,17.411789568631306,17.760025666561038,17.351517887169575,17.67296600341797,55200
2011-06-28 00:00:00-04:00,17.693053946736523,17.713144929542175,17.51223893344882,17.62608528137207,44400
2011-06-29 00:00:00-04:00,17.73993359819181,17.780114290941583,17.445272204277366,17.55242156982422,48800
2011-06-30 00:00:00-04:00,17.63277922689033,17.760019541350527,17.539023877983258,17.579204559326172,50000
2011-07-01 00:00:00-04:00,17.545730150430366,17.920753021716262,17.518942163820622,17.786815643310547,63300
2011-07-05 00:00:00-04:00,17.793508481604903,18.12165357695746,17.512241074542537,18.041292190551758,54000
2011-07-06 00:00:00-04:00,17.954233449504528,18.389527933863114,17.954233449504528,18.295772552490234,96800
2011-07-07 00:00:00-04:00,18.41631325020273,18.918576338844623,18.268983204036697,18.69088363647461,89300
2011-07-08 00:00:00-04:00,18.483283457630087,18.744459876743996,18.26898472632419,18.423011779785156,49000
2011-07-11 00:00:00-04:00,18.228801872778998,18.443101871020325,18.2221048780851,18.268983840942383,84400
2011-07-12 00:00:00-04:00,18.228801682648015,18.5904317284198,18.135046312553605,18.302467346191406,36200
2011-07-13 00:00:00-04:00,18.36274049537885,18.684188599225013,18.248894132268184,18.617219924926758,46300
2011-07-14 00:00:00-04:00,18.68418134828292,18.68418134828292,18.335945398932093,18.40291404724121,59200
2011-07-15 00:00:00-04:00,18.342652338870295,18.409621023497092,17.50554697433884,17.713150024414062,132400
2011-07-18 00:00:00-04:00,17.559117638629765,17.820295321029697,17.559117638629765,17.646177291870117,136900
2011-07-19 00:00:00-04:00,17.726535182020633,17.873866480851227,17.41848115232189,17.813594818115234,67200
2011-07-20 00:00:00-04:00,17.840388859529135,17.934145527565573,17.746633468814096,17.82029914855957,33600
2011-07-21 00:00:00-04:00,17.93414321208077,18.50337375629579,17.887264245454414,18.409618377685547,127400
2011-07-22 00:00:00-04:00,18.44310335384723,18.463193062223006,18.108261256157814,18.409618377685547,53100
2011-07-25 00:00:00-04:00,18.268985506166395,18.42970956150659,18.148442145330936,18.202016830444336,62100
2011-07-26 00:00:00-04:00,18.255593749803804,18.61052688044503,17.97432629920469,18.021203994750977,70300
2011-07-27 00:00:00-04:00,17.981022162132167,17.981022162132167,17.478758980381667,17.525636672973633,98400
2011-07-28 00:00:00-04:00,17.612689679318603,17.87386732258111,17.53902530375512,17.619386672973633,59300
2011-07-29 00:00:00-04:00,17.4854474941486,17.880561107647527,17.4854474941486,17.780107498168945,101000
2011-08-01 00:00:00-04:00,18.088170472930436,18.128351167452983,17.45866696457805,17.85378074645996,96900
2011-08-02 00:00:00-04:00,17.806905777094837,18.04799253570484,17.606000996467465,17.632787704467773,64900
2011-08-03 00:00:00-04:00,17.719842029542242,17.833688386351323,17.37160724164489,17.739933013916016,41200
2011-08-04 00:00:00-04:00,17.579209885343907,17.693056248075173,17.023372061966835,17.036766052246094,135300
2011-08-05 00:00:00-04:00,17.190788798998543,17.458662150825454,16.501013800388463,16.594770431518555,121900
2011-08-08 00:00:00-04:00,16.206353176551826,16.809068516090182,15.074586868286133,15.074586868286133,157500
2011-08-09 00:00:00-04:00,15.476400071082939,15.724182474565742,14.465176919529478,15.563458442687988,176200
2011-08-10 00:00:00-04:00,15.175046117750922,15.349164188822236,14.291063047174585,14.398212432861328,96500
2011-08-11 00:00:00-04:00,14.532139781624261,15.329062628410988,14.23078154388437,15.141551971435547,182300
2011-08-12 00:00:00-04:00,15.25540564076478,15.275495348100474,14.873684596211415,15.054499626159668,87600
2011-08-15 00:00:00-04:00,15.221918822763735,15.576851844787598,15.221918822763735,15.576851844787598,50800
2011-08-16 00:00:00-04:00,15.375945608928449,15.57015460202477,15.308978223894815,15.429521560668945,91200
2011-08-17 00:00:00-04:00,15.496492535938174,15.76436724741804,15.329071479923902,15.362556457519531,59900
2011-08-18 00:00:00-04:00,15.12816872942045,15.201834412576588,14.63929948759861,14.940656661987305,142500
2011-08-19 00:00:00-04:00,14.63259548964738,15.000921174545164,14.465174491544598,14.498658180236816,122900
2011-08-22 00:00:00-04:00,14.900472449643265,14.900472449643265,14.130335926811329,14.505358695983887,93800
2011-08-23 00:00:00-04:00,14.525446698953305,15.329066753656395,14.42499435178053,15.288886070251465,67800
2011-08-24 00:00:00-04:00,15.034409985071207,15.670609174154476,15.000925010495557,15.503188133239746,59000
2011-08-25 00:00:00-04:00,15.724184603617081,15.757669579784467,14.88038236401743,15.007622718811035,75600
2011-08-26 00:00:00-04:00,14.900477665693268,15.402740957795288,14.786631268390613,15.262107849121094,47900
2011-08-29 00:00:00-04:00,15.436220494208447,16.0925119892691,15.436220494208447,16.052330017089844,53700
2011-08-30 00:00:00-04:00,15.978666154132064,16.199661899182484,15.590249351397349,16.11260223388672,87300
2011-08-31 00:00:00-04:00,16.119295829647097,16.152780800514204,15.750970091356143,15.971965789794922,70900
2011-09-01 00:00:00-04:00,15.938480360722508,16.059023697736606,15.24870658586339,15.436217308044434,102000
2011-09-02 00:00:00-04:00,15.041106367978808,15.40273644546478,14.887079310081257,14.907170295715332,141200
2011-09-06 00:00:00-04:00,14.391510362760306,15.195131749409805,14.391510362760306,14.980833053588867,177300
2011-09-07 00:00:00-04:00,15.255405428144877,15.911695589934732,15.041105426755298,15.684002876281738,147900
2011-09-08 00:00:00-04:00,15.536678333465535,15.724189144872396,14.987536061615376,15.067898750305176,115200
2011-09-09 00:00:00-04:00,14.940659711720372,15.121474819654996,14.331246964819282,14.512062072753906,138300
2011-09-12 00:00:00-04:00,14.337938759018297,14.954048280092824,14.250880374194413,14.900473594665527,57700
2011-09-13 00:00:00-04:00,14.95404709281034,15.255405472738195,14.913866401260345,15.181739807128906,81600
2011-09-14 00:00:00-04:00,15.355858680089217,15.838030837022735,15.094682254748713,15.583551406860352,76400
2011-09-15 00:00:00-04:00,15.757666254326882,15.931784261688174,15.422824227244618,15.918390274047852,35800
2011-09-16 00:00:00-04:00,16.038940441602886,16.038940441602886,15.59694887972827,15.76436996459961,84600
2011-09-19 00:00:00-04:00,15.48979031058325,15.509881290357287,14.880377974633596,15.175039291381836,49000
2011-09-20 00:00:00-04:00,15.523276557672228,15.610334922567704,14.826804529224564,14.840198516845703,62200
2011-09-21 00:00:00-04:00,14.866990176451132,14.96744255386203,14.063368602521399,14.09685230255127,78100
2011-09-22 00:00:00-04:00,13.6711086565788,14.47529189783507,13.6711086565788,14.096853256225586,127000
2011-09-23 00:00:00-04:00,14.11036747302381,14.603690706907775,14.083336786881897,14.353650093078613,88400
2011-09-26 00:00:00-04:00,14.488806982351589,14.968612926210108,14.265798349904372,14.92806625366211,45500
2011-09-27 00:00:00-04:00,15.272718240703995,15.495726903055559,14.880763582966226,15.042951583862305,58900
2011-09-28 00:00:00-04:00,15.076735926985089,15.124040585842002,14.292826837185538,14.313100814819336,62600
2011-09-29 00:00:00-04:00,14.637477290242611,15.015915864712822,14.421226676259634,14.98212718963623,48200
2011-09-30 00:00:00-04:00,14.69829680301519,15.27271325770568,14.68478081844477,14.69153881072998,91800
2011-10-03 00:00:00-04:00,14.59017333884931,14.853728626334293,13.792748194304043,13.799506187438965,134800
2011-10-04 00:00:00-04:00,13.704901490776859,15.367329694849843,13.684627504523835,15.272720336914062,125900
2011-10-05 00:00:00-04:00,15.205138489409949,15.57681913690219,14.813183859907825,15.407873153686523,78200
2011-10-06 00:00:00-04:00,15.333540872604686,15.955262267078798,15.056469507682554,15.928230285644531,76100
2011-10-07 00:00:00-04:00,15.995804709993653,16.029593388873725,15.069980214587229,15.164590835571289,87000
2011-10-10 00:00:00-04:00,15.414629555412597,15.995804090106974,15.265957569564108,15.989046096801758,67400
2011-10-11 00:00:00-04:00,15.853893781992474,16.239091787494317,15.590338405188536,16.157997131347656,74000
2011-10-12 00:00:00-04:00,16.272875266940893,17.185183734033213,16.12420328204168,16.96893310546875,107600
2011-10-13 00:00:00-04:00,16.85404622870239,17.063538819640037,16.41478707133437,16.691858291625977,59900
2011-10-14 00:00:00-04:00,16.833774939219545,16.968932219493265,16.387757718853766,16.908111572265625,50600
2011-10-17 00:00:00-04:00,16.671588303995218,16.671588303995218,16.2661177198376,16.333696365356445,84400
2011-10-18 00:00:00-04:00,16.441820893822825,16.908112107681955,16.40127422403889,16.658071517944336,78500
2011-10-19 00:00:00-04:00,16.604016935682058,16.955425015230762,16.286398838179974,16.495891571044922,148200
2011-10-20 00:00:00-04:00,16.509390846451694,16.67157872917592,15.982279260881914,16.41478157043457,59900
2011-10-21 00:00:00-04:00,16.793221861274226,16.921621099632766,16.137710977776564,16.604001998901367,397400
2011-10-24 00:00:00-04:00,16.644549279674013,17.110840318384952,16.3472054276729,17.029747009277344,189100
2011-10-25 00:00:00-04:00,16.90135772283455,17.13788237682144,16.536433750005227,16.664833068847656,113900
2011-10-26 00:00:00-04:00,16.948657108864612,17.313580967859327,16.576976546367273,17.15814971923828,70200
2011-10-27 00:00:00-04:00,17.746087530954934,18.340776868274713,17.57714153536963,18.1785888671875,150600
2011-10-28 00:00:00-04:00,18.063701265217247,18.293467867972755,17.671746699744087,17.719051361083984,72100
2011-10-31 00:00:00-04:00,17.401439746511013,18.029919135821817,17.32034509123137,17.51632308959961,52800
2011-11-01 00:00:00-04:00,16.840532692003446,17.279791913196703,16.232327517354676,16.408031463623047,83000
2011-11-02 00:00:00-04:00,16.678341656774847,17.34060936288475,16.678341656774847,17.320335388183594,52600
2011-11-03 00:00:00-04:00,17.543349153060145,17.887999091386458,17.083817190913873,17.80690574645996,62100
2011-11-04 00:00:00-04:00,17.637966077045895,17.881247487717992,17.178432661728916,17.55687141418457,50200
2011-11-07 00:00:00-05:00,17.543346904659384,17.75959880431076,17.03650905248225,17.732566833496094,51900
2011-11-08 00:00:00-05:00,17.90827715597377,18.3002318497161,17.441985804967217,18.185348510742188,76600
2011-11-09 00:00:00-05:00,17.664989274145846,17.87448319388652,16.90135409737378,16.92838478088379,78600
2011-11-10 00:00:00-05:00,17.259513036390622,17.259513036390622,16.941893932825387,17.077051162719727,34100
2011-11-11 00:00:00-05:00,17.327096798364476,17.496042754008297,17.21897148986886,17.414949417114258,49900
2011-11-14 00:00:00-05:00,17.340603892103864,17.48251909232898,16.901344890467946,17.090564727783203,49100
2011-11-15 00:00:00-05:00,16.94865943716387,17.678505966459714,16.94865943716387,17.58389663696289,60600
2011-11-16 00:00:00-05:00,17.41494344992576,17.637951983404054,17.0027150469382,17.029747009277344,32700
2011-11-17 00:00:00-05:00,17.077062785595032,17.367650125377047,16.522920085990144,16.57022476196289,72700
2011-11-18 00:00:00-05:00,16.59050139483511,16.81351012659409,16.36749266307613,16.79999542236328,45900
2011-11-21 00:00:00-05:00,16.42830813358618,16.685106766874302,16.144478811452583,16.32018280029297,40000
2011-11-22 00:00:00-05:00,16.27287140379135,16.685099872227216,16.185020090151056,16.34720802307129,54600
2011-11-23 00:00:00-05:00,16.18502321947693,16.286390536031753,15.570060038228252,15.597090721130371,69100
2011-11-25 00:00:00-05:00,15.468687661044816,15.874158117355105,15.25243709473401,15.299741744995117,26800
2011-11-28 00:00:00-05:00,15.630880003067883,16.009319890014034,15.630880003067883,15.934983253479004,71500
2011-11-29 00:00:00-05:00,15.907953113693477,15.907953113693477,15.563303181089875,15.651154518127441,22200
2011-11-30 00:00:00-05:00,16.353973258737852,17.68526727008639,16.21881594362537,17.664993286132812,174400
2011-12-01 00:00:00-05:00,17.509563276022433,18.023159268911918,17.259523918706723,17.664993286132812,65500
2011-12-02 00:00:00-05:00,17.942060466024383,18.18534306129155,17.725809843100404,17.90827178955078,37400
2011-12-05 00:00:00-05:00,18.1853416485147,18.46241289873045,17.1784239581529,18.401592254638672,77900
2011-12-06 00:00:00-05:00,18.36104762684753,18.48268892853686,18.077218352557566,18.21237564086914,44700
2011-12-07 00:00:00-05:00,18.124525016236603,18.442144292121213,17.631203050701426,18.327260971069336,55400
2011-12-08 00:00:00-05:00,18.11775518239325,18.11775518239325,17.61091755995851,17.658222198486328,59400
2011-12-09 00:00:00-05:00,17.78663130866377,18.557024510445075,17.78663130866377,18.47593116760254,65900
2011-12-12 00:00:00-05:00,18.1853416485147,18.408350247199458,18.002879716239367,18.401592254638672,40200
2011-12-13 00:00:00-05:00,18.266433914078412,18.584051789733653,17.644712857190935,17.7866268157959,39200
2011-12-14 00:00:00-05:00,17.563624720044853,18.11100935908045,17.428468703308788,17.462257385253906,50900
2011-12-15 00:00:00-05:00,17.840702704949834,18.023164749145508,17.617693969473816,18.023164749145508,65000
2011-12-16 00:00:00-05:00,18.198862687593465,18.442145331521946,17.888001388245335,18.300230026245117,244100
2011-12-19 00:00:00-05:00,18.442140599476144,18.584054579383796,17.93530274731113,18.002880096435547,108300
2011-12-20 00:00:00-05:00,18.435387617161226,18.719216943071274,18.435387617161226,18.678668975830078,73400
2011-12-21 00:00:00-05:00,18.678665161132812,18.984871999488245,18.358847485983965,18.678665161132812,54000
2011-12-22 00:00:00-05:00,18.821562336716358,19.148183499248347,18.719493385659753,18.78073501586914,65900
2011-12-23 00:00:00-05:00,18.88961142872683,18.998485165086738,18.77393292160976,18.835174560546875,21500
2011-12-27 00:00:00-05:00,18.705880962341848,18.991674759967967,18.5425704062522,18.882801055908203,28200
2011-12-28 00:00:00-05:00,18.89640945264926,18.93723676473778,18.147901809016464,18.243165969848633,42000
2011-12-29 00:00:00-05:00,18.26358355527808,19.331907714934182,18.26358355527808,19.018896102905273,79900
2011-12-30 00:00:00-05:00,19.018896203468923,19.093746073158474,18.53576794589427,18.569791793823242,43600
2012-01-03 00:00:00-05:00,19.080137252807617,19.284275142677767,19.02569909777339,19.080137252807617,52700
2012-01-04 00:00:00-05:00,18.903218741209187,19.21623037186486,18.7399081559266,18.964460372924805,19200
2012-01-05 00:00:00-05:00,18.869196146773117,19.25705897485781,18.63103437402088,19.209426879882812,41600
2012-01-06 00:00:00-05:00,19.25025755438024,19.25025755438024,18.841980371551337,19.005290985107422,48500
2012-01-09 00:00:00-05:00,19.14818269447821,19.352321885888877,19.018895967582903,19.202619552612305,37800
2012-01-10 00:00:00-05:00,19.45439342304251,19.461198193449974,18.99848418876043,19.209426879882812,49100
2012-01-11 00:00:00-05:00,19.080135052862826,19.277468150601138,18.930432739533522,19.195812225341797,63500
2012-01-12 00:00:00-05:00,19.27066671615898,19.502023696899414,18.957655093908475,19.502023696899414,49100
2012-01-13 00:00:00-05:00,19.15499256321474,19.468005554220536,19.07333790321491,19.21623420715332,57100
2012-01-17 00:00:00-05:00,19.345518912652597,19.46800217929637,19.086942839098597,19.15498924255371,60900
2012-01-18 00:00:00-05:00,19.257060302502914,19.495222091674805,19.025703284207626,19.495222091674805,32900
2012-01-19 00:00:00-05:00,19.542852484869933,19.97154392755258,19.32510502732577,19.583681106567383,62700
2012-01-20 00:00:00-05:00,19.937516763499413,20.270943962576528,19.502021920768993,19.549654006958008,238200
2012-01-23 00:00:00-05:00,19.556462958922364,19.631314137729994,19.29788816521545,19.440784454345703,38900
2012-01-24 00:00:00-05:00,19.257064387150205,19.50883577147895,19.10736328974352,19.359134674072266,78200
2012-01-25 00:00:00-05:00,19.379539315829167,19.488413030130012,19.223033513756334,19.311492919921875,44900
2012-01-26 00:00:00-05:00,19.420368421204675,19.52924213824752,18.637836795378227,19.018896102905273,56500
2012-01-27 00:00:00-05:00,18.991673954947796,19.107352422842528,18.835168174230475,19.052915573120117,47300
2012-01-30 00:00:00-05:00,18.882805231430726,18.971264648836318,18.644643464431834,18.7739315032959,62900
2012-01-31 00:00:00-05:00,18.923635366281353,18.998486552197793,18.685473563901468,18.87600326538086,53700
2012-02-01 00:00:00-05:00,19.052918387222007,19.522437096598416,18.848780495081172,19.399953842163086,120700
2012-02-02 00:00:00-05:00,19.37273724310888,19.71296797212793,19.073335136043724,19.63131332397461,97500
2012-02-03 00:00:00-05:00,19.889886772688378,20.100830745001026,19.624507237176708,19.862668991088867,109500
2012-02-06 00:00:00-05:00,19.3863401207894,19.889881270928203,19.3863401207894,19.712961196899414,38700
2012-02-07 00:00:00-05:00,19.67213911765784,20.025979359801195,19.610897487368522,19.774208068847656,35000
2012-02-08 00:00:00-05:00,19.7742090513505,20.073612447876993,19.644922312428974,19.91710662841797,45400
2012-02-09 00:00:00-05:00,19.930711256924674,19.930711256924674,19.461192616379467,19.52243423461914,72400
2012-02-10 00:00:00-05:00,19.270668144443547,19.325105008777342,18.950851728717172,19.066530227661133,70200
2012-02-13 00:00:00-05:00,19.311493268880497,19.311493268880497,19.059723286714206,19.202619552612305,56200
2012-02-14 00:00:00-05:00,19.12096724889333,19.12096724889333,18.712690114101132,18.86919593811035,44800
2012-02-15 00:00:00-05:00,18.984868165315802,18.984868165315802,18.603810237755752,18.68546485900879,45900
2012-02-16 00:00:00-05:00,18.624233379583593,19.22303897846621,18.624233379583593,19.21623420715332,85600
2012-02-17 00:00:00-05:00,19.29108311245057,19.53604836135911,18.944047603796434,19.325105667114258,30200
2012-02-21 00:00:00-05:00,19.39314942276634,19.56326476858008,19.08694128115077,19.291080474853516,63200
2012-02-22 00:00:00-05:00,19.22303404810565,19.352322074135664,18.787539178796667,18.794343948364258,102900
2012-02-23 00:00:00-05:00,18.794350036613658,19.22984504699707,18.678671512245874,19.22984504699707,35400
2012-02-24 00:00:00-05:00,19.209423756693504,19.209423756693504,18.855583540298454,18.991676330566406,43800
2012-02-27 00:00:00-05:00,18.814757341633822,19.08694164048457,18.70588362209352,18.937240600585938,41800
2012-02-28 00:00:00-05:00,18.916825383459038,19.297884681436322,18.81475643852396,19.080137252807617,35100
2012-02-29 00:00:00-05:00,19.06653579827077,19.284283319224546,18.678672864337155,18.705890655517578,61000
2012-03-01 00:00:00-05:00,18.814759926034274,19.270669175937016,18.692276650257824,18.699081420898438,34700
2012-03-02 00:00:00-05:00,18.644647027387517,18.87600406835521,18.018622322041544,18.120691299438477,79600
2012-03-05 00:00:00-05:00,18.02542973632995,18.50855820372816,18.02542973632995,18.467729568481445,31800
2012-03-06 00:00:00-05:00,18.20233734914573,18.3384301101592,17.984589969825574,18.005002975463867,70600
2012-03-07 00:00:00-05:00,18.127492945968946,18.22956320364737,17.998206202563495,18.147907257080078,31000
2012-03-08 00:00:00-05:00,18.31121654056024,18.345239092097582,17.94376805202377,18.134296417236328,48600
2012-03-09 00:00:00-05:00,18.154716379383785,18.72630424874051,18.073060413242445,18.67186737060547,62100
2012-03-12 00:00:00-04:00,18.64464623425496,18.923635366281353,18.508554702807462,18.87600326538086,51200
2012-03-13 00:00:00-04:00,19.11416531716813,19.542855528743676,18.923635613202652,19.529247283935547,55900
2012-03-14 00:00:00-04:00,19.53605214130225,19.570076000426326,19.18901786337927,19.29789161682129,38300
2012-03-15 00:00:00-04:00,19.365929994888237,19.56326441545117,19.14137779438249,19.399953842163086,54600
2012-03-16 00:00:00-04:00,19.433979724275044,19.672141504532863,19.202622714639137,19.461198806762695,117000
2012-03-19 00:00:00-04:00,19.41356558950374,20.053198416508906,19.41356558950374,19.767404556274414,48600
2012-03-20 00:00:00-04:00,19.597287877953544,19.815036617027047,19.461196376144375,19.502023696899414,32700
2012-03-21 00:00:00-04:00,19.56326314843332,19.59048222449035,19.352320500499246,19.406757354736328,23400
2012-03-22 00:00:00-04:00,19.269655030903397,19.28336421479698,18.87205993289226,19.105133056640625,36800
2012-03-23 00:00:00-04:00,19.125699878172078,19.48216485407461,18.920047711500008,19.468454360961914,45000
2012-03-26 00:00:00-04:00,19.756369021588768,20.044282851714478,19.523295858748686,19.83863067626953,68900
2012-03-27 00:00:00-04:00,19.804356781469465,19.879763198209037,19.591849334072712,19.61927032470703,37200
2012-03-28 00:00:00-04:00,19.674112692769572,19.907185903213904,19.59870626953614,19.83177947998047,31900
2012-03-29 00:00:00-04:00,19.626123489802865,19.91403734256914,19.29022421282633,19.88661766052246,41900
2012-03-30 00:00:00-04:00,20.05114242085499,20.05114242085499,19.639836673798005,19.694677352905273,50500
2012-04-02 00:00:00-04:00,19.680963280748056,20.153964869307107,19.598702930784118,20.11968994140625,65700
2012-04-03 00:00:00-04:00,20.057995161225648,20.11969108094528,19.68781964290786,19.879762649536133,31900
2012-04-04 00:00:00-04:00,19.632975591893906,19.674107069631592,19.214816028263748,19.35877227783203,51900
2012-04-05 00:00:00-04:00,19.235384014948163,19.413616528907642,19.194253837112832,19.365631103515625,30800
2012-04-09 00:00:00-04:00,18.913198358280233,19.303938381214174,18.824081432783547,19.084575653076172,42600
2012-04-10 00:00:00-04:00,19.077712585453064,19.235379318244995,18.63898730898701,18.920045852661133,60100
2012-04-11 00:00:00-04:00,19.12570571899414,19.242242331032124,18.76924063423031,19.12570571899414,70000
2012-04-12 00:00:00-04:00,19.05715026841459,19.194252595671262,18.858353332147576,19.13941192626953,68200
2012-04-13 00:00:00-04:00,19.29707745457754,19.72209359591753,18.885771806588266,19.043439865112305,89600
2012-04-16 00:00:00-04:00,19.146269481733704,19.509588470009096,18.89948578592034,19.42732810974121,67600
2012-04-17 00:00:00-04:00,19.660398955541616,19.914036561419397,19.60555828609469,19.64668846130371,65800
2012-04-18 00:00:00-04:00,19.48217080375797,19.52330098815226,19.050300598855436,19.12570571899414,35400
2012-04-19 00:00:00-04:00,19.105138754715817,19.283369966029326,18.83093407499236,18.974891662597656,40700
2012-04-20 00:00:00-04:00,19.29021477529102,19.564419306634637,19.118837596953313,19.454736709594727,55500
2012-04-23 00:00:00-04:00,19.098287226042704,19.098287226042704,18.858358738315044,18.885778427124023,51300
2012-04-24 00:00:00-04:00,18.865205699589644,19.386192633132598,18.865205699589644,19.28336524963379,48100
2012-04-25 00:00:00-04:00,19.461595497525543,19.632972707070515,19.262798614355635,19.38619041442871,40600
2012-04-26 00:00:00-04:00,19.269657779679903,19.441035024088283,18.94746772338919,19.420469284057617,21000
2012-04-27 00:00:00-04:00,19.41362070821991,19.694679381025665,19.153127782511547,19.653549194335938,34900
2012-04-30 00:00:00-04:00,19.578136338407926,19.578136338407926,19.173685930738213,19.242237091064453,45000
2012-05-01 00:00:00-04:00,19.2216749118561,19.756371148580783,19.180543426335134,19.19425392150879,70000
2012-05-02 00:00:00-04:00,18.995453082120815,19.735804030811373,18.995453082120815,19.591846466064453,90000
2012-05-03 00:00:00-04:00,19.516443717948896,19.578139641902236,19.29708101389473,19.42732810974121,41000
2012-05-04 00:00:00-04:00,19.290220702614278,19.3382061180927,19.118843471617335,19.20110511779785,51200
2012-05-07 00:00:00-04:00,19.084572957819667,19.69467562272866,19.084572957819667,19.35192108154297,31000
2012-05-08 00:00:00-04:00,19.16682948348614,19.584990358531513,19.16682948348614,19.52329444885254,40500
2012-05-09 00:00:00-04:00,19.214817282870033,19.406758961493658,19.06400446966047,19.207962036132812,41000
2012-05-10 00:00:00-04:00,19.34506362230517,19.591847282148276,19.269658520967845,19.5301513671875,28000
2012-05-11 00:00:00-04:00,19.399900637353863,19.605554084333782,19.214814234827678,19.31764030456543,44400
2012-05-14 00:00:00-04:00,19.036587708682035,19.23538466452009,19.002311469741112,19.009166717529297,31800
2012-05-15 00:00:00-04:00,18.968030757669435,19.262799785204397,18.968030757669435,19.105133056640625,25000
2012-05-16 00:00:00-04:00,19.146266187280446,19.42046952016663,19.02972960736574,19.036584854125977,28600
2012-05-17 00:00:00-04:00,19.002311109053377,19.859197453739302,18.940615187635604,18.981746673583984,54300
2012-05-18 00:00:00-04:00,18.906335360895454,19.207959642218096,18.885769623246933,18.920045852661133,55400
2012-05-21 00:00:00-04:00,18.99545920111192,19.249098179035002,18.769241218642154,19.070865631103516,70700
2012-05-22 00:00:00-04:00,19.04344146960962,19.228527915420255,18.645846281471847,18.78980255126953,48000
2012-05-23 00:00:00-04:00,18.543016353911625,18.755525067286918,18.426479781497754,18.638988494873047,46000
2012-05-24 00:00:00-04:00,18.714391772059034,18.84463882446289,18.275666510283198,18.84463882446289,56500
2012-05-25 00:00:00-04:00,18.78294463999171,18.851495795293687,18.58414772787097,18.680118560791016,33300
2012-05-29 00:00:00-04:00,18.90634538600787,18.90634538600787,18.40592393875164,18.700693130493164,19400
2012-05-30 00:00:00-04:00,18.47446917649597,18.659555623847787,18.385352268970344,18.44704818725586,36500
2012-05-31 00:00:00-04:00,18.556731818907735,18.693834167015776,18.275673182040652,18.529312133789062,59700
2012-06-01 00:00:00-04:00,18.159131690826644,18.25510252416856,17.85750739067479,17.96033477783203,48300
2012-06-04 00:00:00-04:00,17.98775742449955,18.02888760164837,17.734119806659606,17.891786575317383,64800
2012-06-05 00:00:00-04:00,17.754679261490757,17.994607624653682,17.754679261490757,17.8712158203125,69600
2012-06-06 00:00:00-04:00,17.946627748236068,18.049453847730348,17.72040980634674,18.008323669433594,120100
2012-06-07 00:00:00-04:00,18.21397075460222,18.34421780806223,18.04259353439331,18.159130096435547,60100
2012-06-08 00:00:00-04:00,18.09058102395943,18.41962631824393,17.85750787311417,18.323654174804688,63100
2012-06-11 00:00:00-04:00,18.474469547251505,18.474469547251505,17.939772013881342,17.967191696166992,49100
2012-06-12 00:00:00-04:00,18.07002046665955,18.282527923583984,17.960339114214367,18.282527923583984,71700
2012-06-13 00:00:00-04:00,18.234535217285156,18.666405206725507,18.13170915384739,18.234535217285156,39600
2012-06-14 00:00:00-04:00,18.20026397600543,18.700686554804115,18.20026397600543,18.63213539123535,42500
2012-06-15 00:00:00-04:00,18.56358060350747,19.502728353789355,18.48131896178392,19.269655227661133,210900
2012-06-18 00:00:00-04:00,19.070865631103516,19.393055790154868,19.02288019656524,19.070865631103516,116100
2012-06-19 00:00:00-04:00,19.12570071923766,19.660398206605144,19.070860051879816,19.537006378173828,62700
2012-06-20 00:00:00-04:00,19.45474001720187,19.632972469875856,19.317639035724877,19.39304542541504,25900
2012-06-21 00:00:00-04:00,19.317647045663644,19.46845858007267,18.782949465932756,18.913196563720703,46600
2012-06-22 00:00:00-04:00,19.105136077916608,19.386194658500017,19.002308683674933,19.242237091064453,100200
2012-06-25 00:00:00-04:00,18.933757207814033,19.22167101049999,18.707539313382537,18.988597869873047,29100
2012-06-26 00:00:00-04:00,18.95432296583725,19.255947282029997,18.824075894014644,19.043439865112305,18800
2012-06-27 00:00:00-04:00,19.070857960530024,19.571279158731222,19.057147468317922,19.543859481811523,24500
2012-06-28 00:00:00-04:00,19.44026762907781,19.51623357343216,19.164029627616568,19.47479820251465,60300
2012-06-29 00:00:00-04:00,19.868444806340666,20.289707419121843,19.675077475793668,20.172306060791016,58800
2012-07-02 00:00:00-04:00,20.289700738992718,20.559033953081318,20.11014701920931,20.552127838134766,52500
2012-07-03 00:00:00-04:00,20.48997542608906,20.67643658990384,19.63363687626655,20.66262435913086,40700
2012-07-05 00:00:00-04:00,20.54522671453286,20.676440295981465,20.489979098745085,20.572851181030273,45200
2012-07-06 00:00:00-04:00,20.275890799392915,20.669530149790894,20.234454107724954,20.57975196838379,38900
2012-07-09 00:00:00-04:00,20.469257354736328,20.586658683469178,20.414009748109507,20.469257354736328,55600
2012-07-10 00:00:00-04:00,20.538316593922634,20.65571791923491,20.37257377887121,20.57975196838379,28300
2012-07-11 00:00:00-04:00,20.545226434359975,20.67644001401924,20.407106738170537,20.65572166442871,35500
2012-07-12 00:00:00-04:00,20.510685684180928,20.634991760499137,20.310412368567807,20.489967346191406,48200
2012-07-13 00:00:00-04:00,20.559038971061888,21.159856628783373,20.559038971061888,21.03554916381836,77300
2012-07-16 00:00:00-04:00,20.945772255322904,21.10460898603932,20.786935524606488,20.86980628967285,21800
2012-07-17 00:00:00-04:00,20.911238772190373,21.139135305972996,20.641905547024148,20.862895965576172,35700
2012-07-18 00:00:00-04:00,20.876707405351734,21.132228390379137,20.81455368783714,20.959579467773438,46500
2012-07-19 00:00:00-04:00,20.980303084050327,21.049362938221254,20.545228242025637,20.731689453125,45900
2012-07-20 00:00:00-04:00,20.6833417197668,20.786930811214685,20.372573128216388,20.393291473388672,65700
2012-07-23 00:00:00-04:00,20.123959769113586,20.24826721508671,19.999652323140463,20.144678115844727,50600
2012-07-24 00:00:00-04:00,20.27589223791333,20.27589223791333,19.85462839651583,19.868440628051758,49300
2012-07-25 00:00:00-04:00,20.075616047368914,20.17920513510467,19.958214730013264,20.061803817749023,37800
2012-07-26 00:00:00-04:00,20.407098445495457,20.55903031300587,20.282792350086723,20.434722900390625,62600
2012-07-27 00:00:00-04:00,20.441633217161257,20.876707933564717,20.179206110525,20.81455421447754,48000
2012-07-30 00:00:00-04:00,20.75239963972307,20.75239963972307,20.379478657783142,20.634998321533203,31400
2012-07-31 00:00:00-04:00,20.614285322898546,20.704062199197807,20.469259516929608,20.517601013183594,53700
2012-08-01 00:00:00-04:00,20.57285078094033,20.70406304263013,19.958219585396442,19.99275016784668,73000
2012-08-02 00:00:00-04:00,19.930590777713032,20.041085975766617,19.61291609540399,19.67506980895996,61500
2012-08-03 00:00:00-04:00,19.992746474398807,20.483068799747024,19.992746474398807,20.32423210144043,47300
2012-08-06 00:00:00-04:00,20.31041934569783,20.565940333187797,20.24826562758424,20.358760833740234,46000
2012-08-07 00:00:00-04:00,20.39328941709728,20.524501638337746,20.13776845456415,20.193016052246094,54200
2012-08-08 00:00:00-04:00,20.03418836037201,20.62119517231263,20.03418836037201,20.427827835083008,37700
2012-08-09 00:00:00-04:00,20.35876292454186,20.62119005401813,20.35876292454186,20.483070373535156,23400
2012-08-10 00:00:00-04:00,20.496880564836555,20.65571725953709,20.351854783044107,20.393291473388672,40000
2012-08-13 00:00:00-04:00,20.393296385613294,20.393296385613294,19.951314135923045,20.213741302490234,20400
2012-08-14 00:00:00-04:00,20.28279434982261,20.414006571891704,19.97893190204967,20.151580810546875,39000
2012-08-15 00:00:00-04:00,20.006564033666166,20.407109628701704,20.006564033666166,20.38639259338379,25900
2012-08-16 00:00:00-04:00,20.38639259338379,20.448546333751995,20.193025254770788,20.38639259338379,34700
2012-08-17 00:00:00-04:00,20.37948048792031,20.6073770299068,20.220643783519055,20.469257354736328,128700
2012-08-20 00:00:00-04:00,20.386390317442725,20.61428690094798,20.3587658504932,20.54522705078125,38800
2012-08-21 00:00:00-04:00,20.65572459017453,20.86980896410545,20.310426617998818,20.38639259338379,47200
2012-08-22 00:00:00-04:00,20.303519007688156,20.317331241689384,20.047999264701094,20.11705780029297,15500
2012-08-23 00:00:00-04:00,20.158494066176097,20.158494066176097,19.744136275553625,19.77866554260254,21200
2012-08-24 00:00:00-04:00,19.74413082581189,20.04799329735771,19.661258763678763,19.937498092651367,17500
2012-08-27 00:00:00-04:00,19.937498159184262,20.255171544473416,19.833907751870477,20.103240966796875,17700
2012-08-28 00:00:00-04:00,20.082525863758477,20.434729880743113,20.075619747675606,20.37948226928711,27000
2012-08-29 00:00:00-04:00,20.3656702132951,20.731686465611713,19.9651246974724,20.5037899017334,32700
2012-08-30 00:00:00-04:00,20.38639026889236,20.414013418569017,20.117056985604233,20.213741302490234,21000
2012-08-31 00:00:00-04:00,20.372576192233534,20.372576192233534,20.061807553943797,20.137773513793945,25800
2012-09-04 00:00:00-04:00,20.13086896485741,20.524508392530706,19.97203223390276,20.46235466003418,25100
2012-09-05 00:00:00-04:00,20.524506221625273,20.524506221625273,20.199926677413462,20.414011001586914,34300
2012-09-06 00:00:00-04:00,20.58666245792359,20.897431125431506,20.455450191382102,20.710969924926758,62200
2012-09-07 00:00:00-04:00,20.849086503147323,20.931957257267662,20.662625330566232,20.800745010375977,40100
2012-09-10 00:00:00-04:00,20.717871497353954,21.049357125181988,20.717871497353954,20.862895965576172,42400
2012-09-11 00:00:00-04:00,20.869805226869744,21.04936029831237,20.717874620513825,20.918148040771484,37300
2012-09-12 00:00:00-04:00,20.911239956261014,20.95958144840569,20.669531178330757,20.883615493774414,36000
2012-09-13 00:00:00-04:00,20.987210645254432,21.367039210725817,20.82837389177723,21.13223648071289,81100
2012-09-14 00:00:00-04:00,21.208198152961934,21.546591282301428,20.890524690750407,21.47753143310547,80800
2012-09-17 00:00:00-04:00,21.367035108192564,21.408470488707586,21.15294945491645,21.38084602355957,34700
2012-09-18 00:00:00-04:00,21.32559833036106,21.512059517788717,21.29797518252381,21.456811904907227,39700
2012-09-19 00:00:00-04:00,21.37394209479779,21.69852167026141,21.37394209479779,21.594932556152344,59300
2012-09-20 00:00:00-04:00,21.505154943317127,21.705428377625303,21.38084747611993,21.615650177001953,42600
2012-09-21 00:00:00-04:00,21.884974879979993,21.919504133013998,21.539677080813657,21.67779541015625,133200
2012-09-24 00:00:00-04:00,21.581120182871693,21.85735825777104,21.37394195599894,21.636367797851562,41900
2012-09-25 00:00:00-04:00,21.657093336313423,21.795211761006836,21.34632457564015,21.37394905090332,89200
2012-09-26 00:00:00-04:00,21.456813538576487,21.629462506627096,21.16676321956318,21.24272918701172,33500
2012-09-27 00:00:00-04:00,21.34007512375805,21.36093456307627,21.054984625476884,21.173192977905273,98800
2012-09-28 00:00:00-04:00,21.034121573095444,21.180142937493347,20.922866821289062,20.922866821289062,35100
2012-10-01 00:00:00-04:00,20.985445684933808,21.367883690214732,20.89505037922376,21.166234970092773,39300
2012-10-02 00:00:00-04:00,21.214915529538427,21.27749650693843,21.096707164034154,21.228822708129883,25900
2012-10-03 00:00:00-04:00,21.06193381649444,21.284443297840518,20.978492097859103,21.166234970092773,23000
2012-10-04 00:00:00-04:00,21.242726435342718,21.479143142700195,21.08975146492493,21.479143142700195,27900
2012-10-05 00:00:00-04:00,21.500009685467596,21.861588432258678,21.423521516575928,21.625171661376953,33300
2012-10-08 00:00:00-04:00,21.48609733581543,21.666886665720124,21.388749745198076,21.48609733581543,22100
2012-10-09 00:00:00-04:00,21.500004318450483,21.500004318450483,21.0827982783198,21.18709945678711,21200
2012-10-10 00:00:00-04:00,21.284450096234156,21.34007748433843,21.13842737354697,21.228822708129883,23100
2012-10-11 00:00:00-04:00,21.353972986615158,21.353972986615158,21.138417127971525,21.270532608032227,38900
2012-10-12 00:00:00-04:00,21.263583224000467,21.27053681129996,20.70730950265272,20.783796310424805,35300
2012-10-15 00:00:00-04:00,20.82551674318979,21.0271654592662,20.755982200098888,20.915910720825195,23400
2012-10-16 00:00:00-04:00,21.013261896076322,21.013261896076322,20.512615487066405,20.61691665649414,56000
2012-10-17 00:00:00-04:00,20.714268435846726,20.96459101192535,20.658639723094243,20.874197006225586,29600
2012-10-18 00:00:00-04:00,20.839429759362247,20.950684536073823,20.658640415640548,20.68645477294922,48600
2012-10-19 00:00:00-04:00,20.450040894425154,20.603015902183976,20.24839208084588,20.42222785949707,56100
2012-10-22 00:00:00-04:00,20.38745963435568,20.693410972028378,20.248391809058433,20.672550201416016,34500
2012-10-23 00:00:00-04:00,20.533478482092132,20.547384333601507,20.255340231721114,20.51957130432129,28700
2012-10-24 00:00:00-04:00,20.554342524715572,20.554342524715572,20.34574011649157,20.477855682373047,37400
2012-10-25 00:00:00-04:00,20.707311975923147,20.707311975923147,20.352686938859794,20.61691665649414,28600
2012-10-26 00:00:00-04:00,20.540429878390196,20.56128931655835,20.276198833995352,20.415267944335938,22100
2012-10-31 00:00:00-04:00,20.366596327626404,20.51957130432129,20.255340231721114,20.51957130432129,22100
2012-11-01 00:00:00-04:00,20.491753495056564,20.81856548628249,20.38049874416385,20.59605598449707,57700
2012-11-02 00:00:00-04:00,20.70035819503466,20.70035819503466,20.44308074166474,20.49175453186035,71400
2012-11-05 00:00:00-05:00,20.42917944401318,20.59606295307774,20.241437817273518,20.443086624145508,19800
2012-11-06 00:00:00-05:00,20.540427895440164,20.84637778663526,20.540427895440164,20.81161117553711,16100
2012-11-07 00:00:00-05:00,20.61692138352237,20.61692138352237,19.810323543161967,19.858997344970703,55000
2012-11-08 00:00:00-05:00,19.768593154337648,20.07454431339876,19.64343125625533,19.678197860717773,54400
2012-11-09 00:00:00-05:00,19.54609144608177,19.7755545747159,19.19841995868088,19.629531860351562,30900
2012-11-12 00:00:00-05:00,19.768599042232196,20.686451466528453,19.768599042232196,20.547382354736328,137100
2012-11-13 00:00:00-05:00,20.49871813086251,20.860296929272778,20.324882323118572,20.37355613708496,126900
2012-11-14 00:00:00-05:00,20.387452381043392,20.39440596877361,19.525227396414934,19.6573429107666,52200
2012-11-15 00:00:00-05:00,19.6017233414299,19.872906739599024,19.469607774464166,19.615629196166992,32200
2012-11-16 00:00:00-05:00,19.476555151548386,19.622576526667437,19.18451107504892,19.580856323242188,56500
2012-11-19 00:00:00-05:00,19.740774681013992,20.018912763585295,19.504358106584785,19.76858901977539,54900
2012-11-20 00:00:00-05:00,19.671255037797394,19.921577627789254,19.35139655300004,19.699068069458008,121800
2012-11-21 00:00:00-05:00,19.678208679601443,19.678208679601443,19.39311812223441,19.664302825927734,29700
2012-11-23 00:00:00-05:00,19.754696607159087,19.754696607159087,19.532187035895863,19.566953659057617,48300
2012-11-26 00:00:00-05:00,19.539130116607048,19.719919377585846,19.469595581421213,19.678197860717773,143200
2012-11-27 00:00:00-05:00,19.699065279767662,19.95634274906721,19.573903339365792,19.587810516357422,43600
2012-11-28 00:00:00-05:00,19.539132828819355,19.636480395835697,19.274901823687657,19.608667373657227,38000
2012-11-29 00:00:00-05:00,19.81032214741729,19.977204310258763,19.706020961424063,19.886810302734375,29400
2012-11-30 00:00:00-05:00,19.956348419189453,20.03283526185254,19.678210105376067,19.956348419189453,104600
2012-12-03 00:00:00-05:00,20.0884582975774,20.0884582975774,19.67125356996808,19.75469398498535,59600
2012-12-04 00:00:00-05:00,19.733828298935833,19.754689060620812,19.420924831228085,19.518272399902344,72000
2012-12-05 00:00:00-05:00,19.57390961542071,19.57390961542071,19.358353607981527,19.448747634887695,93500
2012-12-06 00:00:00-05:00,19.448737918629817,19.504365290380466,19.427878483136546,19.490459442138672,38600
2012-12-07 00:00:00-05:00,19.539138548851316,19.539138548851316,19.38616224017235,19.441789627075195,33200
2012-12-10 00:00:00-05:00,19.476558081514668,19.51827829121612,19.330535358167253,19.4696044921875,42500
2012-12-11 00:00:00-05:00,19.504368732202632,19.893761729432264,19.33748658750196,19.789459228515625,62300
2012-12-12 00:00:00-05:00,19.76860125796389,20.060645364451567,19.539138126170823,19.73383331298828,74300
2012-12-13 00:00:00-05:00,19.803366447200073,20.40831538349341,19.803366447200073,20.137130737304688,91800
2012-12-14 00:00:00-05:00,20.088454166951152,20.144081540944953,19.80336370945027,19.8242244720459,59200
2012-12-17 00:00:00-05:00,19.893762778492157,20.27620088114901,19.85899483426606,20.192760467529297,50000
2012-12-18 00:00:00-05:00,20.297056163415192,20.70035492363628,20.21361444607999,20.693401336669922,84000
2012-12-19 00:00:00-05:00,20.644730691166952,20.749031858988857,20.185804491741514,20.33877944946289,80900
2012-12-20 00:00:00-05:00,20.35978682978033,20.562895081674434,20.17769019093273,20.54188346862793,43000
2012-12-21 00:00:00-05:00,20.52788321728581,20.604924490717117,20.100657616258754,20.38780975341797,299400
2012-12-24 00:00:00-05:00,20.450839718549183,20.450839718549183,20.142676014337603,20.36679458618164,36700
2012-12-26 00:00:00-05:00,20.436829971600883,20.44383384326633,20.121662425915385,20.205707550048828,30300
2012-12-27 00:00:00-05:00,20.226726102377167,20.450846079785794,19.911559763633512,20.42283058166504,59900
2012-12-28 00:00:00-05:00,20.30376016761788,20.415819448554732,19.98159006888744,20.058629989624023,29800
2012-12-31 00:00:00-05:00,20.20570800945077,20.282747927818434,19.96057783899448,20.275745391845703,105300
2013-01-02 00:00:00-05:00,20.674960044579624,20.927092791370576,20.478855609651397,20.878067016601562,206400
2013-01-03 00:00:00-05:00,20.857059038308645,20.955110598681312,20.59091718036524,20.78702163696289,46100
2013-01-04 00:00:00-05:00,20.941099882890885,21.011137274309007,20.618929752560504,20.99012565612793,42800
2013-01-07 00:00:00-05:00,20.88507142506718,20.94110107421875,20.801027619265934,20.94110107421875,31200
2013-01-08 00:00:00-05:00,20.864058173150994,20.96911358338211,20.766005299196866,20.920087814331055,24400
2013-01-09 00:00:00-05:00,21.074169348476804,21.074169348476804,20.822035290994876,20.892072677612305,32500
2013-01-10 00:00:00-05:00,20.99012449659674,21.08117350116623,20.730987899272613,20.976118087768555,28600
2013-01-11 00:00:00-05:00,21.018142789289897,21.165220120492933,20.436834666047556,21.011138916015625,85200
2013-01-14 00:00:00-05:00,20.906078348421314,21.487386328737262,20.906078348421314,21.41034507751465,77300
2013-01-15 00:00:00-05:00,21.284280876643976,21.45937368105428,21.200237078604196,21.382333755493164,71000
2013-01-16 00:00:00-05:00,21.375328503199157,21.431358143559557,21.2562653504518,21.340309143066406,37600
2013-01-17 00:00:00-05:00,21.382337521616734,21.60645613700015,21.36832977419219,21.550426483154297,39300
2013-01-18 00:00:00-05:00,21.49440004130137,21.830578014612893,21.424362629565003,21.655485153198242,37500
2013-01-22 00:00:00-05:00,21.64847737818692,22.026678531913962,21.522410326944573,21.99165916442871,63800
2013-01-23 00:00:00-05:00,21.977649422675693,22.019672659843835,21.788550198827675,21.998661041259766,60100
2013-01-24 00:00:00-05:00,22.026674901178826,22.124726442270784,21.823566610800263,22.082704544067383,51400
2013-01-25 00:00:00-05:00,22.236786030903477,22.236786030903477,21.522407072455778,21.725515365600586,123000
2013-01-28 00:00:00-05:00,21.823569360668575,22.0266776766397,21.56443273060113,21.683494567871094,122800
2013-01-29 00:00:00-05:00,21.613454004662835,21.99165372906333,21.55042049462076,21.907609939575195,75700
2013-01-30 00:00:00-05:00,21.816560569295405,21.85157992752641,21.298286090143876,21.662479400634766,46400
2013-01-31 00:00:00-05:00,21.599454291264312,21.94263612027311,21.564436255267424,21.704509735107422,71800
2013-02-01 00:00:00-05:00,21.83757813254665,22.075704489972736,21.73952657449554,21.977651596069336,59100
2013-02-04 00:00:00-05:00,21.788555463546047,21.788555463546047,21.221253647369696,21.438369750976562,42200
2013-02-05 00:00:00-05:00,21.60645413557764,21.67649153036042,21.417353570419788,21.55742835998535,39300
2013-02-06 00:00:00-05:00,21.466382859318962,21.830576303113574,21.459378985109172,21.802560806274414,57800
2013-02-07 00:00:00-05:00,21.802555734285303,21.823567352026682,21.55042300064926,21.69049644470215,25500
2013-02-08 00:00:00-05:00,21.75352951950038,21.816563035590004,21.690496003410754,21.725515365600586,19800
2013-02-11 00:00:00-05:00,21.78154154297159,21.900604683765348,21.585437153472494,21.865585327148438,10400
2013-02-12 00:00:00-05:00,21.830570032677176,22.096710496943103,21.830570032677176,22.012666702270508,14500
2013-02-13 00:00:00-05:00,22.082702987395418,22.082702987395418,21.872590839485678,22.0546875,23700
2013-02-14 00:00:00-05:00,21.95663815944383,22.17375286504176,21.95663815944383,21.970645904541016,15600
2013-02-15 00:00:00-05:00,22.14574456928742,22.152747107836415,21.872598811040906,21.963647842407227,46900
2013-02-19 00:00:00-05:00,22.04068687338998,22.27180937562535,21.98465721635875,22.257802963256836,58800
2013-02-20 00:00:00-05:00,22.229786326987114,22.376865004060406,22.005667710353837,22.033681869506836,71000
2013-02-21 00:00:00-05:00,22.05468933694909,22.25779762992699,21.746525629192163,21.893604278564453,31900
2013-02-22 00:00:00-05:00,22.04067949007299,22.411876678466797,22.01266533886792,22.411876678466797,79700
2013-02-25 00:00:00-05:00,22.474912259112816,22.50993028530836,21.67648950635616,21.732519149780273,48200
2013-02-26 00:00:00-05:00,21.90060251359758,21.977642418817037,21.7955471258607,21.886594772338867,23600
2013-02-27 00:00:00-05:00,21.879597073379102,22.208771070699946,21.725515883626134,21.95663833618164,35600
2013-02-28 00:00:00-05:00,21.900603468891244,22.21576964584928,21.788544205637038,22.194759368896484,67800
2013-03-01 00:00:00-05:00,21.907612268842794,22.11071922824387,21.718511718610966,22.040681838989258,52200
2013-03-04 00:00:00-05:00,21.928615785705613,22.152734293499787,21.73951662966158,22.019664764404297,37800
2013-03-05 00:00:00-05:00,22.194764254555093,22.271804180093532,22.019671450196334,22.215774536132812,36100
2013-03-06 00:00:00-05:00,22.19476337186384,22.19476337186384,21.886599674409585,22.012666702270508,27900
2013-03-07 00:00:00-05:00,21.95664135058291,22.25079736111535,21.676493087183513,22.243793487548828,42900
2013-03-08 00:00:00-05:00,22.467914940724768,22.4889252269809,22.047690513668744,22.439899444580078,38800
2013-03-11 00:00:00-04:00,22.341840304515994,22.446895714014964,22.18775912630764,22.376859664916992,34000
2013-03-12 00:00:00-04:00,22.264803769767614,22.38386560568403,21.970647776918785,22.138736724853516,140900
2013-03-13 00:00:00-04:00,22.11071921947581,22.376861031367383,21.97764831353003,22.313827514648438,19800
2013-03-14 00:00:00-04:00,21.886610820698884,22.46091527489759,21.648484388101465,22.45391273498535,51800
2013-03-15 00:00:00-04:00,22.502932132413946,22.60798623146555,22.327837959770946,22.460908889770508,194800
2013-03-18 00:00:00-04:00,22.25780118523161,22.68502678502191,22.25780118523161,22.516939163208008,92500
2013-03-19 00:00:00-04:00,22.516935889186808,22.628995178003894,22.397871391985053,22.57996940612793,41800
2013-03-20 00:00:00-04:00,22.76206713421645,22.79008262728302,22.551956279626115,22.76906967163086,55700
2013-03-21 00:00:00-04:00,22.727045155754023,22.867119925049607,22.52393687386063,22.551952362060547,43100
2013-03-22 00:00:00-04:00,22.636001945561986,22.81809999374067,22.530945173789306,22.607986450195312,56600
2013-03-25 00:00:00-04:00,22.75507149227788,22.8951436566479,22.425896028256723,22.82510757446289,45400
2013-03-26 00:00:00-04:00,23.01420158482648,23.01420158482648,22.720044246480835,22.951168060302734,26300
2013-03-27 00:00:00-04:00,22.937065779217658,23.14859944015694,22.619770667333203,23.007577896118164,52600
2013-03-28 00:00:00-04:00,23.056937832359466,23.134499825485538,22.88066155335024,22.9793758392334,64000
2013-04-01 00:00:00-04:00,22.97936464907663,22.97936464907663,22.260157458176533,22.499893188476562,68500
2013-04-02 00:00:00-04:00,22.64092186094589,22.67617657280752,22.224909805549597,22.267215728759766,44400
2013-04-03 00:00:00-04:00,22.28131529914143,22.3588759242844,21.85120087610864,21.87235450744629,52800
2013-04-04 00:00:00-04:00,21.837098664557228,21.949915343011135,21.703129699443775,21.89350700378418,59300
2013-04-05 00:00:00-04:00,21.512749221741444,22.020424231634056,21.512749221741444,21.879404067993164,40200
2013-04-08 00:00:00-04:00,21.99221874820492,22.048627077536693,21.689023473716404,22.02747344970703,44200
2013-04-09 00:00:00-04:00,22.126187618080227,22.126187618080227,21.780686433933223,21.942861557006836,60000
2013-04-10 00:00:00-04:00,21.95696890077675,22.358878528843988,21.822999921341697,22.260164260864258,28300
2013-04-11 00:00:00-04:00,22.21080289030871,22.33067076922624,22.020424257048962,22.097986221313477,32300
2013-04-12 00:00:00-04:00,22.041578658021695,22.267212003906774,21.844148807931838,22.119140625,58200
2013-04-15 00:00:00-04:00,22.013375724394283,22.02042693517415,21.51980307373201,21.562108993530273,112000
2013-04-16 00:00:00-04:00,21.837102940479465,21.886461423738712,21.590317248589013,21.823001861572266,43500
2013-04-17 00:00:00-04:00,21.64672098027606,21.837098281274987,21.167249432822153,21.378780364990234,43900
2013-04-18 00:00:00-04:00,21.35057142563037,21.357622634222594,21.117886921609003,21.251855850219727,39000
2013-04-19 00:00:00-04:00,21.2307131556804,21.639674024524968,21.20955952035217,21.540958404541016,39600
2013-04-22 00:00:00-04:00,21.392880811525874,21.392880811525874,21.10378793663072,21.294166564941406,39300
2013-04-23 00:00:00-04:00,21.477498150826584,21.71723396395764,21.273018395438974,21.71018409729004,31600
2013-04-24 00:00:00-04:00,21.625569895806752,21.646723529467028,21.428140016287234,21.463396072387695,33900
2013-04-25 00:00:00-04:00,21.47044254692446,21.50569725036621,21.329421043395996,21.50569725036621,40600
2013-04-26 00:00:00-04:00,21.47043913283192,21.57620457121976,21.301212817554763,21.44928550720215,58000
2013-04-29 00:00:00-04:00,21.505700652172273,21.667874465466408,21.442241100034405,21.562108993530273,52100
2013-04-30 00:00:00-04:00,21.58326399226166,21.914662850609975,21.56916156980913,21.886459350585938,38700
2013-05-01 00:00:00-04:00,21.738389630246093,22.048636242978198,21.153152465820312,21.153152465820312,116800
2013-05-02 00:00:00-04:00,21.301223216368015,21.611469819324707,21.25891728933611,21.40699005126953,32000
2013-05-03 00:00:00-04:00,21.576212685223783,22.062735498627422,21.576212685223783,21.815948486328125,60000
2013-05-06 00:00:00-04:00,21.752487135192684,22.217856276603925,21.738384713966667,22.105039596557617,15000
2013-05-07 00:00:00-04:00,22.231961758407095,22.521054708934034,22.16145098745102,22.5069522857666,30200
2013-05-08 00:00:00-04:00,22.457590422214153,22.63386529517665,22.3447737503849,22.549253463745117,16300
2013-05-09 00:00:00-04:00,22.64091774123235,22.704377286941106,22.394130768462833,22.478742599487305,39100
2013-05-10 00:00:00-04:00,22.549257423556426,22.711431249679766,22.380032386095415,22.605667114257812,15200
2013-05-13 00:00:00-04:00,22.506948272046902,22.78898996069293,22.43643751366518,22.584508895874023,13300
2013-05-14 00:00:00-04:00,22.549261288088875,23.042835407267223,22.549261288088875,22.9793758392334,66900
2013-05-15 00:00:00-04:00,22.965262849512964,23.000517551144203,22.563353333441935,22.951160430908203,81800
2013-05-16 00:00:00-04:00,22.951164603339,23.18385051797693,22.951164603339,23.148595809936523,28500
2013-05-17 00:00:00-04:00,23.32486833498459,23.360123037425147,23.14859213302042,23.31781578063965,55200
2013-05-20 00:00:00-04:00,23.275514634038426,23.494098150169666,23.141545653690816,23.479995727539062,48700
2013-05-21 00:00:00-04:00,23.43769089476819,23.50820031739307,23.261414648443935,23.374231338500977,38700
2013-05-22 00:00:00-04:00,23.331923310215306,23.59281139313427,22.96526840704602,23.13449478149414,66100
2013-05-23 00:00:00-04:00,23.000516913719423,23.12743598788357,22.774883601819,23.120386123657227,42000
2013-05-24 00:00:00-04:00,23.049881001045183,23.402433493693692,22.97232171206264,23.374231338500977,40800
2013-05-28 00:00:00-04:00,23.74793704196974,23.74793704196974,23.296670264221685,23.550508499145508,68200
2013-05-29 00:00:00-04:00,23.465895377210252,23.57166221139914,23.21205712696678,23.41653823852539,35600
2013-05-30 00:00:00-04:00,23.444735683980408,23.691521299486137,23.444735683980408,23.67742156982422,43700
2013-05-31 00:00:00-04:00,23.46588900161724,23.564603252166673,23.190898535154787,23.233205795288086,40100
2013-06-03 00:00:00-04:00,22.908857258253157,23.78318574683745,22.908857258253157,23.762033462524414,97600
2013-06-04 00:00:00-04:00,23.726772352890166,23.77612946280259,23.430627003654866,23.69151496887207,111500
2013-06-05 00:00:00-04:00,23.71267746411957,23.71267746411957,22.95821547053584,23.049877166748047,37500
2013-06-06 00:00:00-04:00,23.085131991170996,23.240253215819582,22.732579596429456,23.099231719970703,38800
2013-06-07 00:00:00-04:00,23.310768127441406,23.451786950581443,23.092184647955726,23.310768127441406,40500
2013-06-10 00:00:00-04:00,23.465890577959815,23.621014519107575,23.162695251041075,23.592809677124023,35200
2013-06-11 00:00:00-04:00,23.1697438127758,23.39537713022948,23.021672452527067,23.099231719970703,22200
2013-06-12 00:00:00-04:00,23.113342224815923,23.25436377000169,22.760789706732645,22.824249267578125,25100
2013-06-13 00:00:00-04:00,22.901799282030716,23.2473017526669,22.75372794736986,23.19794464111328,32200
2013-06-14 00:00:00-04:00,23.12743967812463,23.183849359981156,22.61271343511139,22.711427688598633,30000
2013-06-17 00:00:00-04:00,22.944115306041184,23.16269611516379,22.78899135910627,23.12744140625,32700
2013-06-18 00:00:00-04:00,23.233207395978724,23.444738331695806,22.972319331586387,23.360126495361328,30400
2013-06-19 00:00:00-04:00,23.296668896982027,23.508199850416787,23.04988054317314,23.444740295410156,44400
2013-06-20 00:00:00-04:00,23.06398073241373,23.585759544147596,23.06398073241373,23.487045288085938,73000
2013-06-21 00:00:00-04:00,23.571661344053823,23.776142448088326,23.43769235680478,23.64922332763672,145500
2013-06-24 00:00:00-04:00,23.409474725052615,23.75497449443958,23.346015199485105,23.69151496887207,79900
2013-06-25 00:00:00-04:00,23.797288809996395,24.029974702779686,23.522298347442728,23.94536018371582,87900
2013-06-26 00:00:00-04:00,24.227411954068778,24.24856424659597,23.825502257476998,23.973573684692383,54300
2013-06-27 00:00:00-04:00,24.186477889467835,24.449065052154047,24.051633711031506,24.378093719482422,48900
2013-06-28 00:00:00-04:00,24.3780891287079,24.52712754561229,24.150986321484737,24.48454475402832,147300
2013-07-01 00:00:00-04:00,24.505845637157616,24.89618129782447,24.371004131741927,24.640689849853516,114000
2013-07-02 00:00:00-04:00,24.6406858125132,24.91036877915742,24.484551573828824,24.661975860595703,65800
2013-07-03 00:00:00-04:00,24.61229771180554,24.76843195324895,24.477456226100653,24.761333465576172,39200
2013-07-05 00:00:00-04:00,24.839409011126946,25.463943481445312,24.768440354007446,25.463943481445312,52100
2013-07-08 00:00:00-04:00,25.549100456922098,25.648457636645315,25.307803288759963,25.41425895690918,49500
2013-07-09 00:00:00-04:00,25.627160583707948,25.66974067350921,25.21553500043332,25.63425636291504,63800
2013-07-10 00:00:00-04:00,25.478133096562228,25.705236006563876,25.357483152778716,25.6413631439209,51300
2013-07-11 00:00:00-04:00,26.024598895984823,26.024598895984823,25.272321484733485,25.563297271728516,94100
2013-07-12 00:00:00-04:00,25.5987803330655,25.88266032420768,25.33619310099114,25.6413631439209,67100
2013-07-15 00:00:00-04:00,25.520707152367642,25.953622817993168,25.520707152367642,25.953622817993164,45800
2013-07-16 00:00:00-04:00,26.05296780392782,26.05296780392782,25.591666527317198,25.911027908325195,43500
2013-07-17 00:00:00-04:00,26.060084843604958,26.30847780731721,25.8613677653549,26.102664947509766,47200
2013-07-18 00:00:00-04:00,26.07428228050054,26.563972485836388,26.07428228050054,26.528488159179688,48400
2013-07-19 00:00:00-04:00,26.521376554685606,26.78396639811205,26.478796466665614,26.613637924194336,53000
2013-07-22 00:00:00-04:00,26.556861985595866,26.975583348248424,26.485893364378562,26.79106330871582,35300
2013-07-23 00:00:00-04:00,26.840734934814634,26.890413498258724,26.50717654545118,26.869123458862305,30300
2013-07-24 00:00:00-04:00,26.720093563670844,26.99687496496821,26.571055133735975,26.64912223815918,55300
2013-07-25 00:00:00-04:00,26.514290066829563,26.76268302491809,26.159441436828697,26.563968658447266,68400
2013-07-26 00:00:00-04:00,26.32266448678871,26.88332582294757,26.194918797353033,26.407827377319336,27300
2013-07-29 00:00:00-04:00,26.343958127270877,26.351056615030057,25.967819494429794,26.28718376159668,64100
2013-07-30 00:00:00-04:00,26.33686321108215,26.627838951320893,26.33686321108215,26.485898971557617,125200
2013-07-31 00:00:00-04:00,26.6065452912628,26.975585398374815,26.32976115000944,26.429121017456055,44000
2013-08-01 00:00:00-04:00,26.59234732679201,26.904613030650378,26.10265466651872,26.769771575927734,57300
2013-08-02 00:00:00-04:00,26.585250295763046,26.87622597197959,26.535571719868464,26.77686882019043,48400
2013-08-05 00:00:00-04:00,26.677517211251317,26.99688148498535,26.649128674190536,26.99688148498535,48000
2013-08-06 00:00:00-04:00,26.69171137053172,26.911715763652534,26.294279975147187,26.38654136657715,83200
2013-08-07 00:00:00-04:00,26.386528976353514,26.450401800846365,26.01748629120356,26.223299026489258,47100
2013-08-08 00:00:00-04:00,26.45041311726503,26.492995920904896,26.024593202705727,26.28008460998535,73900
2013-08-09 00:00:00-04:00,26.258780245411508,26.563950070251256,26.145228871560317,26.372331619262695,97500
2013-08-12 00:00:00-04:00,26.25880263022446,26.393644155596483,26.237512575502723,26.27299690246582,62200
2013-08-13 00:00:00-04:00,26.265888878303173,26.42202310900151,26.152337448871553,26.343955993652344,52400
2013-08-14 00:00:00-04:00,26.400734757269674,26.42202480563031,26.159437615823197,26.2587947845459,89500
2013-08-15 00:00:00-04:00,26.08845921040618,26.287176201313798,25.840066355870498,25.960716247558594,80600
2013-08-16 00:00:00-04:00,25.847160487889543,26.52847158759306,25.847160487889543,26.081361770629883,60400
2013-08-19 00:00:00-04:00,26.081369989400944,26.294278590715614,25.698132882666687,25.854267120361328,65700
2013-08-20 00:00:00-04:00,25.825874899204088,26.29427483816115,25.825874899204088,26.265886306762695,41300
2013-08-21 00:00:00-04:00,26.216210211561002,26.35105439482566,25.804587296444797,26.038785934448242,117600
2013-08-22 00:00:00-04:00,26.13105688733281,26.58526276993396,25.407165246707002,26.27299690246582,38400
2013-08-23 00:00:00-04:00,26.25879074714117,26.322663589682147,25.996203597707986,26.244596481323242,61000
2013-08-26 00:00:00-04:00,26.223297830845386,26.414916295587147,25.960710767582306,26.01038932800293,52900
2013-08-27 00:00:00-04:00,25.71941966274573,25.761999748748586,25.144564136195065,25.243921279907227,84800
2013-08-28 00:00:00-04:00,25.300697797343965,25.584574957991194,25.18714639162926,25.43553924560547,65400
2013-08-29 00:00:00-04:00,25.428455758289967,25.754915869107734,25.215544400792812,25.563297271728516,36700
2013-08-30 00:00:00-04:00,25.485227324915872,25.57039023415634,25.087795902993573,25.20134735107422,70900
2013-09-03 00:00:00-04:00,25.421349142199745,25.86136057295112,24.981337711448365,25.2297306060791,51800
2013-09-04 00:00:00-04:00,25.29360345145265,25.49941625402069,25.12327766864286,25.2297306060791,39800
2013-09-05 00:00:00-04:00,25.31488677068893,25.471020952842085,25.20843386153987,25.35746955871582,38600
2013-09-06 00:00:00-04:00,25.421352168825177,25.570387923347578,24.881983516005135,25.371673583984375,42400
2013-09-09 00:00:00-04:00,25.314891487486182,25.58457711401478,25.279407177824883,25.556188583374023,45200
2013-09-10 00:00:00-04:00,25.72652560490465,25.73362138628203,25.343288435801586,25.683942794799805,33100
2013-09-11 00:00:00-04:00,25.549103000743344,25.655558679491925,25.442647321994766,25.563297271728516,61700
2013-09-12 00:00:00-04:00,25.414256388396417,25.64845504446307,25.25812214616543,25.371673583984375,31500
2013-09-13 00:00:00-04:00,25.506504020938266,25.506504020938266,25.26520698169303,25.40005111694336,49200
2013-09-16 00:00:00-04:00,25.641364408506757,25.641364408506757,25.293611537571053,25.563297271728516,67100
2013-09-17 00:00:00-04:00,25.50650422633597,25.74780126752431,25.37166279727845,25.740705490112305,55400
2013-09-18 00:00:00-04:00,25.747815883039763,26.010405820078283,25.53490724520113,25.66265296936035,60000
2013-09-19 00:00:00-04:00,25.655549224264288,25.655549224264288,25.194245062739007,25.343280792236328,63000
2013-09-20 00:00:00-04:00,25.3007041464586,25.58458137834373,24.84649570233885,25.513612747192383,346800
2013-09-23 00:00:00-04:00,25.449734729818775,25.449734729818775,24.839394879612204,25.2865047454834,120900
2013-09-24 00:00:00-04:00,25.336188462034272,25.662648496978058,24.98133989171805,25.513612747192383,85300
2013-09-25 00:00:00-04:00,25.54909280435348,25.719421280918723,25.286505664124714,25.556188583374023,56200
2013-09-26 00:00:00-04:00,25.563339926389947,25.599042371090444,25.363404056929635,25.527637481689453,42900
2013-09-27 00:00:00-04:00,25.363395067822548,25.713282715373502,25.363395067822548,25.499065399169922,33300
2013-09-30 00:00:00-04:00,25.220582804589508,25.56333105786626,25.134896422250566,25.491926193237305,84500
2013-10-01 00:00:00-04:00,25.456227672961603,26.056037889353245,25.334836115732102,25.741849899291992,130000
2013-10-02 00:00:00-04:00,25.634741578450473,25.727567368301088,25.4276636338521,25.484786987304688,96100
2013-10-03 00:00:00-04:00,25.42052146709637,25.613317892009047,25.11347561156003,25.38481903076172,125100
2013-10-04 00:00:00-04:00,25.327689775373102,25.577609495398903,25.327689775373102,25.556188583374023,35700
2013-10-07 00:00:00-04:00,25.35625134568855,25.370532862389634,25.120613129922614,25.170597076416016,34600
2013-10-08 00:00:00-04:00,25.234864203302386,25.27770875623031,24.942099901430655,25.077770233154297,118800
2013-10-09 00:00:00-04:00,25.092055244395706,25.27057015390213,24.88497729562713,25.049213409423828,73900
2013-10-10 00:00:00-04:00,25.26343326859277,25.6704470848328,24.79929336814703,25.63474464416504,42300
2013-10-11 00:00:00-04:00,25.520495081237602,26.23455478696542,25.50621356025245,26.205991744995117,66000
2013-10-14 00:00:00-04:00,26.04174759985833,26.220262452670255,26.006042450159555,26.12029457092285,158000
2013-10-15 00:00:00-04:00,26.09886709350585,26.120290724954778,25.884649846457116,25.9560546875,41700
2013-10-16 00:00:00-04:00,25.956056654641714,26.420196328356635,25.956056654641714,26.170276641845703,61400
2013-10-17 00:00:00-04:00,26.013196519833045,26.29167938232422,25.97749407765346,26.29167938232422,137600
2013-10-18 00:00:00-04:00,28.369576476436038,28.369576476436038,25.627588576774556,26.46303939819336,369200
2013-10-21 00:00:00-04:00,26.42020988464355,26.741537306403284,26.320241958745346,26.420209884643555,206400
2013-10-22 00:00:00-04:00,26.420203971387608,26.577297947737087,26.284533634308286,26.427343368530273,80800
2013-10-23 00:00:00-04:00,26.320226525321424,26.5058807468527,26.291663499264274,26.377349853515625,62800
2013-10-24 00:00:00-04:00,26.420197205907236,26.484462659418963,26.348792357081045,26.38449478149414,81300
2013-10-25 00:00:00-04:00,26.420197205907236,26.463041749555178,26.320229327982414,26.38449478149414,44100
2013-10-28 00:00:00-04:00,26.420204353911075,26.484469824809864,26.37022040142547,26.41306495666504,95200
2013-10-29 00:00:00-04:00,26.505893411497812,26.648705886099954,26.063177191760417,26.263113021850586,66400
2013-10-30 00:00:00-04:00,26.34879652838607,26.434482905326675,26.04889012321274,26.1560001373291,69200
2013-10-31 00:00:00-04:00,26.113168454747044,26.120310578632008,25.613326015763473,25.620468139648438,47800
2013-11-01 00:00:00-04:00,25.563331160597993,25.59903359305595,24.984944672584536,25.120615005493164,110300
2013-11-04 00:00:00-05:00,25.14204217564408,25.29199406362883,24.97780876633863,25.192026138305664,55400
2013-11-05 00:00:00-05:00,25.020643529788728,25.456220225729872,24.999219894238433,25.163455963134766,27300
2013-11-06 00:00:00-05:00,25.34197617599649,25.34197617599649,25.02778821149541,25.127756118774414,32400
2013-11-07 00:00:00-05:00,25.163465546444268,25.17060494506628,24.913543011927505,24.94924545288086,91100
2013-11-08 00:00:00-05:00,24.92782233217221,25.741849899291992,24.92782233217221,25.741849899291992,62400
2013-11-11 00:00:00-05:00,25.691865623123935,25.691865623123935,25.399101278509423,25.449085235595703,54700
2013-11-12 00:00:00-05:00,25.441932922497017,25.56332169267936,25.192010540013403,25.370525360107422,45500
2013-11-13 00:00:00-05:00,25.242005632062394,25.549051476292956,25.242005632062394,25.541912078857422,34600
2013-11-14 00:00:00-05:00,25.470504484896136,25.61331694889752,25.399099614856038,25.541912078857422,38700
2013-11-15 00:00:00-05:00,25.491930289844625,25.634742765973787,25.149181981487494,25.420522689819336,121300
2013-11-18 00:00:00-05:00,25.370541097765056,25.90608589025211,25.341980779012886,25.656166076660156,121000
2013-11-19 00:00:00-05:00,25.63474464416504,25.82753836855527,25.549055517856473,25.63474464416504,55100
2013-11-20 00:00:00-05:00,25.63474686928111,25.820401211221377,25.520497414874363,25.663307189941406,109600
2013-11-21 00:00:00-05:00,25.68472405390681,26.22740813807574,25.527630074103715,26.19170570373535,74800
2013-11-22 00:00:00-05:00,26.141727027092347,26.513038411801183,26.04175910119414,26.420209884643555,32600
2013-11-25 00:00:00-05:00,26.42734555716045,26.955750878874355,26.42734555716045,26.620141983032227,65900
2013-11-26 00:00:00-05:00,26.58443814888965,26.998594017638016,26.513033279619112,26.85578155517578,72900
2013-11-27 00:00:00-05:00,26.89862629569436,27.119985772642288,26.670127420615866,27.11284637451172,54900
2013-11-29 00:00:00-05:00,27.29135472047151,27.391322613760728,26.87005951023781,27.25564956665039,64100
2013-12-02 00:00:00-05:00,27.24137824109395,27.24137824109395,26.448771550005873,26.491613388061523,32700
2013-12-03 00:00:00-05:00,26.384501754846955,26.977169783721976,26.24168929552924,26.47018814086914,123500
2013-12-04 00:00:00-05:00,26.398784581139328,26.398784581139328,25.813255920454775,26.03461265563965,68000
2013-12-05 00:00:00-05:00,26.027464436132952,26.134571706683435,25.777542023674535,26.048885345458984,76000
2013-12-06 00:00:00-05:00,26.341648461426526,26.7272411564934,26.213117563070902,26.53444480895996,65500
2013-12-09 00:00:00-05:00,26.64157270405073,26.64157270405073,26.027480826728773,26.34880828857422,137500
2013-12-10 00:00:00-05:00,26.23455162574829,26.23455162574829,25.74899086644886,25.856098175048828,97200
2013-12-11 00:00:00-05:00,25.741844665471763,25.884657111561097,25.456222497213943,25.713281631469727,66800
2013-12-12 00:00:00-05:00,25.67758533663837,26.07745973645513,25.67758533663837,25.79897689819336,59000
2013-12-13 00:00:00-05:00,25.80611582148736,25.96320981922438,25.691866384202648,25.87752342224121,50200
2013-12-16 00:00:00-05:00,25.96321074328383,26.520176429379653,25.920366181306637,26.491613388061523,73600
2013-12-17 00:00:00-05:00,26.284533850500885,26.58443756353909,26.284533850500885,26.47018814086914,99900
2013-12-18 00:00:00-05:00,26.555868456501816,27.13425755876045,26.4844636051259,27.119976043701172,92400
2013-12-19 00:00:00-05:00,27.041442359752565,27.212817900749467,26.827224976447802,27.020021438598633,77400
2013-12-20 00:00:00-05:00,27.134262237577957,27.641243851960095,27.091417685012345,27.59840202331543,465500
2013-12-23 00:00:00-05:00,27.648392771315976,28.169656031396638,27.626969127804706,28.105390548706055,97900
2013-12-24 00:00:00-05:00,28.155366378490726,28.283897306749406,27.96970938259671,28.13394546508789,28900
2013-12-26 00:00:00-05:00,27.839538502327766,28.2991022742961,27.839538502327766,28.162670135498047,61600
2013-12-27 00:00:00-05:00,28.062134329925353,28.30627512978549,27.961602381540253,28.198566436767578,62800
2013-12-30 00:00:00-05:00,28.12676771499935,28.299105518854482,27.9041680282397,28.105226516723633,32000
2013-12-31 00:00:00-05:00,28.169846487596622,28.385266639342817,28.062137781331447,28.090858459472656,59500
2014-01-02 00:00:00-05:00,27.97597286489422,28.105225528436435,27.43024152710649,27.588214874267578,117400
2014-01-03 00:00:00-05:00,27.60257339477539,27.73900826786247,27.502044165689785,27.60257339477539,89800
2014-01-06 00:00:00-05:00,27.695923656908462,27.695923656908462,27.22199818290982,27.26508331298828,62500
2014-01-07 00:00:00-05:00,27.4302289644531,27.59538446129232,27.11427693639971,27.437408447265625,70200
2014-01-08 00:00:00-05:00,27.48051023389556,27.530774861723554,27.071210984886626,27.344078063964844,92300
2014-01-09 00:00:00-05:00,27.379979820098924,27.595400035852116,27.20046251710182,27.43024444580078,46900
2014-01-10 00:00:00-05:00,27.487673044598644,27.487673044598644,27.085556265934493,27.437408447265625,72000
2014-01-13 00:00:00-05:00,27.30098825385479,27.30098825385479,26.496751606943544,26.898868560791016,108600
2014-01-14 00:00:00-05:00,27.064019352412092,27.099924993424615,26.719346564575293,27.020936965942383,39100
2014-01-15 00:00:00-05:00,27.04248117174282,27.300986476222185,26.95631364998841,27.214818954467773,75300
2014-01-16 00:00:00-05:00,27.207635194089058,27.315346644614575,27.00657674160513,27.279443740844727,76300
2014-01-17 00:00:00-05:00,27.18609692002874,27.724648752076167,27.18609692002874,27.315349578857422,43700
2014-01-21 00:00:00-05:00,27.54513214758698,27.96161081681808,27.51640872509757,27.72464942932129,58800
2014-01-22 00:00:00-05:00,27.78209771143395,27.853906278452115,27.55231577540932,27.78927993774414,51000
2014-01-23 00:00:00-05:00,27.329712375552866,27.72464985356848,27.150195091071556,27.50922966003418,143600
2014-01-24 00:00:00-05:00,27.300987832238032,27.300987832238032,26.783977197599846,27.114288330078125,78700
2014-01-27 00:00:00-05:00,27.150194883639788,27.200459503773217,26.345955483072235,26.40340232849121,62000
2014-01-28 00:00:00-05:00,26.48956985740332,26.53983447753675,26.2023438479575,26.40340232849121,70300
2014-01-29 00:00:00-05:00,26.13771996817568,27.14301520435683,25.757141429617747,25.864852905273438,79300
2014-01-30 00:00:00-05:00,26.087442851862964,26.518283069753057,25.46272097494244,26.38903045654297,97000
2014-01-31 00:00:00-05:00,26.01564433509061,26.36031718989617,25.87921218606852,25.96537971496582,102800
2014-02-03 00:00:00-05:00,25.915114637750506,26.022826101384585,25.074972343367094,25.110877990722656,111800
2014-02-04 00:00:00-05:00,25.175493727206984,25.71404534032213,25.089323496873646,25.433996200561523,96700
2014-02-05 00:00:00-05:00,25.290401475459113,25.59917149180065,24.888281683679743,25.089340209960938,101800
2014-02-06 00:00:00-05:00,25.02470304742125,25.240125934430395,24.924173827732076,25.14677619934082,50100
2014-02-07 00:00:00-05:00,25.189870525204668,25.326302696155388,24.873918303104567,25.0821590423584,65700
2014-02-10 00:00:00-05:00,25.082153395342004,25.25448844203623,24.72311885231016,25.240129470825195,93700
2014-02-11 00:00:00-05:00,25.41245928677313,25.749952564304674,25.28320665874895,25.699687957763672,82800
2014-02-12 00:00:00-05:00,25.84331259187595,26.116176924916825,25.419651639903666,25.62788963317871,72200
2014-02-13 00:00:00-05:00,25.398112995517263,25.84331797970589,25.30476594911857,25.76432991027832,50600
2014-02-14 00:00:00-05:00,25.77868416378234,25.97974265378089,25.520178825660505,25.79304313659668,56700
2014-02-18 00:00:00-05:00,25.886399505615085,26.238254692179794,25.728426111368464,25.958208084106445,63200
2014-02-19 00:00:00-05:00,25.80022719582685,25.80740668274426,24.787749709037815,24.88827896118164,83400
2014-02-20 00:00:00-05:00,24.859554119674147,25.189868022618544,24.608231003623924,25.024709701538086,48100
2014-02-21 00:00:00-05:00,25.146787596926224,25.311943209730476,24.917005636570998,25.18987274169922,100000
2014-02-24 00:00:00-05:00,25.118050191405516,25.95101001903899,25.118050191405516,25.8576602935791,57800
2014-02-25 00:00:00-05:00,25.778684616088867,25.86485215056919,25.68533485585887,25.778684616088867,45000
2014-02-26 00:00:00-05:00,25.72124149905791,26.144902485615287,25.72124149905791,26.015649795532227,34200
2014-02-27 00:00:00-05:00,25.915106121426817,26.101802825927734,25.821756399568653,26.101802825927734,36100
2014-02-28 00:00:00-05:00,26.173624822776127,26.783982592211288,26.04437213808356,26.417768478393555,98100
2014-03-03 00:00:00-05:00,26.23824846704843,26.259789665876507,25.958201925417264,26.173622131347656,32600
2014-03-04 00:00:00-05:00,26.525464854199832,27.430233225161075,26.525464854199832,27.09992218017578,117900
2014-03-05 00:00:00-05:00,26.99939727783203,27.12147045018986,26.884506330492094,26.99939727783203,45800
2014-03-06 00:00:00-05:00,26.98503811874976,27.35125215484646,26.949132472342278,27.207637786865234,34400
2014-03-07 00:00:00-05:00,27.42306221971957,27.631302948608205,27.286630055559765,27.43024444580078,46700
2014-03-10 00:00:00-04:00,27.32252690254662,27.60257339477539,27.32252690254662,27.60257339477539,44600
2014-03-11 00:00:00-04:00,27.616940380791036,27.616940380791036,27.236364586767078,27.42306137084961,86400
2014-03-12 00:00:00-04:00,27.293802098292815,27.50922499450807,27.092743650322216,27.502042770385742,69200
2014-03-13 00:00:00-04:00,27.638484816070918,27.638484816070918,27.186100451407388,27.365617752075195,77300
2014-03-14 00:00:00-04:00,27.645665997438986,27.94725376622335,27.466148685767305,27.57386016845703,175400
2014-03-17 00:00:00-04:00,27.753371884450004,28.263200289393144,27.69592504147353,28.083683013916016,99400
2014-03-18 00:00:00-04:00,28.133938105145084,28.464249122760556,27.98314430221828,28.40680503845215,78500
2014-03-19 00:00:00-04:00,28.35655035535044,28.66531755253004,28.062142129858593,28.428356170654297,63300
2014-03-20 00:00:00-04:00,28.112390605032832,29.146408543397268,28.040582091748337,29.045879364013672,74900
2014-03-21 00:00:00-04:00,29.311581234636307,29.562904330738633,28.751488198056094,28.931005477905273,249000
2014-03-24 00:00:00-04:00,28.966918935147742,29.203880406452342,28.67251059854669,28.808942794799805,55700
2014-03-25 00:00:00-04:00,28.91664882219861,29.088983907021376,28.7658549381745,28.959733963012695,34700
2014-03-26 00:00:00-04:00,29.067442180417896,29.067442180417896,28.44272271560664,28.464263916015625,106800
2014-03-27 00:00:00-04:00,28.485931513370858,28.673765505850287,27.92242678003087,27.980220794677734,62000
2014-03-28 00:00:00-04:00,27.958552586258264,28.579854183537666,27.705695810952722,27.915205001831055,61200
2014-03-31 00:00:00-04:00,27.987445931217483,28.51482904512966,27.82850757286803,28.442583084106445,94900
2014-04-01 00:00:00-04:00,28.420913897325747,29.251724629964944,28.09581392560163,29.186704635620117,151100
2014-04-02 00:00:00-04:00,29.2300423337358,29.2300423337358,28.811026838055366,29.0927791595459,47400
2014-04-03 00:00:00-04:00,29.179478660747396,29.287846236622748,28.984418677712927,29.186704635620117,57900
2014-04-04 00:00:00-04:00,29.244488492606987,29.381751652568354,28.37033323810891,28.44980239868164,78600
2014-04-07 00:00:00-04:00,28.39924144830883,28.60152465005622,27.78516311230121,28.54372787475586,88100
2014-04-08 00:00:00-04:00,28.61596870422363,28.99163940849669,28.42813197413638,28.615968704223633,70000
2014-04-09 00:00:00-04:00,28.659314567170583,28.78213131915293,28.182502262801094,28.428133010864258,50600
2014-04-10 00:00:00-04:00,28.33422670196616,28.565408334182,27.3155817737956,27.53953742980957,70500
2014-04-11 00:00:00-04:00,27.351690660866478,27.66956456828685,27.185529112267112,27.286670684814453,63000
2014-04-14 00:00:00-04:00,27.62622347091553,27.691243455713536,27.026594416011545,27.31557273864746,48400
2014-04-15 00:00:00-04:00,27.35170236405592,27.73459641136023,26.867663945025672,27.553985595703125,50300
2014-04-16 00:00:00-04:00,27.806840309033127,28.782137538191858,27.373372730372033,27.431169509887695,43900
2014-04-17 00:00:00-04:00,27.49619157789672,28.117490469028187,27.344476398203057,28.023574829101562,70500
2014-04-21 00:00:00-04:00,27.684024569062196,27.684024569062196,26.9832537486075,27.56843376159668,129900
2014-04-22 00:00:00-04:00,27.66957854416122,28.168066197646052,27.460069320403896,27.987455368041992,49100
2014-04-23 00:00:00-04:00,27.850185003141302,28.117488217353795,27.850185003141302,27.915205001831055,69200
2014-04-24 00:00:00-04:00,28.001899646880087,28.088594822645177,27.460067199908778,27.553985595703125,80300
2014-04-25 00:00:00-04:00,27.503410859519917,27.633450848691798,27.192760080487304,27.257780075073242,68800
2014-04-28 00:00:00-04:00,27.43839115077902,27.60455274847368,25.538364849997674,27.04827117919922,35900
2014-04-29 00:00:00-04:00,27.279455894867436,27.366151069077247,26.636481843607264,26.701501846313477,41600
2014-04-30 00:00:00-04:00,26.571454518677857,26.96157442741086,26.195783801664767,26.81708526611328,91300
2014-05-01 00:00:00-04:00,26.69426820931024,27.57564675594474,26.21745596083544,26.687042236328125,90500
2014-05-02 00:00:00-04:00,26.701498672273438,27.250557020059173,26.585907876303065,26.7520694732666,60000
2014-05-05 00:00:00-04:00,26.46308963798575,26.925452748077635,26.224682109150017,26.513660430908203,35000
2014-05-06 00:00:00-04:00,26.32582869191312,26.585908679681094,26.007954682364513,26.145217895507812,90500
2014-05-07 00:00:00-04:00,26.145203920903636,26.448631329751752,25.870677641351257,26.268020629882812,148900
2014-05-08 00:00:00-04:00,26.361955801175526,27.12052067389222,25.87069416332232,26.181344985961914,83900
2014-05-09 00:00:00-04:00,25.993501188894136,26.622025884780715,23.818948772419045,26.564231872558594,89300
2014-05-12 00:00:00-04:00,26.159666732811655,27.084395871796353,26.159666732811655,27.004926681518555,89800
2014-05-13 00:00:00-04:00,26.910998928573957,27.301118769088998,26.470308303833008,26.470308303833008,89700
2014-05-14 00:00:00-04:00,26.369162955929802,26.520875286862832,25.480558617164082,25.60337257385254,94600
2014-05-15 00:00:00-04:00,25.372199257244173,25.63950517118268,25.003754512701406,25.502239227294922,111600
2014-05-16 00:00:00-04:00,25.610611158750967,25.610611158750967,25.083227970600912,25.4083251953125,76100
2014-05-19 00:00:00-04:00,25.242156439889555,25.704522256749534,25.09767005026587,25.668397903442383,55800
2014-05-20 00:00:00-04:00,25.66840322921165,25.66840322921165,25.018206073296206,25.256610870361328,113000
2014-05-21 00:00:00-04:00,25.307195500511778,25.65396805771524,24.967648921779,25.33609390258789,48200
2014-05-22 00:00:00-04:00,25.2638421089337,25.53836856810055,25.2638421089337,25.343311309814453,54700
2014-05-23 00:00:00-04:00,25.40109758531116,25.63227914136279,25.075997660894327,25.523914337158203,79000
2014-05-27 00:00:00-04:00,25.653949312076854,26.007947589080352,25.502236945890196,25.740644454956055,79000
2014-05-28 00:00:00-04:00,25.646726839165588,25.791215992256657,25.37942369728301,25.610605239868164,59600
2014-05-29 00:00:00-04:00,25.718976524632705,25.89236410325429,25.646733307816586,25.80567169189453,62000
2014-05-30 00:00:00-04:00,25.921257560522537,26.268029895886194,25.921257560522537,26.15243911743164,124400
2014-06-02 00:00:00-04:00,26.23913600477402,26.78819436336514,26.08019762372364,26.506439208984375,92200
2014-06-03 00:00:00-04:00,26.333049668784717,26.788189560988332,26.333049668784717,26.513660430908203,105800
2014-06-04 00:00:00-04:00,26.296932472766738,26.5353372856382,26.296932472766738,26.41252326965332,62500
2014-06-05 00:00:00-04:00,26.405287048734042,27.308340660222218,26.361942239159195,27.207199096679688,70600
2014-06-06 00:00:00-04:00,27.43839366864014,27.74904447941563,27.236110445215065,27.4239444732666,70600
2014-06-09 00:00:00-04:00,27.46728379374911,27.951319291543413,27.221653058120264,27.87185287475586,47300
2014-06-10 00:00:00-04:00,27.684003960149322,27.806820651847524,27.438373332653104,27.655105590820312,36500
2014-06-11 00:00:00-04:00,27.481735962572813,27.640671569270868,27.134963608092924,27.199983596801758,57100
2014-06-12 00:00:00-04:00,27.084386965369678,27.33724089137602,26.838756256148763,27.05548858642578,32300
2014-06-13 00:00:00-04:00,27.207209243020927,27.366147619803776,26.889335245357177,26.954355239868164,40100
2014-06-16 00:00:00-04:00,26.86765437935417,26.882103570170685,26.564229639911453,26.780961990356445,30000
2014-06-17 00:00:00-04:00,26.70149198892385,27.366140966319158,26.70149198892385,27.264999389648438,49900
2014-06-18 00:00:00-04:00,27.192762948358197,27.691250544723797,27.142192142335922,27.56843376159668,57500
2014-06-19 00:00:00-04:00,27.597330483350675,27.662350480861505,27.05549808939445,27.532310485839844,38200
2014-06-20 00:00:00-04:00,27.74904664522469,27.74904664522469,27.30835579759373,27.53953742980957,169000
2014-06-23 00:00:00-04:00,27.61900304780892,27.61900304780892,27.265007425132573,27.5034122467041,40000
2014-06-24 00:00:00-04:00,27.4311660136318,28.08136316489897,27.3661460229149,27.525081634521484,97000
2014-06-25 00:00:00-04:00,27.308348118323416,27.777937226905706,27.134963320869595,27.72014045715332,54100
2014-06-26 00:00:00-04:00,27.778296550651678,27.807376825983788,27.487502117073667,27.727407455444336,29800
2014-06-27 00:00:00-04:00,27.48024119325941,28.105453486270267,27.48024119325941,28.025484085083008,175000
2014-06-30 00:00:00-04:00,27.88007248761952,27.989122124676985,27.683787578112025,27.901884078979492,62000
2014-07-01 00:00:00-04:00,28.040024490597318,28.97057148057397,28.040024490597318,28.54164695739746,80800
2014-07-02 00:00:00-04:00,28.599801671690653,28.599801671690653,28.032750062500863,28.112716674804688,59900
2014-07-03 00:00:00-04:00,28.265382530759258,28.752464681476532,28.265382530759258,28.657955169677734,25900
2014-07-07 00:00:00-04:00,28.49075289777697,28.49075289777697,28.13452915329381,28.243576049804688,53000
2014-07-08 00:00:00-04:00,28.221762845987527,28.243571667255974,27.836458879589674,27.909156799316406,48600
2014-07-09 00:00:00-04:00,27.836455491937105,28.170870319178917,27.821915355111695,27.89461326599121,64400
2014-07-10 00:00:00-04:00,27.531123892651692,27.80738100331171,27.334836164544424,27.523855209350586,38800
2014-07-11 00:00:00-04:00,27.414806365966797,27.654714520791014,27.247598912565763,27.414806365966797,34200
2014-07-14 00:00:00-04:00,27.778303957859492,27.82919306663664,26.5133421493297,27.64017677307129,53900
2014-07-15 00:00:00-04:00,27.74921191171835,27.800103772170576,27.269398537180628,27.552927017211914,52700
2014-07-16 00:00:00-04:00,27.73468794102522,27.73468794102522,27.05858657228447,27.153093338012695,42100
2014-07-17 00:00:00-04:00,27.058587331767068,27.08039615935516,26.397026086857736,26.506072998046875,65900
2014-07-18 00:00:00-04:00,25.7281868483408,26.934990662384614,25.7281868483408,26.636924743652344,87100
2014-07-21 00:00:00-04:00,26.55695979084057,26.71689857450842,26.244353680898012,26.6005802154541,86000
2014-07-22 00:00:00-04:00,26.753242042021466,27.203975244042933,26.68054412252531,26.68781280517578,62600
2014-07-23 00:00:00-04:00,26.695084961635413,26.905910043006113,26.61511558414228,26.84048080444336,56100
2014-07-24 00:00:00-04:00,26.90590691015697,27.17489528917687,26.789588585505633,26.964067459106445,42900
2014-07-25 00:00:00-04:00,26.898651123046875,26.964080385357217,26.724172165802983,26.898651123046875,52400
2014-07-28 00:00:00-04:00,26.898648989006993,26.898648989006993,26.542422417301516,26.811410903930664,67200
2014-07-29 00:00:00-04:00,26.89865027280646,27.18217614277298,26.75325160857395,26.927730560302734,35500
2014-07-30 00:00:00-04:00,27.102199975113365,27.262138743179428,26.869563279698085,27.138551712036133,31900
2014-07-31 00:00:00-04:00,26.760509166533804,27.036763434503698,26.324313400414784,26.542409896850586,53200
2014-08-01 00:00:00-04:00,26.67327699153578,27.20397965500193,26.069876396785947,26.222543716430664,56200
2014-08-04 00:00:00-04:00,26.404291982488946,26.404291982488946,25.85178048038054,26.295242309570312,46800
2014-08-05 00:00:00-04:00,26.077139045850366,26.59330422220762,26.077139045850366,26.397016525268555,31000
2014-08-06 00:00:00-04:00,26.258888917060773,26.258888917060773,25.45192923857192,25.851776123046875,456800
2014-08-07 00:00:00-04:00,26.367940832110346,26.367940832110346,25.444662737144196,25.488283157348633,131300
2014-08-08 00:00:00-04:00,25.51008677912461,25.851773067933216,25.51008677912461,25.66275405883789,126300
2014-08-11 00:00:00-04:00,25.81543160173955,26.091688770035955,25.517365605741666,25.895401000976562,105400
2014-08-12 00:00:00-04:00,25.742723503409792,25.96082001411757,25.691834410019563,25.82269287109375,58600
2014-08-13 00:00:00-04:00,25.989898917980288,26.091677099394044,25.888120736566528,26.048059463500977,44500
2014-08-14 00:00:00-04:00,26.018996764809685,26.302522682606966,25.931755887603348,26.033536911010742,56200
2014-08-15 00:00:00-04:00,26.317067528845577,26.317067528845577,25.859062548088577,26.084430694580078,107000
2014-08-18 00:00:00-04:00,26.411565173294935,26.636930444687863,26.186197128653447,26.476991653442383,51800
2014-08-19 00:00:00-04:00,26.46972380703303,26.709632001497184,26.41883469425251,26.498804092407227,30100
2014-08-20 00:00:00-04:00,26.338861022806295,26.39702158411856,26.171653568905846,26.2734317779541,29600
2014-08-21 00:00:00-04:00,26.244352847316424,26.760518149145753,26.171654915184693,26.62965965270996,52900
2014-08-22 00:00:00-04:00,26.673274152434846,26.825944229077688,26.42609732983217,26.702354431152344,56900
2014-08-25 00:00:00-04:00,26.89137329714095,26.898641980149712,26.593307375317863,26.80413246154785,49400
2014-08-26 00:00:00-04:00,26.85502139394372,27.007691468650243,26.65873367496218,26.956802368164062,201700
2014-08-27 00:00:00-04:00,27.03676621242812,27.03676621242812,26.753240460605646,26.934988021850586,47800
2014-08-28 00:00:00-04:00,26.84048519121651,26.84048519121651,26.556959368854816,26.61511993408203,32600
2014-08-29 00:00:00-04:00,26.60784892802372,26.789596537568276,26.447912917433445,26.76051902770996,45000
2014-09-02 00:00:00-04:00,26.833213237452895,27.116739025265833,26.7241635775642,27.02950096130371,64800
2014-09-03 00:00:00-04:00,27.153086858326734,27.153086858326734,26.760514200198163,26.84048080444336,85200
2014-09-04 00:00:00-04:00,27.05858632114982,27.203982197304914,26.847758418176934,26.905916213989258,72500
2014-09-05 00:00:00-04:00,26.767783332145697,27.000420012439083,26.68054527034767,26.956802368164062,46400
2014-09-08 00:00:00-04:00,26.956805599117942,27.13128174362613,26.825947104112647,27.102201461791992,49200
2014-09-09 00:00:00-04:00,27.022228779531357,27.022228779531357,26.709625494287888,26.796863555908203,45200
2014-09-10 00:00:00-04:00,26.775062593293526,27.182175515856468,26.775062593293526,27.1240177154541,46300
2014-09-11 00:00:00-04:00,26.93499490122385,27.458428898736994,26.93499490122385,27.39299964904785,49300
2014-09-12 00:00:00-04:00,27.480234542916307,27.68379372574401,27.182168611782682,27.385725021362305,69800
2014-09-15 00:00:00-04:00,27.356645038193736,27.356645038193736,27.029498857241805,27.051307678222656,36600
2014-09-16 00:00:00-04:00,27.051311005185557,27.160360669997186,26.811405625147426,26.876834869384766,49000
2014-09-17 00:00:00-04:00,26.85501034609664,27.09491838390574,26.6005649483417,26.862281799316406,60100
2014-09-18 00:00:00-04:00,26.971343221196854,27.50204866330667,26.789595617891624,27.2694091796875,57100
2014-09-19 00:00:00-04:00,27.313023445076077,27.59654919859107,26.825941309190878,26.833209991455078,215600
2014-09-22 00:00:00-04:00,26.731426135152013,26.971331424496185,26.54240715736848,26.571487426757812,47400
2014-09-23 00:00:00-04:00,26.476986698062873,26.687814561019515,26.25162146884885,26.25889015197754,65200
2014-09-24 00:00:00-04:00,26.2588963117378,26.476992908983803,26.17165822748914,26.404294967651367,55800
2014-09-25 00:00:00-04:00,26.455517779893114,26.462834813418034,26.272561233121227,26.353059768676758,137500
2014-09-26 00:00:00-04:00,26.353063620561468,26.887299271913626,26.345746585967056,26.470155715942383,58600
2014-09-29 00:00:00-04:00,26.345737319603675,26.5140569730311,26.199371553933585,26.331100463867188,71000
2014-09-30 00:00:00-04:00,26.345745267084332,26.42624660207172,26.126197948197753,26.14083480834961,125500
2014-10-01 00:00:00-04:00,26.235969988891927,26.426246377553827,25.789558320683376,26.060333251953125,107600
2014-10-02 00:00:00-04:00,26.08960468634934,26.484788705688146,25.848100704596675,26.353059768676758,66500
2014-10-03 00:00:00-04:00,26.66043274671931,26.740934087641868,26.23597214610793,26.42624855041504,43500
2014-10-06 00:00:00-04:00,26.455518402349753,26.492109154225982,26.29451574405984,26.309152603149414,49000
2014-10-07 00:00:00-04:00,26.33842823493962,26.36038212932133,25.86274005090139,25.972515106201172,93800
2014-10-08 00:00:00-04:00,25.97982485755736,26.667740341733243,25.862732800853063,26.609195709228516,57700
2014-10-09 00:00:00-04:00,26.56529845827143,26.56529845827143,25.987154917103936,26.08961296081543,107600
2014-10-10 00:00:00-04:00,26.016409586197575,26.601869734346195,26.016409586197575,26.192049026489258,69000
2014-10-13 00:00:00-04:00,26.14082918869448,26.916563068109138,26.133509364344327,26.645788192749023,74100
2014-10-14 00:00:00-04:00,26.79215430940102,27.15074753962561,26.594560924877342,27.011701583862305,92200
2014-10-15 00:00:00-04:00,26.587247806231435,26.806795113013873,25.884692516153972,26.63847541809082,177900
2014-10-16 00:00:00-04:00,26.42624728192643,27.326393266705935,26.36038280539643,27.172710418701172,150900
2014-10-17 00:00:00-04:00,28.8485823117189,28.86321916810825,27.019017138473565,27.494705200195312,148900
2014-10-20 00:00:00-04:00,27.516666632387278,27.611804829151918,27.070254952759246,27.59716796875,117700
2014-10-21 00:00:00-04:00,27.736215463462056,28.175310088421575,27.531302219011476,28.058218002319336,87600
2014-10-22 00:00:00-04:00,28.1021337122478,28.1021337122478,27.560580970341086,27.648399353027344,78900
2014-10-23 00:00:00-04:00,27.926488474377038,28.270447691499495,27.61180297609383,27.882577896118164,64800
2014-10-24 00:00:00-04:00,26.37501766793817,28.0143068391993,26.37501766793817,27.882577896118164,35500
2014-10-27 00:00:00-04:00,27.648396015113136,28.468043460217967,27.531303921768973,27.926490783691406,50300
2014-10-28 00:00:00-04:00,27.97039268066334,28.709535766948537,27.97039268066334,28.672945022583008,111200
2014-10-29 00:00:00-04:00,28.592457525887177,29.148647159096512,28.365590334486498,29.016918182373047,48700
2014-10-30 00:00:00-04:00,28.84126481260611,29.27304229817194,28.555853096870113,29.17790412902832,60400
2014-10-31 00:00:00-04:00,29.412096503982855,29.97560306147762,29.170595288882613,29.858510971069336,101300
2014-11-03 00:00:00-05:00,29.646274467971935,30.151236270219826,28.943722072847546,29.360862731933594,147700
2014-11-04 00:00:00-05:00,29.185226029000027,29.48527462223201,28.943722072847546,29.360862731933594,66500
2014-11-05 00:00:00-05:00,29.34622783998133,29.836552817871382,29.104726659351197,29.477956771850586,48300
2014-11-06 00:00:00-05:00,29.48528076350083,29.785329419227704,29.251096583016228,29.741418838500977,51900
2014-11-07 00:00:00-05:00,29.49991242428168,29.96096087802056,29.34622681467357,29.68286895751953,62900
2014-11-10 00:00:00-05:00,29.61701173047888,30.02683267838204,29.602374869240077,29.92437744140625,55200
2014-11-11 00:00:00-05:00,29.95364568997104,29.96828254853501,29.704824677774127,29.78532600402832,57500
2014-11-12 00:00:00-05:00,29.595048191811816,30.21710208783038,29.595048191811816,30.165874481201172,53000
2014-11-13 00:00:00-05:00,30.01220154393546,30.180524084452326,29.76338043878856,29.80729103088379,52000
2014-11-14 00:00:00-05:00,29.748738976528866,29.98292315947002,29.536508688333548,29.719465255737305,58200
2014-11-17 00:00:00-05:00,29.609689266886082,29.690190600681902,29.280366897583008,29.280366897583008,37900
2014-11-18 00:00:00-05:00,29.419408068001772,29.477952700916788,29.060812071503427,29.17790412902832,33800
2014-11-19 00:00:00-05:00,29.097404859130258,29.097404859130258,28.533901212015152,28.753448486328125,56600
2014-11-20 00:00:00-05:00,28.570504994776776,29.053510335320706,28.18995490954575,28.958372116088867,68000
2014-11-21 00:00:00-05:00,29.34622938323604,29.34622938323604,28.69490451457255,28.82663345336914,72300
2014-11-24 00:00:00-05:00,28.804680023113484,29.24377463168595,28.76808927101502,29.155956268310547,84300
2014-11-25 00:00:00-05:00,29.258412034610384,29.441368590198266,29.009591007343047,29.382823944091797,29600
2014-11-26 00:00:00-05:00,29.4413589308802,29.631635249613943,29.41940504475499,29.587724685668945,43300
2014-11-28 00:00:00-05:00,29.609683969180875,29.939006279562264,28.97299603024024,29.002269744873047,36300
2014-12-01 00:00:00-05:00,28.34362035914232,28.987628014321803,28.34362035914232,28.511940002441406,57000
2014-12-02 00:00:00-05:00,28.775400115055707,29.32426965355503,28.65830805851031,29.097402572631836,45100
2014-12-03 00:00:00-05:00,29.060814507578943,29.5365026014776,28.994950045219053,29.45600128173828,57400
2014-12-04 00:00:00-05:00,29.170585326199763,29.638953527870267,29.170585326199763,29.463314056396484,48200
2014-12-05 00:00:00-05:00,29.434049921936154,30.187829995760517,29.434049921936154,29.96828269958496,47000
2014-12-08 00:00:00-05:00,29.77800985508118,30.443971647632655,29.68287445021359,29.93901252746582,80100
2014-12-09 00:00:00-05:00,29.543832054605552,30.729392875495687,29.41942290212118,30.71475601196289,92900
2014-12-10 00:00:00-05:00,30.34883041426035,30.473239515977003,29.73409635521924,29.770687103271484,122300
2014-12-11 00:00:00-05:00,29.96096491112976,30.143921468995785,29.704826846795534,29.81460189819336,51700
2014-12-12 00:00:00-05:00,29.39745432202622,30.02682524092434,29.2657281868964,29.61700439453125,55300
2014-12-15 00:00:00-05:00,29.668226121079403,29.990228549677443,29.19985793704786,29.331586837768555,140100
2014-12-16 00:00:00-05:00,29.22182883214738,29.90242761812257,29.031552401823024,29.551151275634766,126700
2014-12-17 00:00:00-05:00,29.573088746204512,30.429326623614774,29.10472054974182,30.33418846130371,114700
2014-12-18 00:00:00-05:00,30.69278911766586,30.883065488642714,30.326876026074586,30.64156150817871,90600
2014-12-19 00:00:00-05:00,30.55373965010364,30.941606589445186,30.08537139315649,30.619604110717773,416300
2014-12-22 00:00:00-05:00,30.575701376043007,30.773294808526966,30.334200153026437,30.70011329650879,56100
2014-12-23 00:00:00-05:00,30.736694590442642,31.109924653552273,30.736694590442642,31.0367431640625,53800
2014-12-24 00:00:00-05:00,31.022030668938502,31.169226665082274,30.639314902280642,30.963150024414062,27400
2014-12-26 00:00:00-05:00,31.147150793887718,31.32378993670193,30.96315297359888,31.1618709564209,34000
2014-12-29 00:00:00-05:00,31.206027127038716,31.846338666940905,31.206027127038716,31.816898345947266,84500
2014-12-30 00:00:00-05:00,31.73593858421131,32.221692645943705,31.691780910697876,31.905216217041016,65600
2014-12-31 00:00:00-05:00,32.000904388778764,32.067143724295384,31.390033012422634,31.50779151916504,62900
2015-01-02 00:00:00-05:00,31.47834172510604,31.47834172510604,30.587793110178875,30.948427200317383,77100
2015-01-05 00:00:00-05:00,30.81594513751968,30.81594513751968,30.28603347932432,30.433229446411133,49900
2015-01-06 00:00:00-05:00,30.499477405821473,30.499477405821473,29.527969148047678,29.68252944946289,94200
2015-01-07 00:00:00-05:00,29.82971812722942,30.050517701391147,29.55004353310213,29.866519927978516,50600
2015-01-08 00:00:00-05:00,30.17564242820086,30.595157232474012,29.991644608516708,30.35228157043457,63400
2015-01-09 00:00:00-05:00,30.433241353877246,30.433241353877246,29.42493398538491,29.454374313354492,48600
2015-01-12 00:00:00-05:00,29.41020588479265,29.763481302340445,29.10109094728212,29.270368576049805,58900
2015-01-13 00:00:00-05:00,29.527963284144207,30.227155417613872,29.02748909224487,29.417566299438477,93800
2015-01-14 00:00:00-05:00,29.034867352690874,29.307183441414594,28.431354503311294,28.89502716064453,69900
2015-01-15 00:00:00-05:00,28.843500794499786,28.9759794657751,28.446067588258106,28.79934310913086,83000
2015-01-16 00:00:00-05:00,28.681577415922472,29.46908776031041,28.681577415922472,29.38812828063965,68100
2015-01-20 00:00:00-05:00,29.402852715572507,29.402852715572507,28.858217923439536,29.012775421142578,42600
2015-01-21 00:00:00-05:00,28.909735118037922,29.108453090499033,28.431342494780093,28.60797882080078,65700
2015-01-22 00:00:00-05:00,28.90236968542625,29.601561764159335,28.62269229241639,29.513240814208984,151500
2015-01-23 00:00:00-05:00,29.66045379638672,29.844451652204977,29.005421878887223,29.66045379638672,96400
2015-01-26 00:00:00-05:00,29.550038827109063,29.550038827109063,28.78460753779134,29.159961700439453,118900
2015-01-27 00:00:00-05:00,28.43134874608222,29.027499986959672,28.43134874608222,28.703664779663086,115600
2015-01-28 00:00:00-05:00,28.70365768502833,28.74045668464624,28.004465461953206,28.048625946044922,132300
2015-01-29 00:00:00-05:00,28.048624977568135,28.30622077358282,27.886706015739698,28.254701614379883,149000
2015-01-30 00:00:00-05:00,28.026550009783797,28.247346837937247,27.805750374046355,27.842552185058594,132400
2015-02-02 00:00:00-05:00,27.871983412077427,28.961249951674873,27.864624736086352,28.850852966308594,75000
2015-02-03 00:00:00-05:00,28.90238679527136,29.42494009103177,28.90238679527136,29.292461395263672,67100
2015-02-04 00:00:00-05:00,29.071650350665035,29.424925764851714,28.77725276838443,28.946533203125,86400
2015-02-05 00:00:00-05:00,29.093734392952985,29.5574096853646,28.998057548036495,29.527969360351562,57200
2015-02-06 00:00:00-05:00,29.55004958775434,30.26395918571515,29.527967941263825,29.837085723876953,73100
2015-02-09 00:00:00-05:00,29.660435789025442,29.660435789025442,29.09372240025652,29.159961700439453,67000
2015-02-10 00:00:00-05:00,29.31454133108047,29.31454133108047,28.674226736544156,29.21150016784668,63400
2015-02-11 00:00:00-05:00,29.079009615572264,29.19676808935208,28.82877250784222,29.108449935913086,48400
2015-02-12 00:00:00-05:00,29.329239995987695,29.623637516702342,29.29244100779407,29.601558685302734,61500
2015-02-13 00:00:00-05:00,29.54269010557718,29.726687929162075,29.329251956398547,29.62364959716797,104400
2015-02-17 00:00:00-05:00,29.711964158408694,30.0726010841795,29.62364599993603,30.021081924438477,77700
2015-02-18 00:00:00-05:00,29.881233283836426,30.447946687083547,29.881233283836426,30.366987228393555,200900
2015-02-19 00:00:00-05:00,30.3670018733948,30.904278029705683,30.359643195229967,30.749717712402344,127000
2015-02-20 00:00:00-05:00,30.70555404456653,30.992590165990595,30.359637278961294,30.771793365478516,390800
2015-02-23 00:00:00-05:00,30.80122920788976,30.941069326436757,30.433233624485663,30.82331085205078,221000
2015-02-24 00:00:00-05:00,30.764436094828472,30.82331674707425,30.550997941813566,30.74235725402832,154500
2015-02-25 00:00:00-05:00,30.63193635690147,30.661376662766365,30.27866110926899,30.396419525146484,72100
2015-02-26 00:00:00-05:00,30.396426373861914,30.698182558011514,30.263947775202798,30.595144271850586,86500
2015-02-27 00:00:00-05:00,30.506845409604928,30.80860178433933,30.2418880449436,30.77916145324707,210700
2015-03-02 00:00:00-05:00,30.779154873920735,30.999951694746333,30.514197565896456,30.705556869506836,72900
2015-03-03 00:00:00-05:00,30.528913307304784,30.698190939010225,30.308116518453488,30.337556838989258,56300
2015-03-04 00:00:00-05:00,30.20507768068508,30.212436356899744,29.910680095596486,30.028438568115234,54300
2015-03-05 00:00:00-05:00,30.00636199709315,30.19035979976781,29.653086552867848,30.072601318359375,51600
2015-03-06 00:00:00-05:00,29.792919309553195,30.6245900364004,29.792919309553195,30.19771385192871,63200
2015-03-09 00:00:00-04:00,30.16091931622533,30.867470200897444,30.16091931622533,30.771793365478516,77500
2015-03-10 00:00:00-04:00,30.514194830195507,30.646673472330487,30.241878869177448,30.286039352416992,61100
2015-03-11 00:00:00-04:00,30.418518244896216,30.676114046954435,30.182998473263975,30.609874725341797,115200
2015-03-12 00:00:00-04:00,30.90427472525154,31.816902329653622,30.764434586814524,31.735942840576172,143500
2015-03-13 00:00:00-04:00,31.647615676909044,31.78009429272136,30.926344772810392,31.699134826660156,96900
2015-03-16 00:00:00-04:00,31.831627957708342,32.214343821508834,31.64763010824182,31.956745147705078,110000
2015-03-17 00:00:00-04:00,31.772749720004605,32.33946347646738,31.63291235448181,32.258506774902344,117500
2015-03-18 00:00:00-04:00,32.05977499034639,32.48664839055403,32.05977499034639,32.2216911315918,198500
2015-03-19 00:00:00-04:00,32.05242725863478,32.295305786083645,31.81691021797292,32.258506774902344,95400
2015-03-20 00:00:00-04:00,32.494015778829315,33.0828082348581,32.22905847172039,32.965049743652344,265500
2015-03-23 00:00:00-04:00,32.96505192465486,33.11960942816612,32.61177642766451,32.942970275878906,79300
2015-03-24 00:00:00-04:00,32.89145130779247,33.472885128438186,32.582336298892685,32.58969497680664,141500
2015-03-25 00:00:00-04:00,32.62650123309394,32.788417437511946,31.86106947691699,31.875789642333984,79200
2015-03-26 00:00:00-04:00,31.875784893768124,32.223790888575294,31.51297265728201,32.11272430419922,83000
2015-03-27 00:00:00-04:00,32.112713987398294,32.20156835616928,31.779517165856255,31.986841201782227,96900
2015-03-30 00:00:00-04:00,31.986852092199925,33.03086727212296,31.912806759680894,32.786521911621094,131000
2015-03-31 00:00:00-04:00,32.37188072184319,32.860568639050804,32.35707165471075,32.48294448852539,101600
2015-04-01 00:00:00-04:00,32.34966782723661,32.75691013869447,32.08311307502001,32.59401321411133,69700
2015-04-02 00:00:00-04:00,32.65323732078156,32.97162513254425,32.64583420111876,32.80873107910156,59000
2015-04-06 00:00:00-04:00,32.39409088641917,32.719881869356556,31.897999878909484,32.505157470703125,93000
2015-04-07 00:00:00-04:00,32.371880311093044,32.58660472043706,32.12013182211732,32.49775314331055,90000
2015-04-08 00:00:00-04:00,32.40889264093367,32.94941072512006,32.297826081707186,32.853153228759766,94900
2015-04-09 00:00:00-04:00,32.867962818088415,32.96422031599051,32.23859317116386,32.47553253173828,100000
2015-04-10 00:00:00-04:00,32.69026656148266,32.69026656148266,32.223790861846865,32.505157470703125,45100
2015-04-13 00:00:00-04:00,32.4533172907988,32.94940814757879,32.4533172907988,32.70506286621094,37500
2015-04-14 00:00:00-04:00,32.756903708553565,32.756903708553565,32.17936146410278,32.54957962036133,56300
2015-04-15 00:00:00-04:00,32.719872864727776,33.06787876347379,32.5199547627592,32.91238784790039,90700
2015-04-16 00:00:00-04:00,32.60881334048294,32.971625523605816,32.60140739619218,32.84575271606445,74600
2015-04-17 00:00:00-04:00,31.712875916336248,32.52735440399926,31.04648237221979,31.157548904418945,212600
2015-04-20 00:00:00-04:00,31.201980717158087,31.37968664625324,30.713292942821322,30.787338256835938,102000
2015-04-21 00:00:00-04:00,30.691079905318293,31.18717078495714,30.668864899463234,30.97244644165039,95400
2015-04-22 00:00:00-04:00,30.891001774225508,31.19458052885782,30.63184738763585,31.07611083984375,57500
2015-04-23 00:00:00-04:00,30.876189325036812,31.23900147213053,30.876189325036812,31.061298370361328,57800
2015-04-24 00:00:00-04:00,30.979861545788545,31.41671916941445,30.720709915053238,30.935434341430664,51900
2015-04-27 00:00:00-04:00,30.868784819941656,31.268621054364218,30.343075784611997,30.68367576599121,61500
2015-04-28 00:00:00-04:00,30.779938930023903,31.305648062111345,30.779938930023903,31.17977523803711,76300
2015-04-29 00:00:00-04:00,31.535176689774737,31.535176689774737,30.8095495798992,30.97244644165039,59800
2015-04-30 00:00:00-04:00,30.779936082675402,31.12053609523495,30.483760439425197,30.891002655029297,171800
2015-05-01 00:00:00-04:00,30.920612582268266,30.94282758759976,30.372691409447594,30.380094528198242,73800
2015-05-04 00:00:00-04:00,30.209804400663163,30.876198287072928,30.209804400663163,30.757728576660156,64500
2015-05-05 00:00:00-04:00,30.728110412977415,30.97985890042681,30.565213502115835,30.809558868408203,111400
2015-05-06 00:00:00-04:00,30.905808618519554,31.239002653067608,30.779932994179635,31.17236328125,270200
2015-05-07 00:00:00-04:00,31.113129462140467,31.27602632998904,30.942829475089663,31.13534164428711,33900
2015-05-08 00:00:00-04:00,31.283439545713517,31.283439545713517,30.928030393961556,30.965051651000977,42300
2015-05-11 00:00:00-04:00,31.0316911332768,31.57220939633067,30.994669876130263,31.28343963623047,60400
2015-05-12 00:00:00-04:00,31.179775157635024,31.401905497778277,30.691087279503662,31.33526611328125,35200
2015-05-13 00:00:00-04:00,31.335260305265827,31.616626857050708,31.216790624178508,31.594411849975586,47400
2015-05-14 00:00:00-04:00,31.65365016043467,32.03127141077901,31.631437976455643,31.964632034301758,85500
2015-05-15 00:00:00-04:00,31.801735945010797,32.03126936356438,31.438920957480942,31.490751266479492,88200
2015-05-18 00:00:00-04:00,31.35007367864934,32.35706751860859,31.224198036384244,32.34225845336914,68800
2015-05-19 00:00:00-04:00,32.194169241572936,33.23818428748116,32.194169241572936,33.19375991821289,136800
2015-05-20 00:00:00-04:00,33.20857027240775,33.45291563181565,32.97903680397797,33.38627624511719,130600
2015-05-21 00:00:00-04:00,33.44551649844842,33.49734965380727,33.23819517517776,33.41590118408203,126500
2015-05-22 00:00:00-04:00,33.48993344723944,33.54916970690768,33.3196334375037,33.42329406738281,83100
2015-05-26 00:00:00-04:00,33.26780830669123,33.26780830669123,32.623629417388294,33.119720458984375,85200
2015-05-27 00:00:00-04:00,33.17152927193154,33.62319564351116,33.04565651895436,33.519535064697266,74800
2015-05-28 00:00:00-04:00,33.54917139615144,33.808322983897845,33.21597448009145,33.65283203125,116000
2015-05-29 00:00:00-04:00,33.54916890630147,33.71206296742126,32.94941450190422,33.40108108520508,71200
2015-06-01 00:00:00-04:00,33.70465725322784,33.70465725322784,32.89758165613885,33.3048210144043,55900
2015-06-02 00:00:00-04:00,33.11230082937838,33.689840040505885,33.06787364985343,33.52694320678711,51800
2015-06-03 00:00:00-04:00,33.50474285563609,34.1267094658273,33.48253067030294,33.9564094543457,108100
2015-06-04 00:00:00-04:00,33.69725123698748,33.89716935597056,33.33443906977155,33.512142181396484,41600
2015-06-05 00:00:00-04:00,33.50474280896394,34.126709418288755,33.40108217816653,34.0600700378418,70100
2015-06-08 00:00:00-04:00,33.91938607759284,34.40807389606944,33.91938607759284,34.23777389526367,52200
2015-06-09 00:00:00-04:00,34.1267105424537,34.800507489372706,33.91198332899127,34.61539840698242,45300
2015-06-10 00:00:00-04:00,34.23037352720086,35.304006843696946,33.963815978328384,35.022640228271484,97900
2015-06-11 00:00:00-04:00,35.04485364810637,35.25957804201707,34.556162947683426,34.978214263916016,62000
2015-06-12 00:00:00-04:00,34.79310979348218,35.08187955510675,34.57838254654154,34.94860076904297,40900
2015-06-15 00:00:00-04:00,34.7856949206952,35.24476460792053,34.46730710508437,34.80790710449219,91300
2015-06-16 00:00:00-04:00,34.65242154520046,35.53354263305664,34.65242154520046,35.53354263305664,58500
2015-06-17 00:00:00-04:00,35.629787477608275,35.76306621330392,34.7264572767753,34.82271194458008,72600
2015-06-18 00:00:00-04:00,34.955992394987064,35.31880737652028,34.77828928836912,35.10408020019531,106400
2015-06-19 00:00:00-04:00,35.17072914069119,35.84452615440492,35.01523817395897,35.57796859741211,238100
2015-06-22 00:00:00-04:00,35.73344972146487,36.28137375153046,35.496510363744605,36.066646575927734,94500
2015-06-23 00:00:00-04:00,35.9407884588857,36.48870988822503,35.9407884588857,36.236961364746094,56400
2015-06-24 00:00:00-04:00,35.511312777136716,35.911148927622385,35.178115985065325,35.51871871948242,155200
2015-06-25 00:00:00-04:00,35.82395871752942,35.94307401378319,35.407056600607575,35.734622955322266,120300
2015-06-26 00:00:00-04:00,35.80161684138622,36.08451666664744,35.56338630640793,35.74950408935547,184000
2015-06-29 00:00:00-04:00,35.54106203881388,35.719733565113025,34.632806120339616,34.81892395019531,71000
2015-06-30 00:00:00-04:00,35.28048444578771,35.421935770223875,34.74446435304397,34.90824890136719,80200
2015-07-01 00:00:00-04:00,35.302829980574394,35.526173657057186,35.139048215068584,35.50383758544922,91100
2015-07-02 00:00:00-04:00,35.46662301060108,35.77930252798984,34.60303615485777,34.796600341796875,42600
2015-07-06 00:00:00-04:00,34.595580704307345,34.885924044199534,34.35735012593773,34.692359924316406,87700
2015-07-07 00:00:00-04:00,34.63281047585091,34.63281047585091,34.01489783985202,34.40202331542969,87500
2015-07-08 00:00:00-04:00,34.22334895621914,34.684920399224005,34.014895046529176,34.39457702636719,182400
2015-07-09 00:00:00-04:00,34.796600341796875,35.124166790550035,34.48392082440812,34.796600341796875,144500
2015-07-10 00:00:00-04:00,35.35494052520072,35.49638903877725,34.98270490427389,35.31771469116211,94700
2015-07-13 00:00:00-04:00,35.55595919120584,35.712300371593905,35.436843859440444,35.689964294433594,111400
2015-07-14 00:00:00-04:00,35.64529579193459,35.82396735945038,35.37728560072757,35.72718811035156,47900
2015-07-15 00:00:00-04:00,35.83884718298394,36.19619305876741,35.73462165753866,36.10685729980469,47600
2015-07-16 00:00:00-04:00,36.38975415411382,36.70243070442321,36.07707476387208,36.15152359008789,52800
2015-07-17 00:00:00-04:00,36.35254689407488,36.81411845664818,36.099426455257216,36.79178237915039,141400
2015-07-20 00:00:00-04:00,36.79176781692328,37.51390583830159,36.79176781692328,37.14911651611328,163300
2015-07-21 00:00:00-04:00,37.253351900169136,37.67770039788642,36.57588299680178,36.80666732788086,78400
2015-07-22 00:00:00-04:00,36.72476822767075,37.394790650572276,36.72476822767075,36.8438835144043,110400
2015-07-23 00:00:00-04:00,36.992784707704324,37.30546418822553,36.09942125463382,36.16642379760742,68700
2015-07-24 00:00:00-04:00,36.15152470144356,36.77688066121914,35.82395553588867,35.82395553588867,65700
2015-07-27 00:00:00-04:00,35.70483115630091,35.75694390301488,35.444267422731066,35.6973876953125,74900
2015-07-28 00:00:00-04:00,35.89841642796408,36.0324215243718,35.46662159733178,35.66762924194336,103000
2015-07-29 00:00:00-04:00,35.69738952376188,36.02495578273243,35.593164024995424,35.719722747802734,99900
2015-07-30 00:00:00-04:00,35.526180466946286,35.96541876032818,35.526180466946286,35.72718811035156,179600
2015-07-31 00:00:00-04:00,35.779298903530936,36.09197554931192,35.51873219211358,36.00263977050781,65400
2015-08-03 00:00:00-04:00,35.98030278066985,36.35253846676029,35.71229263229547,36.24831008911133,50100
2015-08-04 00:00:00-04:00,36.173862084024286,36.74710534964084,36.173862084024286,36.2780876159668,86500
2015-08-05 00:00:00-04:00,36.44931510668806,36.93322260014433,36.25575381326518,36.441871643066406,106600
2015-08-06 00:00:00-04:00,36.412103970891074,36.59077839527842,35.86119376563593,36.084537506103516,53500
2015-08-07 00:00:00-04:00,35.8909580615765,36.307862981404355,35.414496918877475,35.82395553588867,56500
2015-08-10 00:00:00-04:00,35.935628954697734,36.464202880859375,35.935628954697734,36.464202880859375,95400
2015-08-11 00:00:00-04:00,36.01007981512604,36.3227592711413,35.57828789197431,35.89096450805664,49600
2015-08-12 00:00:00-04:00,35.749501823385984,35.749501823385984,34.818912967633324,35.265594482421875,46900
2015-08-13 00:00:00-04:00,35.220934119796105,35.712285006923764,35.07203930916572,35.43682861328125,104200
2015-08-14 00:00:00-04:00,35.24328287637927,35.97286464601239,35.24328287637927,35.84630584716797,79200
2015-08-17 00:00:00-04:00,35.8463018626692,36.76200141583019,35.6304044581207,36.40465545654297,136900
2015-08-18 00:00:00-04:00,36.33019684437588,36.560983956871084,35.87606892233215,35.920738220214844,67900
2015-08-19 00:00:00-04:00,35.853728762825305,36.11429251694281,35.27304220225947,35.7122802734375,103000
2015-08-20 00:00:00-04:00,35.33260390280248,35.48149871682514,34.900812066062386,34.92314529418945,94200
2015-08-21 00:00:00-04:00,34.34991276124532,34.95293566712073,34.23079744106498,34.5732536315918,126700
2015-08-24 00:00:00-04:00,33.31509532008489,33.56077224650701,32.682295762827444,32.68973922729492,183100
2015-08-25 00:00:00-04:00,33.9776728425256,33.9776728425256,31.94526634500515,32.04949188232422,161300
2015-08-26 00:00:00-04:00,32.77907361293876,33.01730422487539,32.31005869315077,32.80885314941406,160600
2015-08-27 00:00:00-04:00,33.084303170909145,33.426762123337824,32.67484452858273,33.009857177734375,94500
2015-08-28 00:00:00-04:00,32.83117767920446,33.337418305363215,31.69958399242481,33.12896728515625,328300
2015-08-31 00:00:00-04:00,33.061966585587086,33.73943527848063,32.860959016495734,33.71710205078125,114900
2015-09-01 00:00:00-04:00,33.121537056743875,33.35232139563124,32.25795026235467,32.39195251464844,90500
2015-09-02 00:00:00-04:00,32.76417258757151,32.98751619446689,32.488719069647644,32.75672912597656,102700
2015-09-03 00:00:00-04:00,32.71206445431215,33.061966837238046,32.6599516959954,32.8014030456543,98800
2015-09-04 00:00:00-04:00,32.369605955327394,32.85351334917691,32.34727272912675,32.67483901977539,52800
2015-09-08 00:00:00-04:00,33.08430726184802,33.59799433404314,32.9354152570877,33.4639892578125,53400
2015-09-09 00:00:00-04:00,33.791545274357496,33.89577078167853,33.28530466171354,33.396976470947266,64400
2015-09-10 00:00:00-04:00,33.255528854065396,33.97022340123299,33.18852916894871,33.694766998291016,29900
2015-09-11 00:00:00-04:00,33.41186804779877,33.516093560775175,33.18852725714472,33.4267578125,57200
2015-09-14 00:00:00-04:00,33.501201978268305,33.776655510464195,33.24808167194632,33.396976470947266,73700
2015-09-15 00:00:00-04:00,33.54587491790473,34.20845386358259,33.50120562136725,34.0074462890625,54700
2015-09-16 00:00:00-04:00,34.08190051729391,34.08190051729391,33.530993259790684,33.84366989135742,83600
2015-09-17 00:00:00-04:00,33.91066979064792,34.44669007721385,33.4193188079401,33.78411102294922,235300
2015-09-18 00:00:00-04:00,33.173644845742174,33.47887798994513,32.868411701539216,33.21831130981445,266400
2015-09-21 00:00:00-04:00,33.54587646058529,33.97766832057496,33.22575358717609,33.828773498535156,60600
2015-09-22 00:00:00-04:00,33.48633014187414,33.843676146828656,33.31510202532929,33.45655059814453,79200
2015-09-23 00:00:00-04:00,33.54587943312196,33.895779029998096,33.411874365405055,33.79155349731445,66500
2015-09-24 00:00:00-04:00,33.63429842955651,34.25577061167408,33.521986141326686,33.99370574951172,156000
2015-09-25 00:00:00-04:00,34.13597398886438,35.02699750349835,34.06109911937329,34.562767028808594,137500
2015-09-28 00:00:00-04:00,34.39056588885518,34.720019441267546,34.323177337646484,34.323177337646484,116300
2015-09-29 00:00:00-04:00,34.29321765806302,34.68257331695902,34.270755765376535,34.517845153808594,144600
2015-09-30 00:00:00-04:00,34.81735038566508,34.92217635992678,34.35311984695175,34.517845153808594,200800
2015-10-01 00:00:00-04:00,34.58524234924812,34.69007120605539,33.84397114202387,34.28573989868164,199900
2015-10-02 00:00:00-04:00,33.84397140063054,33.941311054548216,32.46625211987337,33.267425537109375,94300
2015-10-05 00:00:00-04:00,33.48456656592367,34.10603622311675,33.312352013778735,33.95628356933594,109500
2015-10-06 00:00:00-04:00,33.94130325058885,34.16593075265619,33.71667289222787,33.91883850097656,76500
2015-10-07 00:00:00-04:00,34.15095707651185,34.637649548279924,33.97125335123389,34.52533721923828,121000
2015-10-08 00:00:00-04:00,34.48041435802712,34.907207539071756,34.33815091644362,34.660118103027344,111700
2015-10-09 00:00:00-04:00,34.854792676059894,34.91469487328477,34.203371990856205,34.26327133178711,57100
2015-10-12 00:00:00-04:00,34.2932223760093,34.7799177306606,34.11352149720762,34.690067291259766,72500
2015-10-13 00:00:00-04:00,34.45795445042358,34.824845452219016,34.188400245507744,34.28573989868164,73900
2015-10-14 00:00:00-04:00,34.26327643930173,34.26327643930173,32.975410426222595,33.08772277832031,86100
2015-10-15 00:00:00-04:00,33.13264546444928,33.971256256103516,33.08771881521468,33.971256256103516,88100
2015-10-16 00:00:00-04:00,34.25578962504323,34.974598951336766,34.14347441818108,34.74248504638672,147400
2015-10-19 00:00:00-04:00,34.49538706394185,34.720014584450674,34.20337100165098,34.61518859863281,58600
2015-10-20 00:00:00-04:00,34.57775582915055,35.0045490327035,34.57775582915055,34.9745979309082,55500
2015-10-21 00:00:00-04:00,34.92218221189488,35.161785295013324,34.1434707636129,34.16593551635742,63100
2015-10-22 00:00:00-04:00,34.3306598330392,34.89223007800469,34.3306598330392,34.59272766113281,79400
2015-10-23 00:00:00-04:00,34.899730504832576,35.33401014866755,34.74249147118344,35.28159713745117,84400
2015-10-26 00:00:00-04:00,35.281578061871244,35.6484717983135,35.09438802122166,35.244140625,71300
2015-10-27 00:00:00-04:00,35.04197597145865,35.46128270194483,34.71252251940814,34.952125549316406,88800
2015-10-28 00:00:00-04:00,35.02701704272572,36.404736546468776,34.99706879199906,36.3448371887207,159600
2015-10-29 00:00:00-04:00,36.195074096030325,36.77161988698522,35.85064503326578,36.090248107910156,144800
2015-10-30 00:00:00-04:00,35.85812371179268,36.24747933890319,34.70503237646078,34.99705123901367,132000
2015-11-02 00:00:00-05:00,35.0794162656278,35.813203817799774,34.84730241816961,35.51369857788086,90100
2015-11-03 00:00:00-05:00,35.386414429902324,35.9554739202834,35.16178688634945,35.865623474121094,95600
2015-11-04 00:00:00-05:00,35.88808538208777,36.18010147442137,35.07942279750782,35.805721282958984,67800
2015-11-05 00:00:00-05:00,35.880591336101126,36.704229359932384,35.7008904679773,36.6368408203125,47600
2015-11-06 00:00:00-05:00,36.74914943975216,38.08194158935571,36.57693209215115,37.95465087890625,108700
2015-11-09 00:00:00-05:00,37.95465469416587,38.284111020474874,37.572788237018294,37.782440185546875,173900
2015-11-10 00:00:00-05:00,37.64017864666056,38.41140080113717,37.31821150606875,38.29159927368164,146100
2015-11-11 00:00:00-05:00,38.48628427883772,38.72588736947082,38.04451554492781,38.35899353027344,125000
2015-11-12 00:00:00-05:00,37.98459998321419,38.33651814842464,37.25830176353923,37.445491790771484,76300
2015-11-13 00:00:00-05:00,37.145996106990246,37.40057470382604,36.52452373436708,36.66679000854492,41700
2015-11-16 00:00:00-05:00,36.666799401965065,37.22088052412866,36.4197070874881,37.17595672607422,64700
2015-11-17 00:00:00-05:00,37.28077316210469,37.842343344017635,37.02619456538574,37.22087097167969,81800
2015-11-18 00:00:00-05:00,37.25831505182432,37.475456246368125,37.01871196001535,37.438018798828125,158500
2015-11-19 00:00:00-05:00,37.37811753751975,37.752497734921,37.26580519207591,37.49043273925781,40100
2015-11-20 00:00:00-05:00,37.71507066278505,38.07447540841605,37.40807893070681,37.84236145019531,65800
2015-11-23 00:00:00-05:00,37.74501693593591,39.938885443690616,37.74501693593591,38.05949783325195,34900
2015-11-24 00:00:00-05:00,37.77495854067162,38.44884111178072,37.632692252501016,38.33652877807617,49900
2015-11-25 00:00:00-05:00,38.239185329192544,38.50125027136656,38.13435935232294,38.4713020324707,70700
2015-11-27 00:00:00-05:00,38.41889277787308,39.145188340896645,38.11190116307906,39.06282424926758,65800
2015-11-30 00:00:00-05:00,39.21258078878692,39.339871540243855,38.68844794500594,38.74086380004883,77900
2015-12-01 00:00:00-05:00,38.82321644150232,39.27247428932691,38.60607814749535,39.03287124633789,102800
2015-12-02 00:00:00-05:00,39.07778918533735,39.369808028066885,38.209227570373145,38.254154205322266,69100
2015-12-03 00:00:00-05:00,38.40391643385577,38.808247680959326,37.56530284216827,37.67013168334961,113800
2015-12-04 00:00:00-05:00,37.550331988372335,38.3664808687653,37.37062825098472,38.08195114135742,175000
2015-12-07 00:00:00-05:00,37.99209401097051,37.99209401097051,36.60688591967622,36.94382858276367,115900
2015-12-08 00:00:00-05:00,36.64433197123245,37.45299455270437,36.367291430377435,36.4571418762207,48300
2015-12-09 00:00:00-05:00,36.38974183995763,36.43466847684355,35.45379166036723,35.84314727783203,70300
2015-12-10 00:00:00-05:00,35.76078320502115,36.13516327685731,35.438818971031864,35.84314727783203,76700
2015-12-11 00:00:00-05:00,35.012026789847674,35.34896946164055,34.29321766088524,34.40553283691406,131000
2015-12-14 00:00:00-05:00,34.35311704249603,35.50620552153459,33.96376141538552,34.99705123901367,200900
2015-12-15 00:00:00-05:00,35.35645960201299,36.1950702747319,34.92217728988574,35.85812759399414,149600
2015-12-16 00:00:00-05:00,36.0902548862708,36.0902548862708,33.72417193754669,35.768287658691406,124800
2015-12-17 00:00:00-05:00,36.18009087609937,36.20255276699316,35.333991091482076,35.82068634033203,136200
2015-12-18 00:00:00-05:00,35.64098646548651,36.00039389608043,34.45045756348841,34.899715423583984,854500
2015-12-21 00:00:00-05:00,35.01203625898363,35.57360657841936,34.705044598610534,35.25912857055664,80500
2015-12-22 00:00:00-05:00,35.37892437085966,35.42385101737417,34.562775525089656,35.363948822021484,52600
2015-12-23 00:00:00-05:00,35.52205855955978,35.67264013580264,35.22842606554378,35.53711700439453,77700
2015-12-24 00:00:00-05:00,35.53711407831174,36.02650057067469,35.53711407831174,35.61993408203125,24500
2015-12-28 00:00:00-05:00,35.56722874326716,35.9737952065084,35.10795629468475,35.83827209472656,55200
2015-12-29 00:00:00-05:00,36.041564126101896,36.25237949422577,35.66511159915087,36.169559478759766,33400
2015-12-30 00:00:00-05:00,36.08673554541826,36.08673554541826,35.62746305286367,35.66510772705078,72100
2015-12-31 00:00:00-05:00,35.55970068378229,35.7705131521313,34.904674177051824,35.02513885498047,63200
2016-01-04 00:00:00-05:00,34.340001257338145,34.82938783748607,33.77532244571019,34.272239685058594,138100
2016-01-05 00:00:00-05:00,34.302354598293185,34.70139334974419,34.18941769364244,34.550811767578125,54600
2016-01-06 00:00:00-05:00,33.963554898695094,34.48305846600112,33.92591021215503,34.2797737121582,66600
2016-01-07 00:00:00-05:00,33.70003004736523,34.09154103280799,33.35369440058682,33.44404220581055,66900
2016-01-08 00:00:00-05:00,33.700037499411664,33.820502223716495,33.14288922654141,33.18806457519531,178700
2016-01-11 00:00:00-05:00,33.46662961869263,33.6623836654617,33.225700235543876,33.48921585083008,47400
2016-01-12 00:00:00-05:00,33.85061206891272,33.85061206891272,32.9094807088644,33.534393310546875,80000
2016-01-13 00:00:00-05:00,33.647321467287135,34.061421490987385,32.76642404691639,32.932064056396484,225500
2016-01-14 00:00:00-05:00,33.30097892145414,33.737665083567094,32.87935119997651,32.98476028442383,122200
2016-01-15 00:00:00-05:00,32.16410003973223,32.87182965121985,31.667182892920838,32.51796340942383,130300
2016-01-19 00:00:00-05:00,32.72124879982179,32.86430258005182,32.04363606058531,32.277034759521484,110800
2016-01-20 00:00:00-05:00,31.71990268607079,32.16411695026217,30.989583589322436,31.75754737854004,128600
2016-01-21 00:00:00-05:00,31.71989158345226,31.71989158345226,30.89922493760683,31.13262367248535,117400
2016-01-22 00:00:00-05:00,36.25236896257013,36.25236896257013,32.66101255412772,33.3838005065918,247500
2016-01-25 00:00:00-05:00,33.30851820373783,33.30851820373783,32.04363758384243,32.299625396728516,126400
2016-01-26 00:00:00-05:00,32.31468751454713,32.96971706002688,32.277042831636905,32.77396011352539,111100
2016-01-27 00:00:00-05:00,32.59326562159353,33.843088093625425,29.799988119658575,32.917015075683594,99200
2016-01-28 00:00:00-05:00,33.22570578320864,33.722623077935864,33.165471991311875,33.361228942871094,128500
2016-01-29 00:00:00-05:00,33.48168642193839,34.415287017822266,33.26334328163641,34.415287017822266,129800
2016-02-01 00:00:00-05:00,34.15931126996111,34.15931126996111,33.511812278712284,33.73768615722656,88000
2016-02-02 00:00:00-05:00,33.32357426693356,33.391335832286785,32.7513677266989,32.87936019897461,96600
2016-02-03 00:00:00-05:00,33.16546903879049,33.16546903879049,32.29962989814447,32.939598083496094,69000
2016-02-04 00:00:00-05:00,32.89442510209761,33.95602125299134,32.41256626369269,32.83419418334961,58900
2016-02-05 00:00:00-05:00,32.81161452638625,32.992310190964005,32.06623701171207,32.07376480102539,118900
2016-02-08 00:00:00-05:00,31.68223362220484,32.72877077717863,31.50906300026623,32.55560302734375,69400
2016-02-09 00:00:00-05:00,32.05869346274781,32.834184625559374,32.05869346274781,32.638427734375,63100
2016-02-10 00:00:00-05:00,32.80408271596963,33.2181800442374,32.314693136676816,32.35234069824219,62300
2016-02-11 00:00:00-05:00,31.59943794690563,32.134000047444395,31.042286733200573,31.75754737854004,86100
2016-02-12 00:00:00-05:00,32.27704016297339,32.91701120795525,31.94576295980611,32.70619583129883,71600
2016-02-16 00:00:00-05:00,33.20310582872116,33.541913617198794,32.38997000847918,33.090171813964844,79100
2016-02-17 00:00:00-05:00,33.33863748982043,33.33863748982043,32.630907717446725,32.66855239868164,66200
2016-02-18 00:00:00-05:00,32.70619428525417,32.88689276068865,32.036109251372466,32.48785400390625,101900
2016-02-19 00:00:00-05:00,32.352332765662126,32.93959781913539,32.23186806566491,32.585731506347656,64400
2016-02-22 00:00:00-05:00,32.85678621198286,33.20312195413713,32.6007982999328,32.84925842285156,93800
2016-02-23 00:00:00-05:00,32.81159991062172,33.48921265910776,32.2318627401397,32.36738586425781,74600
2016-02-24 00:00:00-05:00,32.01353261567621,32.4577468425055,31.245568891050716,32.32222366333008,80900
2016-02-25 00:00:00-05:00,32.29962383581984,32.811599436850315,32.16410071365856,32.751365661621094,63500
2016-02-26 00:00:00-05:00,32.93958686949781,33.47414861853212,32.570662232833655,33.263336181640625,65500
2016-02-29 00:00:00-05:00,33.18052010817497,33.30098478235526,32.47279050637882,32.52549362182617,93400
2016-03-01 00:00:00-05:00,32.81160899031833,34.24212710327002,32.56314890331256,33.9710807800293,80600
2016-03-02 00:00:00-05:00,33.88073296298416,34.355064028655434,33.526866610741514,33.9710807800293,62900
2016-03-03 00:00:00-05:00,34.00119179441732,34.75409684112462,33.94096088417525,34.72397994995117,79200
2016-03-04 00:00:00-05:00,34.829388323587665,34.942325236331456,34.46046643655393,34.76915740966797,134200
2016-03-07 00:00:00-05:00,34.671278554890876,35.49194521159809,34.51316917650539,35.18325424194336,99900
2016-03-08 00:00:00-05:00,34.88962027147414,35.03267119758873,34.460464621025515,34.49058151245117,68400
2016-03-09 00:00:00-05:00,34.74657970022718,34.74657970022718,34.09155004098486,34.23460388183594,48700
2016-03-10 00:00:00-05:00,34.4378745233949,34.633628551481635,33.99366047708954,34.573394775390625,54800
2016-03-11 00:00:00-05:00,34.83691669660064,35.48441549334673,34.648690435783976,35.37900924682617,115200
2016-03-14 00:00:00-04:00,35.37900510294156,35.40911911834537,34.836912616210434,35.02513885498047,52200
2016-03-15 00:00:00-04:00,34.7239772315076,35.25101129736363,34.58845410394162,34.65621566772461,67600
2016-03-16 00:00:00-04:00,34.47552726291169,34.85950762295783,33.99366842987136,34.370121002197266,86700
2016-03-17 00:00:00-04:00,34.339984826534085,35.33381882970675,33.86565404753236,35.22841262817383,125000
2016-03-18 00:00:00-04:00,35.46934486787154,36.25236653328914,35.356408001321455,35.88344192504883,253600
2016-03-21 00:00:00-04:00,35.710286431905764,35.89098203391107,35.23595545045843,35.37900924682617,125100
2016-03-22 00:00:00-04:00,35.31124767804798,35.53711861660701,34.114128544369805,35.37900924682617,124100
2016-03-23 00:00:00-04:00,35.29568026540153,35.52295386738638,34.78809976069274,34.795677185058594,66300
2016-03-24 00:00:00-04:00,34.651733356835884,34.93961186620569,34.12900096204388,34.91688537597656,66300
2016-03-28 00:00:00-04:00,34.94718861661096,35.318401436259606,34.636580733053016,35.09870529174805,74500
2016-03-29 00:00:00-04:00,35.06082456810487,35.06082456810487,34.48506466045228,34.871429443359375,217600
2016-03-30 00:00:00-04:00,34.84869699452704,35.204760692947495,34.818393086163645,35.01536560058594,170700
2016-03-31 00:00:00-04:00,34.84113071829826,35.41689066393496,34.76537092943787,34.81840133666992,89500
2016-04-01 00:00:00-04:00,34.54566355214844,35.5987026890025,34.33354197433542,34.92445373535156,80700
2016-04-04 00:00:00-04:00,34.97749176302976,35.47749768831758,33.51536399552652,34.613853454589844,83300
2016-04-05 00:00:00-04:00,34.272946141720695,34.42445994325257,33.219906725454834,33.810821533203125,74000
2016-04-06 00:00:00-04:00,33.7426375616877,34.14415431854338,32.80323643119058,33.992637634277344,51500
2016-04-07 00:00:00-04:00,33.795661703651525,34.659302886969236,32.8335342603243,33.11383819580078,70800
2016-04-08 00:00:00-04:00,33.47747654805918,33.70475297805884,32.250197119784346,33.454750061035156,97500
2016-04-11 00:00:00-04:00,33.659300223421795,34.295667928339014,33.2653580356216,33.310813903808594,94100
2016-04-12 00:00:00-04:00,33.28050401312385,33.80323339863976,33.25020010644303,33.689598083496094,156500
2016-04-13 00:00:00-04:00,33.939607315542176,34.50779271554547,33.939607315542176,34.363853454589844,308200
2016-04-14 00:00:00-04:00,34.28051614793167,35.18203586370877,34.045665162672364,34.863853454589844,113400
2016-04-15 00:00:00-04:00,34.86385272808606,35.01536939638826,34.560819391481665,34.719913482666016,49300
2016-04-18 00:00:00-04:00,34.71990887251727,35.212334366689504,34.34111869702801,35.06081771850586,60600
2016-04-19 00:00:00-04:00,35.06082460993221,35.57597958104975,35.00021967271029,35.492645263671875,99500
2016-04-20 00:00:00-04:00,35.50021904382651,36.25779946596556,35.50021904382651,36.1593132019043,110900
2016-04-21 00:00:00-04:00,36.15173868359226,36.20476908196782,35.78052300502333,35.894161224365234,102900
2016-04-22 00:00:00-04:00,33.818397441051886,37.10629735281752,33.818397441051886,36.363868713378906,174600
2016-04-25 00:00:00-04:00,36.28053667287626,36.31084059230066,35.78053356213695,35.954776763916016,81600
2016-04-26 00:00:00-04:00,35.74265134786805,36.49265449010979,35.74265134786805,36.295684814453125,107800
2016-04-27 00:00:00-04:00,36.166886009893226,36.272946793069806,35.61384982914744,35.98506546020508,132300
2016-04-28 00:00:00-04:00,35.795687072571944,36.091143074907386,35.6214438632444,35.697200775146484,64100
2016-04-29 00:00:00-04:00,35.591119368679365,35.947183006662826,35.28051158552548,35.628997802734375,60700
2016-05-02 00:00:00-04:00,35.742647606974025,36.16689372006204,35.492644659098886,36.015377044677734,70400
2016-05-03 00:00:00-04:00,35.742641297004134,36.26537070036065,34.9168785963762,35.38657760620117,87200
2016-05-04 00:00:00-04:00,35.454759991395065,35.454759991395065,34.67445315150773,35.151729583740234,77200
2016-05-05 00:00:00-04:00,35.007794226833326,35.416888390599176,34.91688537597656,34.91688537597656,96200
2016-05-06 00:00:00-04:00,34.74264528860947,35.969924998799755,34.3411285126077,35.3941650390625,117900
2016-05-09 00:00:00-04:00,35.3486968832089,35.454757663421084,35.12899790137537,35.189605712890625,64800
2016-05-10 00:00:00-04:00,35.4244576190747,35.79567328022088,35.21991345776335,35.469913482666016,54400
2016-05-11 00:00:00-04:00,35.41688614884341,35.78052441919381,35.27294690326932,35.31082534790039,65600
2016-05-12 00:00:00-04:00,35.379011465896376,35.48507227811634,34.92446141217315,35.26537322998047,37900
2016-05-13 00:00:00-04:00,35.15173410886622,35.28809882134419,34.560819391481665,34.719913482666016,50000
2016-05-16 00:00:00-04:00,34.77293479452864,35.56081606188053,34.43202310243731,35.19717788696289,45800
2016-05-17 00:00:00-04:00,35.015366202333645,35.62142993031804,34.3108162154456,34.538089752197266,85200
2016-05-18 00:00:00-04:00,34.46235073310538,35.95478289498896,34.15931726706923,35.90175247192383,47200
2016-05-19 00:00:00-04:00,36.12143303087318,36.272949686041,35.09112324365978,35.43960952758789,65800
2016-05-20 00:00:00-04:00,35.62143246818288,36.23507366207736,35.62143246818288,35.992645263671875,65600
2016-05-23 00:00:00-04:00,36.03052588679734,36.12143472819385,35.583553322516245,35.86385726928711,64700
2016-05-24 00:00:00-04:00,36.242645405116725,36.99265125103439,36.242645405116725,36.863861083984375,77300
2016-05-25 00:00:00-04:00,36.863876302198825,37.43206182035228,36.863876302198825,37.18963623046875,48000
2016-05-26 00:00:00-04:00,37.18205935489644,37.18205935489644,36.5456914990199,36.8714485168457,40200
2016-05-27 00:00:00-04:00,37.03053202994974,37.63659579272716,36.85628887877248,37.386592864990234,55700
2016-05-31 00:00:00-04:00,37.53811039077172,37.719930968753054,36.83356034724662,37.34114074707031,98900
2016-06-01 00:00:00-04:00,37.06841288504918,37.78811491452221,37.015382482977074,37.719932556152344,113900
2016-06-02 00:00:00-04:00,37.538104402079696,37.78052987408577,37.20477010055624,37.735076904296875,68900
2016-06-03 00:00:00-04:00,37.48507369844056,37.48507369844056,36.15173361351415,37.03810119628906,82100
2016-06-06 00:00:00-04:00,37.038114906583985,37.86387787250238,37.038114906583985,37.280540466308594,129600
2016-06-07 00:00:00-04:00,37.151739399693845,37.31840510409742,36.90931392970723,37.03810119628906,57500
2016-06-08 00:00:00-04:00,36.94719929253509,37.409323834419105,36.87143951275241,37.204776763916016,54300
2016-06-09 00:00:00-04:00,36.95478067337163,36.95478067337163,36.09113925339448,36.70478057861328,104800
2016-06-10 00:00:00-04:00,36.28810342116508,36.629012299595885,36.083556360142616,36.18961715698242,101200
2016-06-13 00:00:00-04:00,37.10628473650752,37.10628473650752,35.53051913079789,35.59870147705078,74300
2016-06-14 00:00:00-04:00,35.52294538560728,35.772948311056105,34.72748652362091,34.962337493896484,86700
2016-06-15 00:00:00-04:00,34.841126239319756,35.28052139846204,34.64415370354487,34.719913482666016,195900
2016-06-16 00:00:00-04:00,34.52294617344207,34.54567266564902,34.12900393219208,34.4017333984375,126700
2016-06-17 00:00:00-04:00,34.50778177122944,34.84111894974033,33.86383967809799,33.886566162109375,255200
2016-06-20 00:00:00-04:00,34.30324105235846,35.530523433534114,34.30324105235846,34.750213623046875,82200
2016-06-21 00:00:00-04:00,34.841131527091136,34.96991883623276,34.40173341132217,34.72749328613281,45700
2016-06-22 00:00:00-04:00,34.73505642242148,35.235059316676505,34.73505642242148,34.75778579711914,58800
2016-06-23 00:00:00-04:00,35.25336518423838,36.130123138427734,35.25336518423838,36.130123138427734,100800
2016-06-24 00:00:00-04:00,34.399459475111485,35.474442492823634,33.5913179874397,33.66755676269531,149300
2016-06-27 00:00:00-04:00,33.20250599689728,33.20250599689728,32.356241873650305,32.47822570800781,98700
2016-06-28 00:00:00-04:00,33.02714598374966,33.3168586069961,32.50109137771449,33.17962646484375,90400
2016-06-29 00:00:00-04:00,33.492213060079806,34.11738046953729,33.28636482891841,33.98014831542969,69600
2016-06-30 00:00:00-04:00,34.05638604234877,34.87977894121869,33.69043461229217,34.84165954589844,109500
2016-07-01 00:00:00-04:00,34.49094226792232,34.62817145296185,34.13261370099743,34.35371017456055,58600
2016-07-05 00:00:00-04:00,34.102118252581164,34.102118252581164,33.53794443377535,33.74378967285156,38700
2016-07-06 00:00:00-04:00,33.59894272979385,34.17836792667506,33.2939817937171,34.05638122558594,54100
2016-07-07 00:00:00-04:00,34.18599506413313,34.61293984821181,33.91915639178609,34.208866119384766,40100
2016-07-08 00:00:00-04:00,34.6281808498801,35.09324496932856,34.376590549325236,34.902645111083984,100900
2016-07-11 00:00:00-04:00,35.085628022840055,35.527818254336864,35.085628022840055,35.29909896850586,56600
2016-07-12 00:00:00-04:00,35.63455474707077,36.27497045845341,35.63455474707077,36.114864349365234,68400
2016-07-13 00:00:00-04:00,36.18347785555162,36.419822736336414,35.870894191712715,36.41219711303711,97600
2016-07-14 00:00:00-04:00,36.595165354749334,36.90012622936789,36.43506220431969,36.54179763793945,62100
2016-07-15 00:00:00-04:00,36.8238832570014,37.03735702502967,36.36644486953946,36.71714782714844,53400
2016-07-18 00:00:00-04:00,36.64090692268633,36.778139012564424,36.259707319318764,36.32832336425781,47000
2016-07-19 00:00:00-04:00,36.29783630371094,36.52655554459442,35.939507651055614,36.29783630371094,55100
2016-07-20 00:00:00-04:00,36.503680592929044,36.557048313155924,36.21396803432411,36.34357452392578,42000
2016-07-21 00:00:00-04:00,36.38933419200058,36.69429520901541,35.779415066294725,36.198734283447266,64300
2016-07-22 00:00:00-04:00,35.84802604073146,38.81375972981997,35.84802604073146,38.432559967041016,204900
2016-07-25 00:00:00-04:00,38.35631554421696,38.50879310027464,38.234331754377045,38.40205764770508,51800
2016-07-26 00:00:00-04:00,38.38682070477417,38.55454955621204,38.10473365234817,38.40969467163086,63000
2016-07-27 00:00:00-04:00,38.48591817624829,38.92811118762834,38.31056667776669,38.88236618041992,83100
2016-07-28 00:00:00-04:00,38.70702397608846,39.00435932353129,38.41731134418269,38.96623992919922,112000
2016-07-29 00:00:00-04:00,38.88238295124314,38.89000566823772,38.188599371779404,38.280086517333984,102100
2016-08-01 00:00:00-04:00,38.356310634323805,38.56215879863912,37.883620964419336,37.997982025146484,47200
2016-08-02 00:00:00-04:00,38.058984574507114,38.21146506791261,37.66253936330574,37.72352981567383,52400
2016-08-03 00:00:00-04:00,37.624417112528235,38.12760070565965,37.624417112528235,38.09710693359375,49200
2016-08-04 00:00:00-04:00,38.07422561003489,38.31057047488617,37.68540318935486,37.98273849487305,23600
2016-08-05 00:00:00-04:00,38.348707917534014,39.27121094287675,35.64218931088564,39.15685272216797,75900
2016-08-08 00:00:00-04:00,39.225462733553094,39.33982093652346,38.79089516395319,38.920501708984375,32300
2016-08-09 00:00:00-04:00,38.88998920325822,39.393172653259896,38.38680575325653,39.194950103759766,40500
2016-08-10 00:00:00-04:00,39.057725577681616,39.22545439637687,38.3181971406961,38.775638580322266,74200
2016-08-11 00:00:00-04:00,38.950972616730866,39.23305948737131,38.188573468161714,38.9128532409668,54200
2016-08-12 00:00:00-04:00,38.63078833476724,38.85951055326029,38.470685108481156,38.821388244628906,23800
2016-08-15 00:00:00-04:00,38.68415366098234,39.57615972037032,38.68415366098234,39.477046966552734,63600
2016-08-16 00:00:00-04:00,39.40080995236403,39.774384112453845,39.26357779729981,39.51517105102539,52000
2016-08-17 00:00:00-04:00,39.469431703132535,39.88112822750139,39.469431703132535,39.538047790527344,70200
2016-08-18 00:00:00-04:00,39.30169462461534,39.850623208984366,39.24070417542064,39.812503814697266,49300
2016-08-19 00:00:00-04:00,39.79725242536816,40.01834896694184,39.515165439273915,39.903987884521484,70900
2016-08-22 00:00:00-04:00,39.903988390077956,40.19370100310969,39.568533670157066,39.682891845703125,72900
2016-08-23 00:00:00-04:00,39.84299540790774,40.041220900686,39.84299540790774,39.942108154296875,39100
2016-08-24 00:00:00-04:00,39.85062068551311,40.13270767536304,39.41605321984697,40.102210998535156,35800
2016-08-25 00:00:00-04:00,40.13270717205438,40.35380371379893,39.972603983200656,40.323307037353516,34200
2016-08-26 00:00:00-04:00,40.35380590338123,40.696886261199715,39.94973509768574,40.61302185058594,40900
2016-08-29 00:00:00-04:00,40.590151434312354,41.13145439164536,40.50628702238011,40.757877349853516,62100
2016-08-30 00:00:00-04:00,40.902740970052925,41.261066815489876,40.78837986318179,41.1009635925293,45500
2016-08-31 00:00:00-04:00,40.70450180703414,40.86460497637507,38.93573550529486,40.39191818237305,191600
2016-09-01 00:00:00-04:00,40.39193057768811,40.40717891873175,39.736266454429725,40.384307861328125,85200
2016-09-02 00:00:00-04:00,40.353818133669535,40.66640190812461,40.07173104655743,40.651153564453125,93100
2016-09-06 00:00:00-04:00,40.635900352250474,40.635900352250474,39.7210201998409,40.300445556640625,80400
2016-09-07 00:00:00-04:00,40.2851845618366,40.445287738433265,39.8582398492559,40.42241668701172,87400
2016-09-08 00:00:00-04:00,40.4071730397581,40.64351792906249,40.17082815045371,40.460540771484375,59100
2016-09-09 00:00:00-04:00,40.330939837683715,40.6740173296157,40.0564755174792,40.11746597290039,68900
2016-09-12 00:00:00-04:00,40.071719061469004,40.559654279722935,39.59902927400261,40.55202865600586,64400
2016-09-13 00:00:00-04:00,40.22420070020183,40.28519406280802,39.728642716482724,40.025978088378906,56900
2016-09-14 00:00:00-04:00,39.93447076153367,40.51389287171299,39.56851949589587,39.62188720703125,53700
2016-09-15 00:00:00-04:00,39.77437510051507,40.21656814626999,39.72100737545126,40.155574798583984,38700
2016-09-16 00:00:00-04:00,40.30042793211053,40.32329898071336,39.77437054766496,40.064083099365234,159700
2016-09-19 00:00:00-04:00,40.21657889410893,41.07809125631336,39.61428251219947,40.43767547607422,55100
2016-09-20 00:00:00-04:00,39.789629217583105,40.29281277579745,38.76039104661118,40.08696746826172,82000
2016-09-21 00:00:00-04:00,40.16320373423531,40.498658449211085,40.00310054583708,40.37667465209961,83800
2016-09-22 00:00:00-04:00,40.47633254347642,41.23526507634084,40.47633254347642,41.1662712097168,73500
2016-09-23 00:00:00-04:00,40.94396054180864,41.15860684407485,40.62965577448889,41.074283599853516,64300
2016-09-26 00:00:00-04:00,40.729307160931675,40.729307160931675,40.2463501404324,40.2846794128418,152900
2016-09-27 00:00:00-04:00,40.16970228452648,41.06661977978196,40.1083730928833,40.867305755615234,79500
2016-09-28 00:00:00-04:00,41.012956601345294,41.472913823401406,40.86730416337276,41.44991683959961,59300
2016-09-29 00:00:00-04:00,41.54957258583193,41.58790186443415,40.92096305887865,40.97462463378906,56200
2016-09-30 00:00:00-04:00,41.104946440827554,41.6875620269329,40.76764468131268,41.465248107910156,98200
2016-10-03 00:00:00-04:00,41.15860176987206,41.40391263488665,40.71397692365916,40.92862319946289,80600
2016-10-04 00:00:00-04:00,41.06662337314008,41.250608039831604,40.690992276636436,40.92097091674805,63200
2016-10-05 00:00:00-04:00,40.96695559555589,41.580235729161494,40.96695559555589,41.30426025390625,62800
2016-10-06 00:00:00-04:00,41.23526916663821,41.5035770499372,40.951626062194585,41.31959533691406,52300
2016-10-07 00:00:00-04:00,41.357931286524234,41.357931286524234,40.87497409436335,41.12028503417969,86300
2016-10-10 00:00:00-04:00,41.3425936827423,41.787218607484974,41.04362119597216,41.44991683959961,58300
2016-10-11 00:00:00-04:00,41.41924803279963,41.61856495326778,40.78297384285068,41.0972785949707,43200
2016-10-12 00:00:00-04:00,41.18926635908292,41.380915655146595,40.821300061561026,40.92862319946289,52600
2016-10-13 00:00:00-04:00,40.667982005032385,40.667982005032385,39.7404000691016,40.02404022216797,78200
2016-10-14 00:00:00-04:00,40.44566639528178,40.72164185114973,36.413366468811816,40.41500473022461,50200
2016-10-17 00:00:00-04:00,40.361350489119694,40.51466761525101,40.01638110665076,40.054710388183594,42400
2016-10-18 00:00:00-04:00,40.39967015440602,40.43799942681541,40.054700854049386,40.2846794128418,55700
2016-10-19 00:00:00-04:00,40.51466424585465,41.08961219404181,40.51466424585465,40.82130432128906,65700
2016-10-20 00:00:00-04:00,40.70631920314959,41.1662793800442,40.36135272589974,41.05128860473633,61900
2016-10-21 00:00:00-04:00,39.786398079886624,41.28126036420934,36.41336904108329,41.0896110534668,57600
2016-10-24 00:00:00-04:00,41.434569504982896,42.92943432065867,41.357910970573116,42.79911422729492,108100
2016-10-25 00:00:00-04:00,42.77611604386636,43.23607604178753,42.201168239716715,43.08275604248047,115900
2016-10-26 00:00:00-04:00,42.92944252986214,43.00610107893099,41.511238901735105,41.54956817626953,71300
2016-10-27 00:00:00-04:00,41.93286703855821,42.392824184586324,41.93286703855821,42.162845611572266,73300
2016-10-28 00:00:00-04:00,42.27783910244316,42.27783910244316,41.549571137048716,41.97119903564453,91100
2016-10-31 00:00:00-04:00,42.04786193928708,42.392831319032446,41.85621260879928,42.2778434753418,98100
2016-11-01 00:00:00-04:00,42.5461464460506,42.5461464460506,41.16627201104596,41.2046012878418,96100
2016-11-02 00:00:00-04:00,41.24292808446351,41.24292808446351,40.55299237061917,40.6679801940918,65400
2016-11-03 00:00:00-04:00,41.01295363735145,41.24293223175902,40.629655005226674,40.82130432128906,37100
2016-11-04 00:00:00-04:00,41.08960996852397,41.49590848511889,40.62965280462128,40.8979606628418,54000
2016-11-07 00:00:00-05:00,41.66454050206197,42.08617113811677,41.127925009510605,41.8561897277832,79800
2016-11-08 00:00:00-05:00,41.58789745080395,41.856205296881114,40.8213002627707,41.54956817626953,65900
2016-11-09 00:00:00-05:00,41.89454426852448,44.002686876423326,41.77955350199532,43.926025390625,139900
2016-11-10 00:00:00-05:00,43.69604777042047,46.417467704588084,43.581057001289935,46.0724983215332,162700
2016-11-11 00:00:00-05:00,46.14915192101661,48.41061424079483,46.14915192101661,48.142303466796875,239000
2016-11-14 00:00:00-05:00,49.02389827883912,49.4838584168091,47.75901155484248,48.56393814086914,135400
2016-11-15 00:00:00-05:00,48.0656468425145,48.94723190125071,47.52902819735451,48.793914794921875,78200
2016-11-16 00:00:00-05:00,48.79391156419737,49.10055160522461,48.0656436600098,49.10055160522461,90400
2016-11-17 00:00:00-05:00,49.29220627065169,49.75216345797323,48.52560608455499,49.63717269897461,96100
2016-11-18 00:00:00-05:00,49.63717482504866,49.79049194449845,49.36886694167493,49.59884262084961,180400
2016-11-21 00:00:00-05:00,49.82881979440281,49.82881979440281,49.023893290283574,49.713829040527344,99400
2016-11-22 00:00:00-05:00,49.75215915629521,50.67207345140054,49.63716840723893,50.63374710083008,106100
2016-11-23 00:00:00-05:00,50.63375559435498,51.70698716911555,50.17379252097367,51.32368850708008,99900
2016-11-25 00:00:00-05:00,51.438666173693164,51.70697399904372,50.25044413323444,50.78705978393555,54800
2016-11-28 00:00:00-05:00,50.442098777828775,50.51875732912521,49.67550156751936,49.98213577270508,104600
2016-11-29 00:00:00-05:00,50.17377579128751,50.59540651840952,49.71381871994536,49.90546798706055,197300
2016-11-30 00:00:00-05:00,50.518747981297736,50.82538797841634,49.63716018283358,49.90546798706055,132500
2016-12-01 00:00:00-05:00,50.28877472762684,50.40376547639492,49.5221775340695,49.79048538208008,174500
2016-12-02 00:00:00-05:00,49.63717048750126,50.058801302153746,49.008560994811084,49.713829040527344,105300
2016-12-05 00:00:00-05:00,50.058783760751304,51.24700553796528,50.058783760751304,51.20867919921875,96000
2016-12-06 00:00:00-05:00,51.24702940851703,52.358599026000256,50.4421057358637,51.86030960083008,113700
2016-12-07 00:00:00-05:00,51.9369775006015,53.16353225708008,51.323697198024995,53.16353225708008,98600
2016-12-08 00:00:00-05:00,53.39349910534855,54.77337063252829,53.24017614765782,53.891788482666016,178600
2016-12-09 00:00:00-05:00,54.121762396084826,54.121762396084826,52.93354021793684,53.43182373046875,126800
2016-12-12 00:00:00-05:00,53.470158170898,53.73846603858012,52.20527153905616,52.47357940673828,90900
2016-12-13 00:00:00-05:00,52.58857247760059,52.956541747091414,51.898633752726006,52.35859680175781,206200
2016-12-14 00:00:00-05:00,51.97529432990056,53.39349803011142,51.97529432990056,52.81855010986328,127000
2016-12-15 00:00:00-05:00,53.010192909492346,54.54338717528433,52.81854362626835,54.39006423950195,154700
2016-12-16 00:00:00-05:00,54.27508378039892,55.15666587627833,53.546812935476765,53.77679443359375,373000
2016-12-19 00:00:00-05:00,53.431823180331556,54.160094038800665,53.01019822417081,54.006771087646484,150700
2016-12-20 00:00:00-05:00,54.466733660430215,54.76570610196885,53.661804257104635,54.08343505859375,108500
2016-12-21 00:00:00-05:00,54.07573195357954,54.30666269538896,53.49841097186873,53.61387634277344,69500
2016-12-22 00:00:00-05:00,53.84480705478586,54.2296877510254,53.15202649980538,53.53690719604492,71600
2016-12-23 00:00:00-05:00,53.498424060092525,53.88330480872628,53.34447410976468,53.72935485839844,33500
2016-12-27 00:00:00-05:00,53.883290577384166,54.345146179199226,53.38294456174594,54.34514617919922,49300
2016-12-28 00:00:00-05:00,54.46062490470016,54.49911532796338,53.96027876634859,54.30667495727539,71700
2016-12-29 00:00:00-05:00,54.30667495727539,54.960971043051735,53.690863421948215,54.30667495727539,74700
2016-12-30 00:00:00-05:00,54.53759246285775,54.53759246285775,53.92178688407659,54.22968673706055,69700
2017-01-03 00:00:00-05:00,54.57608874287893,54.76852910807046,53.61388691692132,54.15271759033203,114300
2017-01-04 00:00:00-05:00,54.460616265570856,55.11491224755573,53.88329524508777,54.999446868896484,94400
2017-01-05 00:00:00-05:00,54.99943909398738,55.15339486804035,53.30596668909064,53.767822265625,84400
2017-01-06 00:00:00-05:00,53.99875894871893,54.46061457621612,53.190507195989134,53.65236282348633,64500
2017-01-09 00:00:00-05:00,53.42143536488848,53.806316014674685,52.65167406531606,52.76713943481445,113000
2017-01-10 00:00:00-05:00,52.72864395743203,53.80631084791276,52.45922870301486,53.69084548950195,156900
2017-01-11 00:00:00-05:00,53.15203319077656,54.19121002687599,52.998077369212204,54.07574462890625,91800
2017-01-12 00:00:00-05:00,53.729341059279975,53.729341059279975,52.07435309063674,52.76713943481445,60100
2017-01-13 00:00:00-05:00,53.03655848619929,54.383640856233605,52.382262509602384,52.88260269165039,91400
2017-01-17 00:00:00-05:00,52.45922776620422,52.45922776620422,51.458535841596905,51.612491607666016,97300
2017-01-18 00:00:00-05:00,52.15133242520559,52.57470352464617,51.420061478331654,52.38226318359375,59700
2017-01-19 00:00:00-05:00,52.45924741427968,52.45924741427968,51.34308971527805,51.53553009033203,63600
2017-01-20 00:00:00-05:00,46.18568123219066,51.22762044916337,44.030350028636406,48.64891815185547,253800
2017-01-23 00:00:00-05:00,48.34101480529894,48.764382983398484,47.45579096680111,47.802181243896484,133900
2017-01-24 00:00:00-05:00,47.68671076941948,48.99530550213469,47.609732881373766,48.725887298583984,219400
2017-01-25 00:00:00-05:00,48.648925574620286,49.80356484519129,48.26404483896096,49.34170913696289,145900
2017-01-26 00:00:00-05:00,49.18775739108878,49.457172721624374,48.764386248237315,49.264732360839844,88500
2017-01-27 00:00:00-05:00,49.30322445763168,49.30322445763168,48.648925446884604,48.841365814208984,68900
2017-01-30 00:00:00-05:00,48.456474476170705,48.49496195393224,47.6482256975531,47.72520065307617,110900
2017-01-31 00:00:00-05:00,47.60974436768653,48.341018330313695,46.693729301991446,47.994625091552734,150100
2017-02-01 00:00:00-05:00,47.917650783545625,49.380198729011795,47.45579508308627,47.609745025634766,97800
2017-02-02 00:00:00-05:00,47.37882122455016,47.417308713476544,46.60905970039367,46.91696548461914,87400
2017-02-03 00:00:00-05:00,47.032423281887226,48.11009048327535,47.032423281887226,47.994625091552734,135900
2017-02-06 00:00:00-05:00,47.72520743156658,48.11008813665986,47.03242098783598,47.0709114074707,70900
2017-02-07 00:00:00-05:00,47.07091421735538,47.648235309458315,46.724520974812236,47.10940170288086,93000
2017-02-08 00:00:00-05:00,46.8399757462037,46.955441120242284,46.18567979040225,46.570560455322266,113100
2017-02-09 00:00:00-05:00,46.57056124260219,47.34032258545512,46.57056124260219,47.26334762573242,77500
2017-02-10 00:00:00-05:00,47.532772728837344,47.80218807986306,47.26335737781163,47.68672561645508,127700
2017-02-13 00:00:00-05:00,47.72520416137205,48.5334529994043,47.72520416137205,47.91764450073242,78700
2017-02-14 00:00:00-05:00,47.917640396118166,48.494961364746096,47.609734704954086,48.11008071899414,106100
2017-02-15 00:00:00-05:00,47.99462164815176,48.34101486206055,47.763693817681464,48.34101486206055,127000
2017-02-16 00:00:00-05:00,48.30252909927718,49.03380303547189,48.11008874429998,48.99531555175781,94800
2017-02-17 00:00:00-05:00,48.879858559633675,49.14927392831284,48.41800280292446,49.11078643798828,109600
2017-02-21 00:00:00-05:00,49.264734164393815,49.57263992748407,48.95682840130356,49.34170913696289,52000
2017-02-22 00:00:00-05:00,48.995318039300635,49.95751986303861,48.8798526458893,49.765079498291016,115800
2017-02-23 00:00:00-05:00,49.649606312644714,49.95751202247951,48.956819933719636,49.91902160644531,71500
2017-02-24 00:00:00-05:00,49.495646639440935,50.14994247338198,49.226228462331285,50.072967529296875,122900
2017-02-27 00:00:00-05:00,50.072973167364935,50.380872978373944,49.688092530791224,50.14994812011719,114700
2017-02-28 00:00:00-05:00,49.957521333770664,50.072986730581256,49.57264059294472,50.03449630737305,128200
2017-03-01 00:00:00-05:00,50.65030519053976,51.650991540618065,50.41937440900661,51.57401657104492,125100
2017-03-02 00:00:00-05:00,51.80493978750479,51.80493978750479,50.26541712960347,50.30390167236328,82900
2017-03-03 00:00:00-05:00,50.380885823509395,50.804256980808375,50.1499609063759,50.45786666870117,64100
2017-03-06 00:00:00-05:00,50.072973167364935,50.442455289700725,49.61111170522652,50.14994812011719,49800
2017-03-07 00:00:00-05:00,50.14994247338198,50.534823066619275,49.80354641578134,50.072967529296875,68600
2017-03-08 00:00:00-05:00,50.57332207988822,50.88122781718464,49.41867996963677,49.53414535522461,66100
2017-03-09 00:00:00-05:00,49.49566216626506,50.22693317369144,49.49566216626506,49.8420524597168,109500
2017-03-10 00:00:00-05:00,50.149956829817434,50.22693179593817,48.918336817038515,49.53414535522461,95300
2017-03-13 00:00:00-04:00,49.61112168220656,50.26542359421436,49.57263713449727,49.8420524597168,57900
2017-03-14 00:00:00-04:00,49.57264113878327,49.84205648576513,49.03380750841251,49.688106536865234,77900
2017-03-15 00:00:00-04:00,49.803550884650136,50.034481610438625,49.418670256877526,49.649600982666016,96200
2017-03-16 00:00:00-04:00,49.803552023513376,50.22692307286944,49.57262716525662,50.14994812011719,78700
2017-03-17 00:00:00-04:00,49.91902595785607,50.95820268042161,49.11077706959325,50.76576232910156,318400
2017-03-20 00:00:00-04:00,50.38088460199607,51.150646052738956,50.0344942982873,50.11146926879883,103900
2017-03-21 00:00:00-04:00,50.496346114502074,50.496346114502074,47.725206279298995,47.802181243896484,125300
2017-03-22 00:00:00-04:00,47.49428070300544,47.84067393294605,46.03173281499254,46.455101013183594,127200
2017-03-23 00:00:00-04:00,46.431888186800684,47.631378041214376,46.3158072855097,47.08967208862305,64100
2017-03-24 00:00:00-04:00,47.20574530716373,47.59267764574704,46.315799747598334,46.70273208618164,153600
2017-03-27 00:00:00-04:00,45.967556183514745,46.857498658964424,45.11630339371097,46.74142074584961,107900
2017-03-28 00:00:00-04:00,46.54796952973621,47.94092559814453,46.277115074840715,47.94092559814453,111200
2017-03-29 00:00:00-04:00,48.21176587637438,48.83085699019092,47.78614092012921,48.67608642578125,132100
2017-03-30 00:00:00-04:00,48.67608710177882,51.1756665860079,48.67608710177882,51.11376190185547,153100
2017-03-31 00:00:00-04:00,51.036385384135734,51.30724280964619,50.26252052066668,50.30121612548828,216300
2017-04-03 00:00:00-04:00,50.455966997935874,50.455966997935874,48.81537790782424,49.2177848815918,89100
2017-04-04 00:00:00-04:00,49.02431874140935,49.52733188670733,48.79215996360222,49.2177848815918,59100
2017-04-05 00:00:00-04:00,49.527335531565484,49.75949727851709,47.940913655731876,48.05699157714844,106000
2017-04-06 00:00:00-04:00,47.97961391469443,48.6373977633462,47.51529625118256,48.250465393066406,100900
2017-04-07 00:00:00-04:00,47.97961408542402,48.36654645708066,47.63137436052109,48.018306732177734,153600
2017-04-10 00:00:00-04:00,48.17307278417772,48.52131245495712,47.28312728685916,47.97960662841797,81600
2017-04-11 00:00:00-04:00,47.70876616741571,48.869563369035944,47.67007056571375,48.830867767333984,59300
2017-04-12 00:00:00-04:00,48.598709684508734,48.753483237579715,47.78615222096107,47.9022331237793,56300
2017-04-13 00:00:00-04:00,47.67007138611642,48.01831114300769,47.050980125009715,47.12836837768555,69400
2017-04-17 00:00:00-04:00,47.24443858378097,48.17307679923843,46.857506240011986,48.13438415527344,55100
2017-04-18 00:00:00-04:00,47.82484469575218,48.09569915064767,47.36052699030273,47.94092559814453,55400
2017-04-19 00:00:00-04:00,48.21176896787832,49.14040717418023,48.21176896787832,48.637393951416016,71700
2017-04-20 00:00:00-04:00,48.94694485388798,50.2238228569872,48.75347866869474,50.18512725830078,108500
2017-04-21 00:00:00-04:00,49.25648813914123,50.10773810763636,48.56000874523832,49.6047248840332,191900
2017-04-24 00:00:00-04:00,50.45597977271785,51.38462102318404,50.14643859334866,50.53337097167969,99800
2017-04-25 00:00:00-04:00,50.95898922248822,51.38461716837005,50.84290833687326,50.9202995300293,80800
2017-04-26 00:00:00-04:00,50.57205997640267,52.235870361328125,50.57205997640267,51.462005615234375,106500
2017-04-27 00:00:00-04:00,51.655468246905706,51.81023882382559,50.33990063072951,50.41728591918945,116000
2017-04-28 00:00:00-04:00,50.49466270813979,51.036365540296366,48.90824094526905,48.985626220703125,106200
2017-05-01 00:00:00-04:00,48.94694519042969,49.56603934895247,48.44393192464486,49.33387756347656,96800
2017-05-02 00:00:00-04:00,49.37257055760131,49.56603969754513,48.63739845322991,49.063026428222656,53100
2017-05-03 00:00:00-04:00,48.79217525015328,49.44996210409314,48.52132374986389,49.37257385253906,62600
2017-05-04 00:00:00-04:00,49.64341391384349,50.14642707091752,49.295174262950624,49.75949478149414,43600
2017-05-05 00:00:00-04:00,49.99167365523021,49.99167365523021,48.93147952011372,49.5660514831543,74300
2017-05-08 00:00:00-04:00,49.527344092911804,49.99166176295895,49.3725705522095,49.836891174316406,61700
2017-05-09 00:00:00-04:00,49.91427646730129,50.378594137336,49.449958797266575,50.030357360839844,119100
2017-05-10 00:00:00-04:00,49.72080993652344,50.417289388831705,49.682114337570965,50.10774230957031,87100
2017-05-11 00:00:00-04:00,49.79818330213915,49.95295975675594,48.98562610378466,49.2177848815918,104700
2017-05-12 00:00:00-04:00,48.98564562080002,49.17911183806389,48.40524696900841,49.10172653198242,101200
2017-05-15 00:00:00-04:00,50.262517412375935,50.726841025039356,48.366550975773606,50.14644241333008,130900
2017-05-16 00:00:00-04:00,50.18511926456316,50.22381485708595,48.714778262533706,50.06903839111328,81800
2017-05-17 00:00:00-04:00,49.063037836740044,49.41127469425829,46.780135698458054,47.050987243652344,129600
2017-05-18 00:00:00-04:00,47.012275524103174,48.327845964572234,47.012275524103174,48.05699157714844,114300
2017-05-19 00:00:00-04:00,47.97961829715781,48.250469800269386,47.08967258340267,47.36052703857422,237000
2017-05-22 00:00:00-04:00,47.476600820060774,47.82484054495353,46.934897861405055,47.63137435913086,51000
2017-05-23 00:00:00-04:00,47.74745199367638,48.59870197239213,47.28313140814636,48.28915786743164,66000
2017-05-24 00:00:00-04:00,48.32785012602579,48.56000894090907,47.47659720204109,47.7861442565918,59300
2017-05-25 00:00:00-04:00,48.018306732177734,48.52131999615526,47.39921552793905,48.018306732177734,61500
2017-05-26 00:00:00-04:00,47.67007063416894,48.09569863702218,47.43791178392349,47.8635368347168,59300
2017-05-30 00:00:00-04:00,47.67005545727772,47.67005545727772,46.70272476251105,47.24443054199219,48900
2017-05-31 00:00:00-04:00,47.16705703878054,47.43790852008838,46.16103345556034,46.78012466430664,73400
2017-06-01 00:00:00-04:00,47.05097990115224,47.78615206174493,46.354503342743364,47.747459411621094,62400
2017-06-02 00:00:00-04:00,47.43791178392349,48.753482538060936,47.36052648452832,47.8635368347168,84700
2017-06-05 00:00:00-04:00,48.095702649649205,48.44393947804081,47.78615552212312,47.82484817504883,43900
2017-06-06 00:00:00-04:00,47.32183419744441,47.97961810352356,46.664047339305284,47.59268569946289,60800
2017-06-07 00:00:00-04:00,47.824840546349414,48.36654645708066,47.70876260608825,48.018306732177734,61000
2017-06-08 00:00:00-04:00,48.01829652702983,50.5333593603409,48.01829652702983,49.75949478149414,78100
2017-06-09 00:00:00-04:00,50.14644161177963,52.15848891938686,49.798198907848445,51.65547561645508,113400
2017-06-12 00:00:00-04:00,51.69416775047774,52.39064130337895,50.06904704938958,50.99768829345703,144300
2017-06-13 00:00:00-04:00,51.268527701518835,51.848926128328486,51.03636596914773,51.53937911987305,70400
2017-06-14 00:00:00-04:00,51.229832394304246,51.65546027129551,50.37858254443986,51.26852798461914,51700
2017-06-15 00:00:00-04:00,50.76553062017102,51.65547633714051,50.76553062017102,51.3072395324707,72300
2017-06-16 00:00:00-04:00,50.57205687318441,51.50069805398501,50.57205687318441,50.9202995300293,242100
2017-06-19 00:00:00-04:00,51.07507671973334,51.5007047207124,50.80422522098297,50.9589958190918,83500
2017-06-20 00:00:00-04:00,50.842911107133894,50.88160670582031,50.18512725830078,50.18512725830078,46700
2017-06-21 00:00:00-04:00,50.33991184961087,50.33991184961087,49.4499660736883,49.52735137939453,67900
2017-06-22 00:00:00-04:00,49.465123011751345,49.698451442806885,48.76514661926748,49.50401306152344,59500
2017-06-23 00:00:00-04:00,49.69844153061877,50.359530708372766,49.5040031881154,50.24286651611328,178800
2017-06-26 00:00:00-04:00,50.592877347208024,51.40951512009926,50.359548878502274,51.05952835083008,131600
2017-06-27 00:00:00-04:00,51.37062678540435,51.64283935404642,50.709531489544936,51.2928466796875,114900
2017-06-28 00:00:00-04:00,51.60394424674117,52.61502618413819,51.58839178739449,52.32725524902344,132100
2017-06-29 00:00:00-04:00,52.96501375088347,53.35389051254016,51.87615763148705,52.38169860839844,79200
2017-06-30 00:00:00-04:00,52.65391026951862,52.65391026951862,51.64283426648376,51.83727264404297,47400
2017-07-03 00:00:00-04:00,52.070592149392226,53.587214967613804,51.95393387658044,53.31500244140625,35100
2017-07-05 00:00:00-04:00,53.04279311552179,53.04279311552179,52.148381223075134,52.61503219604492,65400
2017-07-06 00:00:00-04:00,52.53725107245756,53.15945030950737,51.6428333645484,51.876155853271484,73800
2017-07-07 00:00:00-04:00,52.34281449250586,52.49836282365314,51.759499350020825,52.38169860839844,57300
2017-07-10 00:00:00-04:00,52.1483644236747,52.57612520535003,51.68170766724758,51.95392608642578,36500
2017-07-11 00:00:00-04:00,52.03171157836914,52.070595694024036,51.33173222490816,52.03171157836914,58800
2017-07-12 00:00:00-04:00,51.87614560631903,52.65389894934503,51.83726149943999,52.26502227783203,46900
2017-07-13 00:00:00-04:00,52.303920970968704,52.420585178479406,51.642831706792144,52.148372650146484,49200
2017-07-14 00:00:00-04:00,51.75950622558594,51.95394463224285,51.21507512667303,51.75950622558594,71900
2017-07-17 00:00:00-04:00,51.72060383336989,51.99281635099848,51.33172711281824,51.798377990722656,52300
2017-07-18 00:00:00-04:00,51.40950001446879,51.60393836999536,50.942849147962555,51.487274169921875,64300
2017-07-19 00:00:00-04:00,51.681717479108116,52.03171011287514,51.48727910494475,51.876155853271484,52500
2017-07-20 00:00:00-04:00,51.75950478174816,52.14838158421423,50.74842272182077,51.60395050048828,70800
2017-07-21 00:00:00-04:00,53.93719943167786,56.27045973240326,53.353884356496515,55.492706298828125,261500
2017-07-24 00:00:00-04:00,55.49271708090667,55.99825809771326,55.02606611685018,55.37605285644531,92800
2017-07-25 00:00:00-04:00,55.99825029745681,56.89266798202104,55.72603776749069,56.30935287475586,130000
2017-07-26 00:00:00-04:00,56.38712906255955,56.38712906255955,55.18160875736191,55.80381393432617,87900
2017-07-27 00:00:00-04:00,55.84270330710387,56.387128380016314,55.259388185931286,55.68714904785156,68800
2017-07-28 00:00:00-04:00,55.570477536781304,55.881580080629334,54.90938833972142,55.453819274902344,49200
2017-07-31 00:00:00-04:00,55.881583015615696,55.95935717221565,55.18160373864052,55.492706298828125,72300
2017-08-01 00:00:00-04:00,55.726037094859365,56.231578035144764,55.49270868125439,56.19268798828125,60700
2017-08-02 00:00:00-04:00,56.03713549581806,56.38712215637708,55.22049204279687,55.84269714355469,128900
2017-08-03 00:00:00-04:00,55.80381485674407,56.07602740099489,54.59829453161959,54.90939712524414,130900
2017-08-04 00:00:00-04:00,55.2205045130228,55.76492964879054,55.2205045130228,55.37605285644531,41400
2017-08-07 00:00:00-04:00,55.33716337185536,55.33716337185536,54.55940986257781,54.71495819091797,40400
2017-08-08 00:00:00-04:00,54.59828335358969,55.92046762235316,54.52050920455354,54.75383758544922,50300
2017-08-09 00:00:00-04:00,54.24830224150422,54.714953117039165,53.976089725257815,54.40385055541992,75600
2017-08-10 00:00:00-04:00,54.01498262237896,54.170536895383385,53.23722905872317,53.3538932800293,102500
2017-08-11 00:00:00-04:00,53.74276096340564,54.01497347784283,52.14836998810907,52.53724670410156,54900
2017-08-14 00:00:00-04:00,53.081683096615066,54.01498504128169,53.00390892352436,53.97610092163086,60800
2017-08-15 00:00:00-04:00,54.36497128108453,54.36497128108453,53.31500523426078,53.431663513183594,34800
2017-08-16 00:00:00-04:00,53.43166238953159,53.58721664780466,52.80946315780398,53.04278564453125,30400
2017-08-17 00:00:00-04:00,52.22616375825258,53.31502015871263,51.370635848530405,51.44841003417969,73200
2017-08-18 00:00:00-04:00,51.05950854832333,52.070584341745416,50.74840602196763,51.95392608642578,90900
2017-08-21 00:00:00-04:00,51.798376389177484,52.84834231544566,51.60393803491346,52.65390396118164,56900
2017-08-22 00:00:00-04:00,53.003902875827656,53.35388958169722,53.003902875827656,53.27611541748047,51600
2017-08-23 00:00:00-04:00,52.69279685538363,53.97609124968931,52.69279685538363,53.6260986328125,56000
2017-08-24 00:00:00-04:00,53.93719967988498,54.40385055541993,53.859425522927125,54.40385055541992,72800
2017-08-25 00:00:00-04:00,54.48163569840773,55.18160910972683,53.548327927001644,54.71495819091797,69300
2017-08-28 00:00:00-04:00,54.714953117039165,54.714953117039165,54.17052808454636,54.40385055541992,99000
2017-08-29 00:00:00-04:00,53.820542599848,54.209419369886746,53.5872200980979,54.13164520263672,93700
2017-08-30 00:00:00-04:00,54.28719156547552,54.40384983246816,53.353883893020175,53.70387649536133,241000
2017-08-31 00:00:00-04:00,53.97608958644533,54.209412056718854,53.742761182384015,53.8983154296875,44600
2017-09-01 00:00:00-04:00,54.09276175269387,54.403858425528796,53.97609753348643,54.24831008911133,47300
2017-09-05 00:00:00-04:00,53.85942918254725,54.20941587953227,52.96501148228882,53.04278564453125,107400
2017-09-06 00:00:00-04:00,53.509439437102614,53.82053606834897,53.08167266845703,53.08167266845703,64800
2017-09-07 00:00:00-04:00,53.081680606408696,53.081680606408696,51.56506353402681,52.07059860229492,62600
2017-09-08 00:00:00-04:00,52.07058889838958,53.15944486902563,52.03948398344048,52.65390396118164,107900
2017-09-11 00:00:00-04:00,53.27612607973493,53.62611285564802,53.08168766338553,53.23723602294922,110500
2017-09-12 00:00:00-04:00,53.35388923134515,54.59829365200679,53.35388923134515,54.36497116088867,56300
2017-09-13 00:00:00-04:00,54.248302922232305,54.71495380362296,54.100527868506575,54.52051544189453,66400
2017-09-14 00:00:00-04:00,54.637175547808056,54.79272385200925,53.82053211628313,54.092750549316406,69300
2017-09-15 00:00:00-04:00,54.09274841796109,54.75383758544922,53.74275584661758,54.75383758544922,201900
2017-09-18 00:00:00-04:00,54.79273766792747,55.8815938732519,54.03054247785263,55.37605285644531,90900
2017-09-19 00:00:00-04:00,55.41495105388157,55.92049214499074,55.25940268759713,55.570499420166016,110300
2017-09-20 00:00:00-04:00,55.53159138970463,56.65933139426078,55.02605051622567,56.037132263183594,83800
2017-09-21 00:00:00-04:00,56.03713910042441,56.69822835388712,55.60937232441373,55.99824905395508,64500
2017-09-22 00:00:00-04:00,55.93575489779426,56.59979550289457,55.779512153163125,56.48261642456055,73200
2017-09-25 00:00:00-04:00,56.13105073844323,57.05289706283886,55.857623006689764,56.87321853637695,104300
2017-09-26 00:00:00-04:00,56.95134962884339,57.45914748048637,56.20918170404871,57.14665603637695,78400
2017-09-27 00:00:00-04:00,57.576318771001766,59.0997121199292,57.14664830869742,58.20130157470703,168800
2017-09-28 00:00:00-04:00,57.84975247279641,58.63097799728912,57.53726107094378,58.20130157470703,98300
2017-09-29 00:00:00-04:00,58.21699671388981,58.96236619703192,58.21699671388981,58.570068359375,152200
2017-10-02 00:00:00-04:00,58.413147430259855,59.00159420485343,58.06008175989977,58.96236801147461,137100
2017-10-03 00:00:00-04:00,59.1585242827036,59.86466169710277,58.334696301572755,59.746971130371094,136800
2017-10-04 00:00:00-04:00,59.86465889709426,59.86465889709426,58.295467376708984,58.295467376708984,60500
2017-10-05 00:00:00-04:00,58.29548461546103,58.962390011639464,55.87107988682187,58.72700881958008,98700
2017-10-06 00:00:00-04:00,59.23699741171384,59.31545581373617,58.577939651535345,58.72700881958008,90300
2017-10-09 00:00:00-04:00,58.96237032900238,59.08006088574498,58.6092986587746,59.040828704833984,68300
2017-10-10 00:00:00-04:00,59.31544104768525,59.825429512861916,58.80545258250857,59.746971130371094,59400
2017-10-11 00:00:00-04:00,56.922416866652746,58.53083435938868,55.588600668541496,57.746238708496094,145500
2017-10-12 00:00:00-04:00,57.785482808547016,58.25623909901765,57.471643286236265,57.86394119262695,83000
2017-10-13 00:00:00-04:00,57.70701202166386,58.020845490532274,57.353940390202304,57.62854766845703,52300
2017-10-16 00:00:00-04:00,57.78547122035965,58.27976432833057,57.628548497677755,58.21699523925781,51300
2017-10-17 00:00:00-04:00,58.09930415687921,58.49160194055567,57.58931584090198,57.66777420043945,50300
2017-10-18 00:00:00-04:00,57.981605529785156,58.491593774563086,57.7854566653312,57.981605529785156,52400
2017-10-19 00:00:00-04:00,57.55007088319621,59.236952175456445,57.5343816091698,58.53081512451172,100100
2017-10-20 00:00:00-04:00,59.23696440601676,59.23696440601676,57.040094457490724,57.07932662963867,105200
2017-10-23 00:00:00-04:00,57.118569145345795,57.23625371112296,55.980901792915496,56.02013397216797,84000
2017-10-24 00:00:00-04:00,56.09859085083008,56.51442560147644,55.902441931771236,56.09859085083008,84900
2017-10-25 00:00:00-04:00,56.09859086851225,56.13782304673237,55.23553682157928,55.66706085205078,75800
2017-10-26 00:00:00-04:00,55.8239688970146,56.530106017330134,55.74551054719919,56.21626663208008,45500
2017-10-27 00:00:00-04:00,56.21627317230627,56.961636561251225,55.98089210948729,56.76548767089844,56200
2017-10-30 00:00:00-04:00,56.569349887441334,56.569349887441334,55.74552797780288,56.294742584228516,128800
2017-10-31 00:00:00-04:00,56.37320606435601,57.11857565314571,56.13783091999411,56.56935501098633,96000
2017-11-01 00:00:00-04:00,57.040102753301795,57.23625167059099,55.62783414041353,56.41242980957031,56900
2017-11-02 00:00:00-04:00,56.373180855959404,57.079317945263384,56.020115304301484,56.843936920166016,52800
2017-11-03 00:00:00-04:00,56.80471507624944,56.88317342860842,56.17703628540039,56.17703628540039,57600
2017-11-06 00:00:00-05:00,56.21627941074285,56.64780342581263,55.863207777333294,56.059356689453125,31000
2017-11-07 00:00:00-05:00,56.05934676047992,56.05934676047992,54.21554851031647,54.41169738769531,65900
2017-11-08 00:00:00-05:00,54.05863571166992,54.29401078995078,53.2348079727141,54.05863571166992,61800
2017-11-09 00:00:00-05:00,53.50941146923657,54.17632244254494,52.45020872631842,53.2740364074707,76800
2017-11-10 00:00:00-05:00,53.50943110206362,53.58789547076318,53.11713320252946,53.391746520996094,51100
2017-11-13 00:00:00-05:00,52.96019877204975,54.37247313369997,52.96019877204975,54.01940155029297,68300
2017-11-14 00:00:00-05:00,53.784023714663505,54.68630374743803,53.784023714663505,54.25477981567383,67500
2017-11-15 00:00:00-05:00,53.86250147518113,54.843246199834866,53.82326929179868,54.37248992919922,56700
2017-11-16 00:00:00-05:00,54.686307077287644,55.000146492400404,54.01940206141613,54.13709259033203,96200
2017-11-17 00:00:00-05:00,53.82326841257587,53.94095897480995,53.50942890861521,53.7055778503418,122800
2017-11-20 00:00:00-05:00,53.901713390569135,54.56862441541898,53.82325503058361,54.52939224243164,74800
2017-11-21 00:00:00-05:00,54.68631461893591,55.35322571276837,54.68631461893591,54.921695709228516,160400
2017-11-22 00:00:00-05:00,55.15707113431163,55.45521529686859,54.827536444550695,54.96092224121094,48600
2017-11-24 00:00:00-05:00,55.1178389213068,55.455215256634794,54.411701709458775,54.52939224243164,27900
2017-11-27 00:00:00-05:00,54.2940151219419,55.196301292315944,54.09786621472969,54.17633056640625,69400
2017-11-28 00:00:00-05:00,54.3332440133724,56.29473296692375,54.3332440133724,56.25550079345703,111400
2017-11-29 00:00:00-05:00,56.569348290571895,59.39389158929581,55.361070204553144,58.41314697265625,121200
2017-11-30 00:00:00-05:00,58.8839006851174,59.236966301791995,56.922411734726936,57.040096282958984,97900
2017-12-01 00:00:00-05:00,57.07933544612431,57.07933544612431,54.05864328981607,56.09859085083008,125600
2017-12-04 00:00:00-05:00,57.23624530517026,58.17776359504316,56.41242353576936,56.68703079223633,114800
2017-12-05 00:00:00-05:00,56.68703762587427,56.804728174544664,55.66706085205079,55.66706085205078,54900
2017-12-06 00:00:00-05:00,55.51015043145524,56.255514014583824,55.31400149000133,55.392459869384766,39700
2017-12-07 00:00:00-05:00,55.6278468074132,56.05937093211771,55.23554888350478,55.431697845458984,66400
2017-12-08 00:00:00-05:00,55.82397613315483,55.82397613315483,54.52939224243164,54.52939224243164,59100
2017-12-11 00:00:00-05:00,54.52939036272574,54.89815122653407,54.05863423305108,54.13709259033203,44800
2017-12-12 00:00:00-05:00,54.41171591207184,55.23554387192932,54.137108587449596,54.725555419921875,49700
2017-12-13 00:00:00-05:00,54.80400432766394,55.627832145125026,54.36463268421253,54.76477813720703,51800
2017-12-14 00:00:00-05:00,54.84323278235753,55.47090566098038,53.74479776228094,53.98017883300781,67100
2017-12-15 00:00:00-05:00,53.940952923280975,56.0201326695218,53.940952923280975,55.313995361328125,308900
2017-12-18 00:00:00-05:00,56.92241323973369,58.256223366868944,56.5301154392834,57.39316940307617,106900
2017-12-19 00:00:00-05:00,57.74624172126276,57.74624172126276,56.647806555507074,57.15779495239258,66100
2017-12-20 00:00:00-05:00,57.39317489600243,57.39317489600243,56.05935865522229,56.530120849609375,49900
2017-12-21 00:00:00-05:00,56.84394738791994,57.19701899058376,56.530113944648846,57.040096282958984,41200
2017-12-22 00:00:00-05:00,57.13465638189495,57.13465638189495,56.3859977722168,56.3859977722168,35100
2017-12-26 00:00:00-05:00,56.50421264378633,56.701228735309236,55.558537809457995,56.42540740966797,56400
2017-12-27 00:00:00-05:00,56.504201975717386,56.66181842664989,56.03136464782554,56.070770263671875,62700
2017-12-28 00:00:00-05:00,56.11018410963064,56.26780060057126,55.59794704832308,56.188995361328125,71000
2017-12-29 00:00:00-05:00,56.22839562029493,56.780044326239214,55.04629898071289,55.04629898071289,72200
2018-01-02 00:00:00-05:00,55.20391128684826,55.71614831518934,54.29763606274224,54.77047348022461,77500
2018-01-03 00:00:00-05:00,54.69166322775955,55.20390622155318,54.37643630754397,54.849273681640625,56100
2018-01-04 00:00:00-05:00,55.085695374915666,55.99197051586541,54.69166322775955,54.849273681640625,46700
2018-01-05 00:00:00-05:00,55.28274472094465,55.952598571777344,54.96751761100661,55.952598571777344,74700
2018-01-08 00:00:00-05:00,55.55853774745816,55.873764696033824,55.36152165615512,55.479732513427734,80800
2018-01-09 00:00:00-05:00,55.637346271225766,56.26780020565471,55.227555422564976,56.11018371582031,120400
2018-01-10 00:00:00-05:00,55.873759781835645,57.111020485901285,55.873759781835645,56.504207611083984,65400
2018-01-11 00:00:00-05:00,56.50422670088202,57.64692392346692,56.50422670088202,57.48930740356445,88200
2018-01-12 00:00:00-05:00,57.92273506752841,58.47437775842787,57.449897616406815,58.159156799316406,79000
2018-01-16 00:00:00-05:00,58.23796149845732,58.78960418423575,57.50506135166349,57.843929290771484,79900
2018-01-17 00:00:00-05:00,57.962138063978756,58.86840729898958,57.56810587051175,58.27735900878906,66000
2018-01-18 00:00:00-05:00,58.198540264139254,58.23794587932118,56.937638740203155,57.09524917602539,124800
2018-01-19 00:00:00-05:00,55.16451536075573,58.08035162484223,55.16451536075573,57.9621467590332,197300
2018-01-22 00:00:00-05:00,57.56810950096083,58.356173937592985,57.2371178681099,58.04094696044922,72100
2018-01-23 00:00:00-05:00,57.68631280022454,58.35617236325393,57.48929669638163,57.843929290771484,80900
2018-01-24 00:00:00-05:00,58.04093289804028,58.710786304391725,57.1740634302647,57.25286865234375,95400
2018-01-25 00:00:00-05:00,57.68632700798907,57.68632700798907,56.346619576877806,56.977073669433594,89800
2018-01-26 00:00:00-05:00,57.055870901725875,57.055870901725875,56.46482252776971,56.89825439453125,39200
2018-01-29 00:00:00-05:00,56.937653464520665,57.68631224696171,56.543621260613946,56.58302688598633,66100
2018-01-30 00:00:00-05:00,56.3859977722168,56.8194294890215,55.87375482285405,56.3859977722168,73300
2018-01-31 00:00:00-05:00,56.62242959483589,56.93765657768771,55.9525760140599,56.228397369384766,59700
2018-02-01 00:00:00-05:00,56.149581863718815,56.85884094238281,55.558533633574406,56.85884094238281,68800
2018-02-02 00:00:00-05:00,56.58302688598633,57.68631224696171,56.38601078403297,56.58302688598633,60800
2018-02-05 00:00:00-05:00,56.03137932091006,56.58302802495627,53.94300739567639,54.06121826171875,75500
2018-02-06 00:00:00-05:00,52.800301126623786,54.57344556744324,52.72149590952234,54.4946403503418,107100
2018-02-07 00:00:00-05:00,54.10062731545434,55.085707907460225,54.10062731545434,54.731075286865234,53000
2018-02-08 00:00:00-05:00,54.84928268539527,55.12510403119118,53.98241302184198,54.06121826171875,106200
2018-02-09 00:00:00-05:00,54.652267651869785,55.164510739801706,53.233755268890455,54.691673278808594,124100
2018-02-12 00:00:00-05:00,54.888688500417054,55.16450984716198,54.21883494047812,55.04629898071289,78500
2018-02-13 00:00:00-05:00,54.65227196895198,55.04630421964731,54.37645059595624,55.00690460205078,33300
2018-02-14 00:00:00-05:00,54.573473127979284,56.425423721166865,54.573473127979284,56.307212829589844,63900
2018-02-15 00:00:00-05:00,57.055867447813974,57.055867447813974,56.0313812566592,56.228397369384766,52400
2018-02-16 00:00:00-05:00,56.18899569666498,57.686313288583634,56.14959007058106,57.410491943359375,56600
2018-02-20 00:00:00-05:00,57.09526463130571,57.80452380940264,56.11018410963064,56.188995361328125,67200
2018-02-21 00:00:00-05:00,56.38602095618881,57.623282059162214,55.479745521218526,56.661842346191406,52300
2018-02-22 00:00:00-05:00,56.780042925843766,56.898247776923085,55.75555679182499,55.8343620300293,36400
2018-02-23 00:00:00-05:00,56.149587649002825,56.78004156442942,55.91316592760432,56.6224250793457,39200
2018-02-26 00:00:00-05:00,56.66184037590664,57.213483136729735,56.15747956245262,57.13467788696289,49200
2018-02-27 00:00:00-05:00,57.37107805466326,58.04093144423628,56.3859977722168,56.3859977722168,63000
2018-02-28 00:00:00-05:00,56.50421788135794,56.81944485950485,54.612868037385496,54.691673278808594,68500
2018-03-01 00:00:00-05:00,54.61285800081901,55.59793836870929,54.33703068784699,54.849273681640625,52100
2018-03-02 00:00:00-05:00,54.21883393744213,56.22839458008253,54.21883393744213,56.11018371582031,46500
2018-03-05 00:00:00-05:00,55.75556569629245,57.095272997086994,54.8098906619028,56.74064636230469,54700
2018-03-06 00:00:00-05:00,56.66183314740005,57.56810843524066,56.14959007058106,57.410491943359375,58100
2018-03-07 00:00:00-05:00,57.09527382704137,58.5137924117011,57.0164685751059,58.316776275634766,53400
2018-03-08 00:00:00-05:00,58.39557760270494,58.39557760270494,57.158316591864974,57.33169174194336,38500
2018-03-09 00:00:00-05:00,57.883334064197854,58.86841467122951,57.4893018213852,58.75020980834961,35400
2018-03-12 00:00:00-04:00,59.02602401823668,59.49886144978387,58.631991823205,59.2624397277832,60100
2018-03-13 00:00:00-04:00,59.10484801399772,59.65649085714594,58.434994272330286,58.986637115478516,57800
2018-03-14 00:00:00-04:00,59.45946745983737,59.45946745983737,58.27737064343937,58.316776275634766,53700
2018-03-15 00:00:00-04:00,58.39556854687213,59.10482768154142,57.962136751346556,59.06542205810547,58500
2018-03-16 00:00:00-04:00,59.06542558333231,60.16871696839342,58.98662034421102,59.53826904296875,247700
2018-03-19 00:00:00-04:00,59.45947595417615,59.45947595417615,58.19857370571107,58.907833099365234,76100
2018-03-20 00:00:00-04:00,59.026040963093614,59.45947289458312,58.198570711000016,58.513797760009766,38600
2018-03-21 00:00:00-04:00,58.71080675863161,59.183644268290635,57.922742238381524,58.829017639160156,43000
2018-03-22 00:00:00-04:00,58.277363897495064,58.86841223727678,57.213478088378906,57.213478088378906,81500
2018-03-23 00:00:00-04:00,57.47491235175626,58.10867754607794,54.93983344219813,54.97944641113281,87100
2018-03-26 00:00:00-04:00,55.969719804275,56.76193096627722,55.494394315891974,56.603485107421875,60500
2018-03-27 00:00:00-04:00,56.56386170000752,56.72230146862145,55.37554530313379,55.61320495605469,103500
2018-03-28 00:00:00-04:00,55.77165078304765,57.23723979741613,55.61320497030337,56.7223014831543,98000
2018-03-29 00:00:00-04:00,57.118398170935414,57.609571048824684,56.6034599358092,56.68268585205078,134300
2018-04-02 00:00:00-04:00,56.64308554271062,56.88075125633009,55.25671631614078,55.53398895263672,135800
2018-04-03 00:00:00-04:00,55.81127394541965,56.7223179905405,55.53400124753718,56.603485107421875,102500
2018-04-04 00:00:00-04:00,56.08854253086017,57.712571492430065,56.08854253086017,57.51451873779297,64000
2018-04-05 00:00:00-04:00,57.791798882449825,58.10868453979492,57.078813708537346,58.10868453979492,112700
2018-04-06 00:00:00-04:00,57.67294796327549,58.26710605612205,55.6528080299617,56.36579895019531,81600
2018-04-09 00:00:00-04:00,56.682700978534896,57.63335178623874,56.24698249928454,56.326202392578125,61400
2018-04-10 00:00:00-04:00,56.95996097623313,57.752171821398846,56.52424259375635,57.55411911010742,43000
2018-04-11 00:00:00-04:00,57.3560791015625,57.498677327037356,56.801527760675626,57.3560791015625,40600
2018-04-12 00:00:00-04:00,57.5541114572999,58.544374882084526,57.5541114572999,58.385929107666016,64100
2018-04-13 00:00:00-04:00,58.62361537257876,58.94050098881619,57.39568587619264,57.51451873779297,40700
2018-04-16 00:00:00-04:00,57.79178757007781,58.22750601914962,57.51451494070938,58.02945327758789,50900
2018-04-17 00:00:00-04:00,58.14828604319717,58.30672581857038,57.039189483314715,57.59373474121094,76600
2018-04-18 00:00:00-04:00,57.87100339574696,58.40178319985876,57.554117855769086,57.75217056274414,97700
2018-04-19 00:00:00-04:00,57.98984032908638,58.7424443737014,57.7521806655948,58.54439163208008,73300
2018-04-20 00:00:00-04:00,55.09828503033107,57.950243812967926,54.979452155202225,57.03919982910156,111200
2018-04-23 00:00:00-04:00,57.27685519046453,57.85516581025773,57.27685519046453,57.59373474121094,73800
2018-04-24 00:00:00-04:00,57.5541114572999,58.82164743220657,57.514498502673206,58.385929107666016,72700
2018-04-25 00:00:00-04:00,58.18789572381014,58.54439430143724,57.71257033106431,58.069068908691406,52800
2018-04-26 00:00:00-04:00,57.91062294059869,58.385948332186246,57.47491051668105,57.71257019042969,54000
2018-04-27 00:00:00-04:00,57.67296082977078,58.5047787188764,57.47490808797087,57.950233459472656,65100
2018-04-30 00:00:00-04:00,58.2275217258344,58.306741635010404,57.18180321007287,57.27687072753906,99900
2018-05-01 00:00:00-04:00,57.23724472237141,58.42556122179781,56.44503372275381,58.30672836303711,87700
2018-05-02 00:00:00-04:00,57.95023080750975,59.21776708820522,57.712565110590084,59.01971435546875,72000
2018-05-03 00:00:00-04:00,58.74244442667231,59.059330022370176,57.79178763957871,57.950233459472656,88600
2018-05-04 00:00:00-04:00,57.791807660095046,59.24155568288071,57.474927998712225,58.42557907104492,95900
2018-05-07 00:00:00-04:00,58.70283248977022,59.01971809102327,57.08672136306078,58.58399963378906,51800
2018-05-08 00:00:00-04:00,58.0294543026825,59.29699066225072,58.0294543026825,59.178157806396484,65600
2018-05-09 00:00:00-04:00,59.2574015799221,59.61389421072154,58.94051588360487,59.2970085144043,67400
2018-05-10 00:00:00-04:00,59.178157806396484,59.495043407311066,58.74244539371779,59.178157806396484,40700
2018-05-11 00:00:00-04:00,59.336584550085476,59.65347004911015,58.623593688302,59.09891891479492,52500
2018-05-14 00:00:00-04:00,59.29699481944245,59.29699481944245,58.26712409938057,58.346343994140625,68000
2018-05-15 00:00:00-04:00,58.46517433091509,58.98010664664058,58.26712158053135,58.66322708129883,110000
2018-05-16 00:00:00-04:00,58.861260551508984,59.04346563748967,58.227489540238416,58.9008674621582,152000
2018-05-17 00:00:00-04:00,58.66324041875746,59.89116412385867,58.66324041875746,59.77233123779297,80600
2018-05-18 00:00:00-04:00,60.04961279866924,60.208052624781885,59.2574015799221,59.2970085144043,230600
2018-05-21 00:00:00-04:00,59.415817384099704,60.564520769223165,59.415817384099704,60.44569396972656,86600
2018-05-22 00:00:00-04:00,60.6833585466609,61.43596258783688,59.891147583795636,61.000244140625,67200
2018-05-23 00:00:00-04:00,61.03985825727102,61.31713089068366,60.72297265733225,60.96063232421875,75800
2018-05-24 00:00:00-04:00,61.07947557148211,61.07947557148211,60.07337011789931,60.92103576660156,75100
2018-05-25 00:00:00-04:00,60.60412739796927,61.15867255129554,60.44568765247287,60.841793060302734,46300
2018-05-29 00:00:00-04:00,60.485295814811494,60.80218135643154,59.93075065004316,60.643741607666016,109000
2018-05-30 00:00:00-04:00,61.1983104963692,62.34701423044446,60.80220492681342,61.95090866088867,89700
2018-05-31 00:00:00-04:00,62.03013336570392,62.545065760523464,61.43597502328948,62.069740295410156,115000
2018-06-01 00:00:00-04:00,62.90155769151585,64.28792700945944,62.66389196223215,63.139217376708984,115300
2018-06-04 00:00:00-04:00,63.37688170467341,64.01065293935632,62.9411632253176,63.931427001953125,74700
2018-06-05 00:00:00-04:00,63.57494450200555,64.60482141001727,63.456111621220906,64.5652084350586,77700
2018-06-06 00:00:00-04:00,64.52558393445408,65.79312637762497,64.32753118321992,65.6742935180664,80900
2018-06-07 00:00:00-04:00,65.63468185192325,65.95156746900079,65.15935644835214,65.47624206542969,78600
2018-06-08 00:00:00-04:00,65.63468675262413,66.07040526415057,63.37688638401189,65.51585388183594,87400
2018-06-11 00:00:00-04:00,65.87233212096588,66.14960470432189,64.64440290941772,64.96128845214844,44900
2018-06-12 00:00:00-04:00,65.27818027255215,65.27818027255215,63.85219821517455,64.12947082519531,49300
2018-06-13 00:00:00-04:00,63.693754720958026,64.74739662142932,63.574921882453346,64.05024719238281,65300
2018-06-14 00:00:00-04:00,64.36713797489455,64.36713797489455,63.37687431374232,64.28791809082031,58800
2018-06-15 00:00:00-04:00,63.77298751686685,64.44636567934486,63.37688200433973,63.61454772949219,208400
2018-06-18 00:00:00-04:00,63.614548852969094,64.28792702733944,62.94116463450818,64.08987426757812,71500
2018-06-19 00:00:00-04:00,63.65416309670246,65.04053257442071,63.65416309670246,64.76325988769531,58200
2018-06-20 00:00:00-04:00,65.04051842753921,65.47623687197174,64.8028587666496,65.23857116699219,66200
2018-06-21 00:00:00-04:00,65.35740401948196,65.71389653286134,64.60480602719663,65.23857116699219,51100
2018-06-22 00:00:00-04:00,65.51584885668625,65.83273447311895,64.20870551054827,65.11974334716797,227600
2018-06-25 00:00:00-04:00,64.72363540183778,64.96130111624059,63.931424412615335,64.32752990722656,61700
2018-06-26 00:00:00-04:00,64.40674947930566,64.72362900842104,63.89181117835877,64.12947082519531,111000
2018-06-27 00:00:00-04:00,64.16909312733041,67.20326280850072,62.98077658793541,63.020389556884766,83100
2018-06-28 00:00:00-04:00,63.258047721098094,63.57493333282119,62.82233529355788,62.941162109375,72200
2018-06-29 00:00:00-04:00,63.32325918805677,63.32325918805677,62.12923171931758,62.4078369140625,104400
2018-07-02 00:00:00-04:00,62.00981368209015,63.08443694539708,62.00981368209015,62.925235748291016,103900
2018-07-03 00:00:00-04:00,63.0844569999672,63.32326494467982,62.686447807538386,62.766048431396484,54500
2018-07-05 00:00:00-04:00,63.12423091092389,63.16402816772462,62.40781348402059,63.16402816772461,56300
2018-07-06 00:00:00-04:00,63.084435612924445,63.920257062918004,62.88543108417704,63.60184860229492,62800
2018-07-09 00:00:00-04:00,63.88043104010286,64.95505389904787,63.76102715063473,64.55704498291016,110100
2018-07-10 00:00:00-04:00,64.91529596544133,64.91529596544133,63.32325933671818,63.68146514892578,55800
2018-07-11 00:00:00-04:00,63.48244554746795,70.16899902038651,63.40284494949651,63.44264221191406,46200
2018-07-12 00:00:00-04:00,63.72127853473404,63.8406764421921,62.24863956260488,62.965057373046875,43500
2018-07-13 00:00:00-04:00,62.686442782165145,63.36305714042444,62.447634856597006,62.4874382019043,33500
2018-07-16 00:00:00-04:00,62.72625141828851,63.32326520942779,62.60684744543299,63.203861236572266,49400
2018-07-17 00:00:00-04:00,63.28346619718513,63.8008793995886,63.08446158650215,63.402870178222656,38500
2018-07-18 00:00:00-04:00,63.40285916378918,63.920272276306925,63.40285916378918,63.72126770019531,59100
2018-07-19 00:00:00-04:00,63.402844437160105,67.58193956482235,63.402844437160105,64.99488067626953,93800
2018-07-20 00:00:00-04:00,68.05954207881481,70.4475961868434,66.46750600679574,70.16899108886719,276500
2018-07-23 00:00:00-04:00,72.07943414162949,75.62171190144286,71.68142513162189,72.1590347290039,215900
2018-07-24 00:00:00-04:00,72.15907183675385,72.47748042312841,71.32325005666296,71.76106262207031,189700
2018-07-25 00:00:00-04:00,71.60184713877598,72.07946300051945,70.7660315270008,71.56204986572266,97300
2018-07-26 00:00:00-04:00,71.80086357036151,72.43768077566692,70.53519711806919,71.8804702758789,86900
2018-07-27 00:00:00-04:00,71.76102572352222,71.99982748566053,70.8854071160774,71.08441162109375,68600
2018-07-30 00:00:00-04:00,71.04462711505808,71.4824395713525,70.4874167826262,70.52721405029297,71800
2018-07-31 00:00:00-04:00,70.44761971956797,71.08443679035587,69.65160141765195,70.3680191040039,90000
2018-08-01 00:00:00-04:00,70.68640261106106,71.16401220847318,70.32819085815031,71.08441162109375,67900
2018-08-02 00:00:00-04:00,70.60680103320564,71.44262244369546,70.60680103320564,71.36302185058594,54800
2018-08-03 00:00:00-04:00,71.36304222725691,71.40283949860722,70.08941415443095,70.12921142578125,61700
2018-08-06 00:00:00-04:00,70.12921142578125,70.24861538610756,69.61179831312572,70.12921142578125,62600
2018-08-07 00:00:00-04:00,70.12921457204621,70.76603167359809,69.9302099869535,70.04961395263672,44900
2018-08-08 00:00:00-04:00,70.00980612068352,71.12423294042661,69.49239909110422,69.97000885009766,113700
2018-08-09 00:00:00-04:00,70.08941729891045,70.16901791831995,69.53220081676805,70.04961395263672,49300
2018-08-10 00:00:00-04:00,69.73119275469541,70.04960124772151,69.357063230875,69.77099609375,79500
2018-08-13 00:00:00-04:00,69.53219918932373,70.12921293062841,69.41279522643524,69.45259857177734,82900
2018-08-14 00:00:00-04:00,69.61179993945508,70.88543411517448,69.61179993945508,70.72622680664062,293000
2018-08-15 00:00:00-04:00,70.60683389663497,71.64166030811886,70.16902739419085,70.40782928466797,79600
2018-08-16 00:00:00-04:00,70.76604320316393,72.03967154063578,70.76604320316393,71.8804702758789,57100
2018-08-17 00:00:00-04:00,71.52225466400473,72.15907183675385,69.31728628683891,71.76106262207031,55800
2018-08-20 00:00:00-04:00,71.84062131245932,72.19882696731172,71.00480002029023,71.64161682128906,54200
2018-08-21 00:00:00-04:00,71.64163773293127,72.83566502848012,71.64163773293127,72.11924743652344,103100
2018-08-22 00:00:00-04:00,72.07945251464844,72.27845707037841,71.64164006278769,72.07945251464844,59400
2018-08-23 00:00:00-04:00,71.9600425187958,72.03964311977045,71.40282616570016,71.99983978271484,59700
2018-08-24 00:00:00-04:00,71.72124537019454,72.31825907650548,71.64960664054321,71.92024993896484,31900
2018-08-27 00:00:00-04:00,72.19884687851531,72.47745810149794,71.56203597503007,71.72123718261719,40700
2018-08-28 00:00:00-04:00,71.99983702304223,71.99983702304223,71.40282342891041,71.68143463134766,51600
2018-08-29 00:00:00-04:00,71.80084034894311,71.80084034894311,71.04462547621023,71.44263458251953,78700
2018-08-30 00:00:00-04:00,71.48243147292666,72.2784496137248,71.12421966568564,71.84063720703125,50600
2018-08-31 00:00:00-04:00,71.48246022325168,72.62076686534667,71.44265687094824,72.51728057861328,51700
2018-09-04 00:00:00-04:00,72.39785431635362,73.07447465846705,71.76104338743224,72.71626281738281,52000
2018-09-05 00:00:00-04:00,72.87547414629054,73.35308388775505,72.6764695812522,73.27348327636719,63700
2018-09-06 00:00:00-04:00,73.11427620978206,73.63168929513208,72.75607042084448,73.03467559814453,88300
2018-09-07 00:00:00-04:00,73.0744761517297,73.71128709366418,72.79586491192514,73.55208587646484,48300
2018-09-10 00:00:00-04:00,73.47248807185701,73.8306938607946,72.67646980920695,73.03467559814453,59000
2018-09-11 00:00:00-04:00,72.7958639963696,73.5122816110305,72.7958639963696,72.91526794433594,72700
2018-09-12 00:00:00-04:00,72.71625455062767,72.71625455062767,71.56203069789403,71.68143463134766,104700
2018-09-13 00:00:00-04:00,71.64165864303752,71.96006722941209,71.24364942835398,71.76106262207031,80400
2018-09-14 00:00:00-04:00,71.72123483248073,72.75606086729852,71.46650926480602,72.67646026611328,67400
2018-09-17 00:00:00-04:00,72.07948106260679,72.1988789848241,71.28346252441406,71.28346252441406,62200
2018-09-18 00:00:00-04:00,71.2038558120832,71.56206779815362,70.7660492599609,71.28346252441406,42500
2018-09-19 00:00:00-04:00,71.08441691227901,71.84063165837594,70.96501298575423,71.12421417236328,94600
2018-09-20 00:00:00-04:00,71.48243928254807,72.318254777819,71.40283260126189,71.60183715820312,56200
2018-09-21 00:00:00-04:00,70.72622379574247,71.48244481452487,69.65160031972285,69.97000885009766,478800
2018-09-24 00:00:00-04:00,69.69139256054468,70.04959830443774,68.65656651997449,68.77597045898438,152400
2018-09-25 00:00:00-04:00,68.89537341436366,68.89537341436366,67.50234164978895,68.13915252685547,205700
2018-09-26 00:00:00-04:00,67.9401657318443,68.0197663531235,66.46753298219573,66.5869369506836,153100
2018-09-27 00:00:00-04:00,66.78593697420068,66.86553759003746,65.79091409339655,65.8307113647461,147500
2018-09-28 00:00:00-04:00,65.85469565126132,66.33451007307801,65.65477246707341,66.05461883544922,155500
2018-10-01 00:00:00-04:00,66.38247472684814,66.38247472684814,64.91903601857406,65.15094757080078,94100
2018-10-02 00:00:00-04:00,65.19894172267763,65.39086625312973,64.17533609203868,64.8870620727539,154000
2018-10-03 00:00:00-04:00,65.07900324822404,67.54205874014747,65.05501343842809,67.30215454101562,173000
2018-10-04 00:00:00-04:00,67.53403368465698,68.309736437533,66.91827310314044,67.16617584228516,157100
2018-10-05 00:00:00-04:00,67.51004383962115,68.03784385300358,66.52642541638295,67.15018463134766,190300
2018-10-08 00:00:00-04:00,67.02223790280884,67.76595229869102,66.4064772573097,67.4860610961914,88800
2018-10-09 00:00:00-04:00,67.40608194333306,67.83791662794754,67.17417038486401,67.3341064453125,123100
2018-10-10 00:00:00-04:00,67.43011099622989,67.8219588432588,66.28654980491545,66.4704818725586,115800
2018-10-11 00:00:00-04:00,66.12660369562099,66.85432101625551,64.26331789149489,64.27131652832031,136800
2018-10-12 00:00:00-04:00,65.09499989113176,65.09499989113176,61.888229820760536,63.62356185913086,250500
2018-10-15 00:00:00-04:00,63.55957895732705,64.43124107830396,63.20771221431265,63.94342803955078,117400
2018-10-16 00:00:00-04:00,64.1913554431108,65.34291533374198,62.90385530577955,63.991432189941406,122200
2018-10-17 00:00:00-04:00,63.73550372149719,64.64715288239525,63.10375187762982,64.14334869384766,54200
2018-10-18 00:00:00-04:00,63.90347219213649,65.127001537226,63.75952720440987,64.94306945800781,175200
2018-10-19 00:00:00-04:00,64.78311641464258,66.4064918469703,64.49522651420129,65.49484252929688,143900
2018-10-22 00:00:00-04:00,65.89468570128403,66.72636691716603,63.59156661078873,63.647544860839844,151600
2018-10-23 00:00:00-04:00,62.84785560059906,63.91944714868983,61.800259962018494,62.328060150146484,166300
2018-10-24 00:00:00-04:00,62.216098451592906,62.216098451592906,59.00133017677852,59.1452751159668,115100
2018-10-25 00:00:00-04:00,59.54513443909499,61.072550853785536,58.569508094804895,60.70469284057617,119400
2018-10-26 00:00:00-04:00,60.47276838400705,61.28045367444126,59.577110301178315,60.760658264160156,124300
2018-10-29 00:00:00-04:00,61.456394591054824,62.67193114542321,61.01656718219139,61.616336822509766,85600
2018-10-30 00:00:00-04:00,61.98419167677618,63.11975400755613,61.52836701717171,63.11175537109375,83000
2018-10-31 00:00:00-04:00,63.855468192748624,64.14335808583516,62.647930369034114,62.735897064208984,102200
2018-11-01 00:00:00-04:00,63.17572651979558,63.41563678249123,62.360042608738965,62.95981216430664,93900
2018-11-02 00:00:00-04:00,63.35166488559776,64.55120409115338,63.3436662492326,64.01541137695312,135000
2018-11-05 00:00:00-05:00,63.77551690523671,64.33529956612992,62.79189182832616,63.27970504760742,117200
2018-11-06 00:00:00-05:00,63.0397977307592,64.49523867921499,62.95982965470246,64.24732971191406,56300
2018-11-07 00:00:00-05:00,64.15935270877662,64.92705702491337,63.06377143304241,64.3912582397461,99800
2018-11-08 00:00:00-05:00,64.3193102492541,64.99904810031649,63.999431818997216,64.43126678466797,73800
2018-11-09 00:00:00-05:00,64.36725970257633,64.75111485916543,62.92781659300138,63.423622131347656,55200
2018-11-12 00:00:00-05:00,63.431637904554634,63.839482974655304,62.90384378545882,62.943824768066406,57700
2018-11-13 00:00:00-05:00,63.19171358722686,64.30329203778486,63.04776865918972,63.143733978271484,71100
2018-11-14 00:00:00-05:00,63.567580378083356,63.75951104719766,61.440400655361884,61.72829055786133,86000
2018-11-15 00:00:00-05:00,61.3604328637145,63.43163434234761,60.968578988428206,63.35966491699219,107800
2018-11-16 00:00:00-05:00,62.81588467733109,64.28731680052898,62.81588467733109,64.24732971191406,148900
2018-11-19 00:00:00-05:00,63.91944761461226,64.4392491700258,62.71990837958351,63.119754791259766,70100
2018-11-20 00:00:00-05:00,62.879823975402964,63.247681821909886,61.792241602612926,62.847835540771484,111100
2018-11-21 00:00:00-05:00,62.86383359498793,63.951415981381714,62.39201180473454,62.8558349609375,64300
2018-11-23 00:00:00-05:00,62.65592792639801,63.75950786461762,62.344048231119864,63.20771789550781,37500
2018-11-26 00:00:00-05:00,63.71952677186108,64.60718632679564,63.18373402462591,63.75951385498047,66300
2018-11-27 00:00:00-05:00,63.20771482726615,63.911442241215276,62.25607851541256,62.615943908691406,99900
2018-11-28 00:00:00-05:00,62.703906384544055,63.99940463001386,61.86422662448911,63.89544677734375,72900
2018-11-29 00:00:00-05:00,63.55958268149415,64.09537536162637,62.73589402106861,63.32767105102539,53300
2018-11-30 00:00:00-05:00,63.32767872160526,64.60718606092085,63.32767872160526,64.27131652832031,117100
2018-12-03 00:00:00-05:00,64.61517988924356,64.77511600681636,62.81587111127644,64.19133758544922,133600
2018-12-04 00:00:00-05:00,63.90345166768238,64.15935310798689,59.42516731059603,59.51313400268555,124800
2018-12-06 00:00:00-05:00,58.7774142305768,59.86499680511382,58.11366781648103,59.7530403137207,137900
2018-12-07 00:00:00-05:00,59.88098271157788,60.88059851199186,59.23323362528423,60.06491470336914,100300
2018-12-10 00:00:00-05:00,59.91298475249413,60.048931067935904,58.425555615665694,59.417179107666016,129400
2018-12-11 00:00:00-05:00,59.84898869481071,60.48874518790699,58.95333692588002,59.43315124511719,70700
2018-12-12 00:00:00-05:00,60.05692386912535,61.160503760869965,59.40117606292886,60.424781799316406,111200
2018-12-13 00:00:00-05:00,60.440762376668054,60.880589603791194,58.52149910047049,58.60146713256836,82800
2018-12-14 00:00:00-05:00,58.14565657660501,59.33719701364952,57.154039318314275,57.27399444580078,78100
2018-12-17 00:00:00-05:00,56.57824967756027,58.377557971192935,56.57824967756027,57.2339973449707,122800
2018-12-18 00:00:00-05:00,57.593858291084324,58.345571286461656,56.530271771384676,56.75418472290039,95700
2018-12-19 00:00:00-05:00,56.754201604977744,57.10606840555162,54.46707960359188,55.25877380371094,149900
2018-12-20 00:00:00-05:00,55.12283662624312,56.922145807440586,52.875701334545255,56.90615463256836,192900
2018-12-21 00:00:00-05:00,56.73020990318962,56.842166408514444,55.06684739383231,55.73858642578125,618100
2018-12-24 00:00:00-05:00,55.44270041418958,55.95450329156451,53.755348205566406,53.755348205566406,68300
2018-12-26 00:00:00-05:00,53.867302545025616,55.87453299686456,53.475454817369375,55.84254455566406,118000
2018-12-27 00:00:00-05:00,55.15481064260537,55.62662644252187,53.827317732221154,55.570648193359375,86800
2018-12-28 00:00:00-05:00,55.795802293584664,56.431034103387645,55.20882005338872,56.02094650268555,98900
2018-12-31 00:00:00-05:00,56.278252077552565,56.67226055741205,55.45004043717405,56.535560607910156,113100
2019-01-02 00:00:00-05:00,55.98073822233306,57.97487763828826,55.60281500684381,57.966835021972656,164500
2019-01-03 00:00:00-05:00,57.74973476953704,58.71464016886461,57.23511773859982,57.57283401489258,95400
2019-01-04 00:00:00-05:00,58.21611190396697,59.711719657994,58.047253755572854,59.285552978515625,92200
2019-01-07 00:00:00-05:00,59.23729606436754,60.00118508061151,58.71463645003609,59.59914016723633,69000
2019-01-08 00:00:00-05:00,60.28261835319771,60.70074238505727,59.277506018736545,60.62033462524414,89200
2019-01-09 00:00:00-05:00,60.306728986448775,60.32280808156937,57.629108747118195,57.94270324707031,130900
2019-01-10 00:00:00-05:00,57.53264240952863,58.2804463608398,56.60793767526128,57.492435455322266,104600
2019-01-11 00:00:00-05:00,57.13057908148241,58.13569126704883,57.09037214017258,57.733646392822266,76600
2019-01-14 00:00:00-05:00,57.53264483707929,58.232199245916064,57.46831616152276,57.51655960083008,55900
2019-01-15 00:00:00-05:00,57.33965303477657,58.143742994079425,56.648135178998544,58.11962127685547,137600
2019-01-16 00:00:00-05:00,57.89447021484375,59.390077852838054,57.78189812464795,59.10060501098633,97000
2019-01-17 00:00:00-05:00,59.068460167271425,60.25047363899901,58.93980893662724,60.08161544799805,159100
2019-01-18 00:00:00-05:00,55.48219659523886,61.42441976879204,55.48219659523886,61.31184768676758,282900
2019-01-22 00:00:00-05:00,60.78918012372238,62.485809882355674,60.66856544171802,62.2767448425293,172400
2019-01-23 00:00:00-05:00,62.63860803059182,62.71901579826108,61.97925452015272,62.31697082519531,148300
2019-01-24 00:00:00-05:00,62.08377548246664,62.67076376184387,61.223399603597684,62.598392486572266,94000
2019-01-25 00:00:00-05:00,62.719017222773125,63.145183922347094,62.28480790583374,62.6627311706543,84100
2019-01-28 00:00:00-05:00,62.7913854199402,63.4587815950854,62.630569873150456,63.25775909423828,102300
2019-01-29 00:00:00-05:00,63.33815242117009,63.95730501800312,62.9441501270972,63.40248107910156,92200
2019-01-30 00:00:00-05:00,63.5793811850533,64.06987646111685,63.121050237633746,63.99750518798828,168900
2019-01-31 00:00:00-05:00,63.98142569019232,64.17440552612882,63.474851320339596,64.15028381347656,169700
2019-02-01 00:00:00-05:00,63.96535154802791,65.01870731355802,63.66783608792847,64.97850036621094,154300
2019-02-04 00:00:00-05:00,64.62471020994408,65.43683662635986,64.34327382524306,65.32426452636719,118200
2019-02-05 00:00:00-05:00,65.27601417550817,65.91928850848034,64.7613971630179,65.13932037353516,112300
2019-02-06 00:00:00-05:00,64.83377792845438,65.39664463912484,64.83377792845438,65.35643768310547,59500
2019-02-07 00:00:00-05:00,65.47705474912114,65.93538584435774,64.84986547508373,65.46097564697266,101800
2019-02-08 00:00:00-05:00,65.17955110558796,65.75849704408225,64.24680964279722,64.58452606201172,126700
2019-02-11 00:00:00-05:00,64.94634203791156,65.50920867919922,64.54429706615727,65.50920867919922,54300
2019-02-12 00:00:00-05:00,65.77456554419126,66.06403843976726,65.01067635069684,65.29210662841797,91300
2019-02-13 00:00:00-05:00,65.47705479743477,65.73436337504307,64.95439502377782,65.42076873779297,70500
2019-02-14 00:00:00-05:00,65.12324080244326,65.26797723320837,64.09400668798882,64.9222183227539,102000
2019-02-15 00:00:00-05:00,65.2358019977228,66.54647227247125,64.7372702576309,66.38565063476562,80300
2019-02-19 00:00:00-05:00,65.96753112440554,67.27819535341087,65.78258776216866,66.99676513671875,76400
2019-02-20 00:00:00-05:00,66.7314209513843,67.99384188433625,66.7314209513843,67.96167755126953,78200
2019-02-21 00:00:00-05:00,67.89732462625403,67.96164712887483,66.91633437836784,67.51940155029297,51000
2019-02-22 00:00:00-05:00,67.53551481486045,68.3315683015961,67.12543334744832,67.94560241699219,51300
2019-02-25 00:00:00-05:00,68.34763039651078,68.45215985803046,67.5676623386663,67.61590576171875,98400
2019-02-26 00:00:00-05:00,67.42294313449935,68.05013233305064,66.8600826062404,67.01285552978516,57000
2019-02-27 00:00:00-05:00,67.12543023092499,68.10641479492188,66.77162869769111,68.10641479492188,84500
2019-02-28 00:00:00-05:00,68.0742466366574,68.65318614990349,67.84105985429845,68.45216369628906,69700
2019-03-01 00:00:00-05:00,68.66929343667312,69.11958191428212,68.33157707846635,68.75774383544922,76700
2019-03-04 00:00:00-05:00,68.63711833466044,69.14369279253499,68.2350733613481,68.50846099853516,182700
2019-03-05 00:00:00-05:00,68.51649258924125,68.51649258924125,67.61590978545502,68.00991821289062,52700
2019-03-06 00:00:00-05:00,67.94559328538882,68.07425060787234,65.84691825644724,65.98361206054688,72900
2019-03-07 00:00:00-05:00,66.22485028901994,66.22485028901994,64.56038429980016,64.86593627929688,81100
2019-03-08 00:00:00-05:00,64.42368204523314,65.25993623909041,64.36739600020039,64.76139831542969,61100
2019-03-11 00:00:00-04:00,65.13932327288019,65.96753487251037,64.74531481240608,65.83084106445312,90800
2019-03-12 00:00:00-04:00,66.03185897141704,66.03185897141704,65.13127615436419,65.25993347167969,35100
2019-03-13 00:00:00-04:00,65.57354741133578,65.91126376710992,65.23582492084128,65.53334045410156,60300
2019-03-14 00:00:00-04:00,65.87103537642403,65.87103537642403,63.64370931506711,65.45291137695312,65300
2019-03-15 00:00:00-04:00,62.17223300623627,65.75847335002659,62.17223300623627,64.69707489013672,231400
2019-03-18 00:00:00-04:00,65.00263086185066,65.5976618624315,64.73728583155886,65.0508804321289,121300
2019-03-19 00:00:00-04:00,65.44488033440793,65.44488033440793,63.67588490384543,63.836700439453125,116800
2019-03-20 00:00:00-04:00,63.62763887853131,64.06989082815873,62.33305350022537,62.41346740722656,71700
2019-03-21 00:00:00-04:00,62.42149613280345,63.659795303152464,62.02749380328481,62.83962631225586,107900
2019-03-22 00:00:00-04:00,62.26549097767715,63.179255052839444,59.83956275776765,60.163021087646484,117400
2019-03-25 00:00:00-04:00,60.268142065165016,61.36789667855362,59.92851359706236,60.29240036010742,163200
2019-03-26 00:00:00-04:00,60.59967978854706,62.90431001677027,60.59967978854706,62.78301239013672,350600
2019-03-27 00:00:00-04:00,62.580858853418285,64.65098221745697,62.435302918793425,64.14962768554688,230500
2019-03-28 00:00:00-04:00,64.1496499460919,65.51625240542556,64.1496499460919,65.24940490722656,234800
2019-03-29 00:00:00-04:00,65.50006766719943,65.53241411996228,64.14154749843487,65.5081558227539,1551400
2019-04-01 00:00:00-04:00,66.15503248210624,67.65102585116257,65.96904818580803,67.63484954833984,154500
2019-04-02 00:00:00-04:00,67.12541704322756,67.6348596077798,66.7291777680119,67.3114013671875,147600
2019-04-03 00:00:00-04:00,67.92597977797132,68.7265342407647,67.61060965112988,68.66992950439453,226100
2019-04-04 00:00:00-04:00,68.427344475418,69.29259187945789,68.2413539480656,69.0904312133789,215400
2019-04-05 00:00:00-04:00,69.3815385310674,69.51091814078521,68.82357315493473,69.2036361694336,148200
2019-04-08 00:00:00-04:00,69.1955507088215,69.5351791381836,68.69419004920097,69.5351791381836,214600
2019-04-09 00:00:00-04:00,68.71846005273159,69.27641932612282,68.34647897786509,68.49203491210938,148500
2019-04-10 00:00:00-04:00,68.28179860612651,69.5837139809875,67.96642841414949,69.51093292236328,186100
2019-04-11 00:00:00-04:00,69.78588213882763,70.02847129811973,69.24408672721874,69.6888427734375,122000
2019-04-12 00:00:00-04:00,70.16592683787191,70.86944823267538,69.6322258451745,70.63494110107422,149500
2019-04-15 00:00:00-04:00,70.4165968463134,70.4165968463134,69.05807707479615,69.17937469482422,93700
2019-04-16 00:00:00-04:00,69.65647204534407,69.99610045167711,68.96103892602214,69.91523742675781,197200
2019-04-17 00:00:00-04:00,69.94760389272881,69.94760389272881,68.79933256960989,68.88019561767578,171300
2019-04-18 00:00:00-04:00,68.73462522363188,68.9206157476202,67.90172428156401,68.21709442138672,160700
2019-04-22 00:00:00-04:00,68.68610728142923,68.68610728142923,63.76147043402826,64.66715240478516,282500
2019-04-23 00:00:00-04:00,64.42457207172176,65.58093155258956,63.92321747112718,64.70759582519531,414300
2019-04-24 00:00:00-04:00,64.39223122416799,65.03105984873834,63.91513487955855,64.7237777709961,141900
2019-04-25 00:00:00-04:00,64.41648728519317,64.88549541222264,63.92321469224497,64.553955078125,117900
2019-04-26 00:00:00-04:00,64.54588025161868,65.2008790692206,64.35180767037666,65.13619232177734,87600
2019-04-29 00:00:00-04:00,65.38684549155465,65.82351326501946,64.6509777151268,65.09573364257812,113200
2019-04-30 00:00:00-04:00,65.28171691191774,65.52430597946679,64.31943028644962,64.87739562988281,183700
2019-05-01 00:00:00-04:00,64.86931579063213,65.32215371032324,63.97172193592016,64.07684326171875,278600
2019-05-02 00:00:00-04:00,64.27900549192421,65.19277567710762,64.2062306113985,64.82080078125,138800
2019-05-03 00:00:00-04:00,65.24127874046361,66.26825202599089,65.184674010859,66.17121887207031,102000
2019-05-06 00:00:00-04:00,65.39493313926084,66.38147198709493,65.06338669237232,66.32486724853516,186700
2019-05-07 00:00:00-04:00,63.37333431324799,65.78308624478815,63.37333431324799,64.44074249267578,133200
2019-05-08 00:00:00-04:00,64.42456232511125,65.17660028168451,63.866603058234055,64.06876373291016,91200
2019-05-09 00:00:00-04:00,63.64826756770425,64.69950556846084,63.44610688828601,64.58629608154297,79000
2019-05-10 00:00:00-04:00,64.23047904068675,64.80461452021483,63.62399711829683,64.65097045898438,121400
2019-05-13 00:00:00-04:00,63.63210221649297,63.95555439233982,62.443396344945924,62.77493667602539,169000
2019-05-14 00:00:00-04:00,62.79109798086325,64.09301303671991,62.499986156606276,63.745296478271484,99300
2019-05-15 00:00:00-04:00,63.21158908473178,63.46227248010424,62.22504414866455,62.86387252807617,57800
2019-05-16 00:00:00-04:00,63.21159883201364,63.88277375849981,63.21159883201364,63.44610595703125,42500
2019-05-17 00:00:00-04:00,62.95283264932748,63.559314671323804,62.33826247292404,62.35443878173828,82100
2019-05-20 00:00:00-04:00,62.11185309201323,62.85580917594219,61.81265919676566,62.33827209472656,64200
2019-05-21 00:00:00-04:00,62.49999074260167,62.855795480457324,61.80455757467676,62.5323371887207,91100
2019-05-22 00:00:00-04:00,62.21698044433176,62.52426249443061,61.50537081543219,61.77222442626953,66600
2019-05-23 00:00:00-04:00,61.125305341742354,61.125305341742354,59.17647943211283,59.459503173828125,118100
2019-05-24 00:00:00-04:00,59.79911772033651,60.81800912238832,59.75868929206393,60.70479965209961,62800
2019-05-28 00:00:00-04:00,60.3813332244753,60.3813332244753,59.338183672441026,59.451393127441406,98300
2019-05-29 00:00:00-04:00,58.933882034424116,59.200735625470436,58.47295590873257,58.96622848510742,116600
2019-05-30 00:00:00-04:00,59.08750730167416,59.21689306317228,57.365100995535975,57.73707580566406,82500
2019-05-31 00:00:00-04:00,57.0416475938609,57.0416475938609,55.85294202956262,56.07936096191406,90900
2019-06-03 00:00:00-04:00,56.20066568967189,57.130605996125595,56.08745620917707,56.7020263671875,117900
2019-06-04 00:00:00-04:00,57.348928400346956,58.513375651343836,56.41898823014545,58.37590789794922,78300
2019-06-05 00:00:00-04:00,58.22226997119968,58.513381814611975,57.19529653487843,57.769432067871094,71800
2019-06-06 00:00:00-04:00,57.688565379067974,58.32739383161048,56.224924113930555,56.985050201416016,56100
2019-06-07 00:00:00-04:00,57.001214375618034,57.001214375618034,56.289611118245624,56.4028205871582,108100
2019-06-10 00:00:00-04:00,56.79905517091514,57.68856080758535,54.95535100813781,57.0982551574707,96300
2019-06-11 00:00:00-04:00,57.623876074184196,58.03627937729169,57.06591068009865,57.397457122802734,80300
2019-06-12 00:00:00-04:00,57.2680651960247,58.11714234207396,56.92034865243204,57.77750778198242,74900
2019-06-13 00:00:00-04:00,58.03630051201309,58.570007808443755,57.656243516336176,57.842227935791016,81500
2019-06-14 00:00:00-04:00,57.874552904086386,58.36782540298049,57.559182771279154,58.07671356201172,76800
2019-06-17 00:00:00-04:00,58.214188060014784,58.529558229288135,56.99314198696335,57.99585723876953,116600
2019-06-18 00:00:00-04:00,58.00394835008625,59.62123388293237,58.00394835008625,59.402896881103516,80100
2019-06-19 00:00:00-04:00,59.4514020482486,60.76140529911788,59.4514020482486,60.324737548828125,121700
2019-06-20 00:00:00-04:00,60.59159054532533,61.06868672019671,59.49183611067705,60.720970153808594,188500
2019-06-21 00:00:00-04:00,60.47029889593308,61.43258566369709,60.357089413778965,60.75332260131836,368400
2019-06-24 00:00:00-04:00,60.51881766432992,60.75332479137534,59.82339060722314,59.9527702331543,191000
2019-06-25 00:00:00-04:00,59.871903023563476,60.324740936947755,59.10368879826788,59.93659591674805,86300
2019-06-26 00:00:00-04:00,60.26005872936589,60.8827171401359,59.653576629487404,59.76679229736328,95300
2019-06-27 00:00:00-04:00,60.0012721300128,60.6805350505561,59.85571623057158,60.567325592041016,114400
2019-06-28 00:00:00-04:00,60.92524400169842,62.08843646819303,60.69748707778239,61.942020416259766,320700
2019-07-01 00:00:00-04:00,62.43008471146705,62.80425776437683,61.2262184580909,61.34010314941406,159700
2019-07-02 00:00:00-04:00,61.087928735135094,61.41329844489955,59.5831008091244,60.14436340332031,80900
2019-07-03 00:00:00-04:00,60.50225948597784,60.998446855928286,60.36397938770588,60.74628829956055,55600
2019-07-05 00:00:00-04:00,60.85204336086306,61.65733488824651,60.85204336086306,61.55158615112305,60300
2019-07-08 00:00:00-04:00,60.990323787410915,61.836276367007706,59.18452774583725,60.33958435058594,57200
2019-07-09 00:00:00-04:00,60.03048197509541,60.738154387576444,59.696976332409754,60.71375274658203,67500
2019-07-10 00:00:00-04:00,60.819504989734625,60.819504989734625,59.843401958331725,60.11996841430664,60800
2019-07-11 00:00:00-04:00,60.12808339806698,60.99031394358286,59.46921432390868,60.453453063964844,106400
2019-07-12 00:00:00-04:00,60.25012059072233,61.83628977888478,59.64005456359639,59.67259216308594,148400
2019-07-15 00:00:00-04:00,59.95725881349116,61.445820674521244,58.493104794467854,58.78593063354492,81000
2019-07-16 00:00:00-04:00,58.558197578733235,59.298413939678426,58.558197578733235,59.111324310302734,70900
2019-07-17 00:00:00-04:00,58.70459947853865,59.5586941185356,58.59072102066046,59.135711669921875,63700
2019-07-18 00:00:00-04:00,59.200796950988504,60.03861983661166,59.00557759072475,59.640045166015625,94300
2019-07-19 00:00:00-04:00,60.315181194870156,60.84390619828969,59.91660655791558,60.24197006225586,226900
2019-07-22 00:00:00-04:00,60.420930362575305,60.59988403320312,59.55870581054497,60.599884033203125,80500
2019-07-23 00:00:00-04:00,60.599857246836045,60.998431751476154,59.241445828841904,60.136207580566406,115800
2019-07-24 00:00:00-04:00,59.77018729096991,61.925748318143604,59.60749934161954,61.72239303588867,103500
2019-07-25 00:00:00-04:00,61.88508419730662,62.52768766729501,61.44583602012806,61.93388748168945,118000
2019-07-26 00:00:00-04:00,62.28365137468018,63.47938134615119,61.88507678615994,63.2597541809082,144100
2019-07-29 00:00:00-04:00,63.16215531186954,63.308571371216395,62.625294358960716,62.796112060546875,161700
2019-07-30 00:00:00-04:00,62.3568532212906,63.77220394152627,62.259240472825965,63.51190948486328,117200
2019-07-31 00:00:00-04:00,63.65020733094921,64.19519803209586,63.20282319961324,63.25163269042969,162700
2019-08-01 00:00:00-04:00,63.30859367410125,63.739706054634276,60.36400575696402,60.429080963134766,141600
2019-08-02 00:00:00-04:00,60.201305034923266,60.420926029363,59.35534623820528,60.347721099853516,93900
2019-08-05 00:00:00-04:00,59.306536096363985,59.306536096363985,57.39499152354078,58.36296463012695,149500
2019-08-06 00:00:00-04:00,59.03810507126108,59.03810507126108,57.21603733456617,58.11080551147461,118200
2019-08-07 00:00:00-04:00,57.289242310283925,57.76102798820133,56.79305499487249,57.62274169921875,119700
2019-08-08 00:00:00-04:00,58.09454553668085,59.26587414981405,57.63903161197872,58.74528503417969,73200
2019-08-09 00:00:00-04:00,58.46870584939363,58.794075527323194,57.695958294482544,58.02132797241211,78900
2019-08-12 00:00:00-04:00,57.46007369258815,57.78544341728718,57.01268954538807,57.7285041809082,63500
2019-08-13 00:00:00-04:00,57.49259916948296,59.290258917359424,57.39498641087106,58.102664947509766,56000
2019-08-14 00:00:00-04:00,57.03709504847897,57.03709504847897,55.499729523572455,55.91456985473633,95000
2019-08-15 00:00:00-04:00,56.126066851023054,56.370095711000886,55.01981344270387,55.10115432739258,64800
2019-08-16 00:00:00-04:00,55.51599461099376,56.27247654403934,55.42651778621012,56.126060485839844,111100
2019-08-19 00:00:00-04:00,57.09401746225991,57.82609133965722,56.980139027735476,57.32991027832031,64800
2019-08-20 00:00:00-04:00,56.92322305210866,56.99642798737412,56.028454692785665,56.33755874633789,82200
2019-08-21 00:00:00-04:00,56.9394775860144,56.9394775860144,56.077253197031844,56.75238800048828,67200
2019-08-22 00:00:00-04:00,56.93134290798326,57.10216059984469,56.06911849975586,56.06911849975586,69600
2019-08-23 00:00:00-04:00,55.80882177732345,56.703583739886234,53.913549138154444,54.108768463134766,146800
2019-08-26 00:00:00-04:00,54.596831913122635,54.93846731978826,53.90541894441363,54.360939025878906,68600
2019-08-27 00:00:00-04:00,54.718834580420065,54.9872650324168,52.83169787962173,52.93744659423828,114700
2019-08-28 00:00:00-04:00,52.6120766284349,54.55615254737138,52.6120766284349,54.108768463134766,70800
2019-08-29 00:00:00-04:00,54.68631553925757,55.46719922555082,54.653777943256365,55.117427825927734,69300
2019-08-30 00:00:00-04:00,55.491579129974,55.54038240189918,54.72696143829571,54.995391845703125,54800
2019-09-03 00:00:00-04:00,54.28773269643764,54.73511686802542,53.6614010621264,54.00303649902344,93900
2019-09-04 00:00:00-04:00,54.726967003632346,54.824579763318674,53.92168190542789,54.10063552856445,85300
2019-09-05 00:00:00-04:00,54.93032897560048,56.776798451630235,54.93032897560048,55.947105407714844,114000
2019-09-06 00:00:00-04:00,55.77629558671362,56.28874874672305,55.63801546184132,55.88203811645508,82600
2019-09-09 00:00:00-04:00,56.09352046075416,59.10318236962854,55.93896845994048,58.6395263671875,87600
2019-09-10 00:00:00-04:00,58.67205736035726,59.8108480571372,58.338557961148226,59.79458236694336,111400
2019-09-11 00:00:00-04:00,60.10368157585694,61.18553307415613,59.05436766463932,60.90083694458008,120800
2019-09-12 00:00:00-04:00,60.65681257989714,61.40515851976494,59.01370465054302,61.071659088134766,125700
2019-09-13 00:00:00-04:00,61.68172695847894,62.2511192780181,60.82763227325936,61.88508224487305,114400
2019-09-16 00:00:00-04:00,61.307559883867704,61.74680808951458,60.88457737209897,61.006591796875,134400
2019-09-17 00:00:00-04:00,60.957786201272505,61.04726302899296,59.745784155208625,60.721893310546875,95300
2019-09-18 00:00:00-04:00,60.55920095621501,61.39702993736992,60.29890644151866,61.112327575683594,132500
2019-09-19 00:00:00-04:00,61.348215402394686,61.885076285615014,60.19315897632157,60.2256965637207,138900
2019-09-20 00:00:00-04:00,60.27448764459741,60.74627325754798,59.78643634419395,60.136207580566406,371600
2019-09-23 00:00:00-04:00,59.9816810988322,60.78697260272896,59.58310642490787,60.274513244628906,112000
2019-09-24 00:00:00-04:00,60.46158990369768,61.03098217298155,59.54242011854047,59.91659927368164,134800
2019-09-25 00:00:00-04:00,60.16877094288153,61.25875244062787,59.86780284581598,60.974056243896484,184300
2019-09-26 00:00:00-04:00,60.92524397838486,61.09606167125652,60.298906231944734,60.71375274658203,107000
2019-09-27 00:00:00-04:00,61.37652926298047,61.85110638705389,60.95922276855214,61.40925979614258,110500
2019-09-30 00:00:00-04:00,61.46653855854081,61.777469269075404,60.8692172347092,61.08196258544922,135900
2019-10-01 00:00:00-04:00,61.36834311466244,62.014757077928834,59.05270946955194,59.576385498046875,158200
2019-10-02 00:00:00-04:00,59.19181373485428,59.19181373485428,57.84171508502626,58.45539855957031,125300
2019-10-03 00:00:00-04:00,58.4881258116118,58.50448795655516,57.34258214154269,58.177188873291016,99400
2019-10-04 00:00:00-04:00,58.40629665044323,59.11817169189453,57.80898159501065,59.11817169189453,69800
2019-10-07 00:00:00-04:00,58.8727100583316,59.519124190622875,58.62724036731375,59.3063850402832,77500
2019-10-08 00:00:00-04:00,58.49629724995559,59.15907953651908,57.579867410101,57.596229553222656,73900
2019-10-09 00:00:00-04:00,58.21810628298574,58.36539056510739,57.58805442618881,58.07900619506836,79900
2019-10-10 00:00:00-04:00,58.3572107222976,59.019986919909286,58.32448018575102,58.40630340576172,61300
2019-10-11 00:00:00-04:00,59.56822740762449,60.44374914492528,59.019998615222384,59.63368225097656,67200
2019-10-14 00:00:00-04:00,59.224543501392986,59.87914169617035,58.25901459758745,59.48638153076172,68000
2019-10-15 00:00:00-04:00,59.68276686127646,60.648295799483115,58.70086953412611,60.100067138671875,66400
2019-10-16 00:00:00-04:00,60.23099552506388,61.041056065861376,59.674588854795154,60.80376434326172,109700
2019-10-17 00:00:00-04:00,61.27834812035855,62.35843092817582,60.57465714406875,62.080230712890625,143100
2019-10-18 00:00:00-04:00,62.30114862745824,65.76232632574433,51.00119174093695,65.50048828125,270200
2019-10-21 00:00:00-04:00,65.70505233962187,66.78513510102361,65.53321545790443,66.65421295166016,133500
2019-10-22 00:00:00-04:00,66.3105432476207,68.07794834046274,65.78686720213337,67.9306640625,133200
2019-10-23 00:00:00-04:00,67.50519545162788,67.75067138671875,66.9569729383323,67.75067138671875,105300
2019-10-24 00:00:00-04:00,67.90612010045591,67.90612010045591,66.41691512346095,67.01423645019531,70600
2019-10-25 00:00:00-04:00,66.81785948694078,67.39881242515578,66.41691512346095,67.01423645019531,119600
2019-10-28 00:00:00-04:00,66.98969030726754,68.22523520753734,66.8096754892915,67.90612030029297,104400
2019-10-29 00:00:00-04:00,67.90611709685302,69.1662145205296,67.50517899381848,69.05984497070312,131500
2019-10-30 00:00:00-04:00,68.773452316941,69.06802083462252,67.7342783121451,68.63434600830078,83100
2019-10-31 00:00:00-04:00,68.18431997155368,68.18431997155368,66.47418561278927,67.16151428222656,124300
2019-11-01 00:00:00-04:00,67.75883932587728,68.10250683275662,67.32517064832567,68.06159210205078,110200
2019-11-04 00:00:00-05:00,68.73253537557343,68.92073435017984,68.28249842067322,68.87163543701172,95800
2019-11-05 00:00:00-05:00,69.23986628178137,70.06628890443342,68.74891448519386,70.0499267578125,98800
2019-11-06 00:00:00-05:00,69.8944778095688,70.0090315960695,68.66711046044998,69.07623291015625,118400
2019-11-07 00:00:00-05:00,70.03356152312533,70.64724505379152,61.79383756775559,69.74717712402344,87800
2019-11-08 00:00:00-05:00,69.90263710599727,70.15629093679108,69.24803892256114,69.81262969970703,84900
2019-11-11 00:00:00-05:00,69.7635554652755,70.09903259701592,69.22351088475483,69.50989532470703,67700
2019-11-12 00:00:00-05:00,69.41988798283435,70.40178551883442,68.66710424179979,69.9681167602539,91100
2019-11-13 00:00:00-05:00,69.41168794323434,69.88627128915778,68.78982032591091,69.61624908447266,80500
2019-11-14 00:00:00-05:00,69.57533554595624,69.97627364166355,69.01892898258842,69.76353454589844,97200
2019-11-15 00:00:00-05:00,70.28722422859055,70.36904745383168,69.05167292649998,69.7226333618164,158400
2019-11-18 00:00:00-05:00,69.3953474771131,69.3953474771131,68.47891719097615,69.10896301269531,67700
2019-11-19 00:00:00-05:00,69.14167587785577,69.87809734284862,68.65073031543106,69.59171295166016,79400
2019-11-20 00:00:00-05:00,69.31351399446086,69.7635511168435,68.57709244997666,69.13349914550781,131300
2019-11-21 00:00:00-05:00,68.8061847667444,68.93710689800737,67.406987263103,67.9224853515625,184500
2019-11-22 00:00:00-05:00,67.84067512424441,68.42980609954344,67.54610651523889,67.98795318603516,103700
2019-11-25 00:00:00-05:00,68.30707240310116,69.36260260497039,67.6197435877571,68.9698486328125,153600
2019-11-26 00:00:00-05:00,68.94527678437682,69.70624434697231,66.40053613111172,69.2398452758789,130700
2019-11-27 00:00:00-05:00,69.48534245419518,69.85355633616953,68.76528932382594,69.29714965820312,86100
2019-11-29 00:00:00-05:00,69.00256261269303,69.40350068385042,68.4625182271783,68.89618682861328,37600
2019-12-02 00:00:00-05:00,69.16621440243142,69.20712912913912,67.619732622085,68.52798461914062,147900
2019-12-03 00:00:00-05:00,67.88975751060227,67.88975751060227,66.98968967196905,67.6524658203125,106200
2019-12-04 00:00:00-05:00,68.01252599023903,68.78167203776205,67.73431944671582,68.18435668945312,115100
2019-12-05 00:00:00-05:00,68.20886798586332,68.50343653104697,67.66882357212306,67.8815689086914,157200
2019-12-06 00:00:00-05:00,68.69165033737633,69.32170234648817,68.69165033737633,68.86348724365234,142100
2019-12-09 00:00:00-05:00,68.5934492487052,68.66708826935213,67.18606747770414,68.1925048828125,106800
2019-12-10 00:00:00-05:00,68.29067394945679,68.49523504069386,68.02883600238171,68.40522766113281,92000
2019-12-11 00:00:00-05:00,68.65070346770092,68.78161931988393,68.00428967026672,68.40522766113281,66500
2019-12-12 00:00:00-05:00,68.69163328987351,70.07446869409206,68.14341089321931,69.67353057861328,121300
2019-12-13 00:00:00-05:00,69.58352599351286,70.08265573092456,68.67527392987594,69.15803527832031,115200
2019-12-16 00:00:00-05:00,69.40351271883627,70.36085748530137,69.40351271883627,70.0499267578125,110000
2019-12-17 00:00:00-05:00,70.34449529808121,70.73724924387085,69.89445823237287,70.65542602539062,124400
2019-12-18 00:00:00-05:00,70.8354333030518,71.27728612701237,70.30357307554125,70.58177947998047,105200
2019-12-19 00:00:00-05:00,70.57360508671233,70.76998206595088,70.2135754225153,70.41813659667969,131400
2019-12-20 00:00:00-05:00,70.74544350757432,70.92545835947877,70.23812949245381,70.3445053100586,596100
2019-12-23 00:00:00-05:00,70.68815215853779,70.68815215853779,69.37896201626245,69.67353057861328,161900
2019-12-24 00:00:00-05:00,69.68991658471566,69.68991658471566,68.92894857855347,69.07623291015625,106300
2019-12-26 00:00:00-05:00,69.07621970206064,69.75536433696466,68.87165851632174,69.68990325927734,77100
2019-12-27 00:00:00-05:00,69.72280603272597,69.90375569705867,68.78516347675703,68.90853881835938,98600
2019-12-30 00:00:00-05:00,69.28688086854017,69.58297915954877,68.50551421318033,68.82628631591797,100900
2019-12-31 00:00:00-05:00,68.81806403967795,69.12238904584952,68.45617098586183,68.47261810302734,156600
2020-01-02 00:00:00-05:00,68.92496085381313,69.00720895241977,67.90506435068224,68.62063598632812,167500
2020-01-03 00:00:00-05:00,67.90509350213628,68.54663773185983,67.1566273258356,68.35746765136719,169200
2020-01-06 00:00:00-05:00,67.74059481500879,68.15184174502942,67.15662492739511,67.75704193115234,94100
2020-01-07 00:00:00-05:00,67.37045756934495,67.37045756934495,66.49861003732384,66.79470825195312,77700
2020-01-08 00:00:00-05:00,66.77825948975742,67.82282363351409,66.77825948975742,67.55139923095703,195900
2020-01-09 00:00:00-05:00,68.07778784740367,68.07778784740367,66.96742281849276,67.04145050048828,165000
2020-01-10 00:00:00-05:00,67.19774595406244,67.35402179574157,66.00513236530219,66.7864990234375,177500
2020-01-13 00:00:00-05:00,66.7453722561147,67.22242015993548,66.49039491434587,67.0003433227539,112400
2020-01-14 00:00:00-05:00,66.78648085366892,67.35400347157416,66.4163612268524,66.94275665283203,163400
2020-01-15 00:00:00-05:00,66.64666117683598,66.86051128839532,65.68434508751203,66.01334381103516,139700
2020-01-16 00:00:00-05:00,66.18607404786346,67.14016354894252,65.88174909680467,67.0085678100586,128300
2020-01-17 00:00:00-05:00,67.65010554392482,67.65010554392482,64.3107831932021,65.84062194824219,334200
2020-01-21 00:00:00-05:00,65.52808051087759,65.79950497493033,64.56576425665038,64.83718872070312,181000
2020-01-22 00:00:00-05:00,64.79605913878623,64.95233496540008,63.47184364782031,63.669246673583984,105000
2020-01-23 00:00:00-05:00,63.43072544246801,64.06404292066445,62.970124637740774,63.84197235107422,133600
2020-01-24 00:00:00-05:00,63.76793394751146,63.76793394751146,61.97489747576156,62.493072509765625,108000
2020-01-27 00:00:00-05:00,61.27579719186243,61.79396610369961,61.053726593969536,61.26757049560547,107400
2020-01-28 00:00:00-05:00,62.32858025392029,62.32858025392029,60.80696795224012,60.95501708984375,123100
2020-01-29 00:00:00-05:00,60.955003757997126,60.97967756301287,59.49096609253102,59.639015197753906,156500
2020-01-30 00:00:00-05:00,59.2195709260794,60.43686486728446,58.52045224656171,60.354610443115234,109600
2020-01-31 00:00:00-05:00,59.95157117869038,60.01737218718348,59.17020459700581,59.38404846191406,139800
2020-02-03 00:00:00-05:00,59.466301429932365,60.37927000664628,59.466301429932365,60.116065979003906,174700
2020-02-04 00:00:00-05:00,61.19353919285853,61.87621054416385,60.823413222511604,61.374488830566406,102500
2020-02-05 00:00:00-05:00,62.20518815651441,63.03590844217274,62.07359244474975,62.88785934448242,120600
2020-02-06 00:00:00-05:00,63.06880242283118,63.274425799760714,61.374467804972625,61.48961639404297,103000
2020-02-07 00:00:00-05:00,61.01259153868365,62.048935504165335,60.65069225150247,61.259342193603516,103500
2020-02-10 00:00:00-05:00,60.938550240919156,61.8350715637207,60.897429324357,61.8350715637207,159800
2020-02-11 00:00:00-05:00,62.172315590998984,62.7891860626526,62.05716693830079,62.25457000732422,152700
2020-02-12 00:00:00-05:00,62.81386008476473,62.81386008476473,62.04071382693678,62.60000991821289,101100
2020-02-13 00:00:00-05:00,62.18053301588594,63.628123930552036,62.040710569191546,63.55409622192383,97300
2020-02-14 00:00:00-05:00,63.34847273484848,63.702145336713706,62.87965149750434,63.21687698364258,104100
2020-02-18 00:00:00-05:00,62.9372144078793,63.37314133475775,62.13117410562165,62.58354187011719,120100
2020-02-19 00:00:00-05:00,62.64932843546747,63.53762292215733,62.5670803404319,63.167503356933594,145300
2020-02-20 00:00:00-05:00,62.92900533756598,63.981796446773224,62.92900533756598,63.75149917602539,105300
2020-02-21 00:00:00-05:00,63.57876412516114,63.57876412516114,62.427271715398604,62.69869613647461,111000
2020-02-24 00:00:00-05:00,60.576668357112304,60.92211423985074,59.56499824323023,59.68837356567383,66800
2020-02-25 00:00:00-05:00,59.65547214092762,59.918669896352654,58.23256143273677,58.660255432128906,178200
2020-02-26 00:00:00-05:00,59.046813125511015,59.60610899447541,57.747271801280824,57.895320892333984,119600
2020-02-27 00:00:00-05:00,56.538210095184525,59.26066826437903,56.2750123858651,58.257225036621094,267000
2020-02-28 00:00:00-05:00,55.97071104333744,57.68972024045294,54.556020565734656,55.54301071166992,226400
2020-03-02 00:00:00-05:00,55.49365346764071,58.80007553100585,55.1646547176475,58.80007553100586,203900
2020-03-03 00:00:00-05:00,58.53687098778104,59.45806612575198,56.84253609351427,57.220882415771484,164700
2020-03-04 00:00:00-05:00,56.34903900618771,57.311355024335995,54.90967518797117,57.13040542602539,228400
2020-03-05 00:00:00-05:00,56.0118193625182,56.79319213767875,55.30447428295887,55.715721130371094,267000
2020-03-06 00:00:00-05:00,53.7581952995965,55.15643225031415,51.71018435594083,53.157772064208984,212800
2020-03-09 00:00:00-04:00,49.29203908421863,51.36472322277699,47.92669990614811,48.02539825439453,228300
2020-03-10 00:00:00-04:00,49.785541633110405,51.159107715395734,47.40031183470274,50.80543518066406,195600
2020-03-11 00:00:00-04:00,49.14401049157412,50.75609778146198,48.46133904900714,48.823238372802734,171700
2020-03-12 00:00:00-04:00,45.714204861813826,47.91026170338874,42.91772481208371,43.073997497558594,345000
2020-03-13 00:00:00-04:00,46.04320075111861,47.61416372232496,44.044540644091065,47.597713470458984,306100
2020-03-16 00:00:00-04:00,43.18914700981719,48.584707336458536,42.753226310412224,45.60728073120117,356600
2020-03-17 00:00:00-04:00,46.240603005108056,50.369522308073655,45.25360980553345,49.6046028137207,549000
2020-03-18 00:00:00-04:00,46.65184686723791,51.973379337625786,46.36397216995781,50.172119140625,400300
2020-03-19 00:00:00-04:00,49.49767862743972,54.49844258825191,48.601160232905656,52.82878112792969,371900
2020-03-20 00:00:00-04:00,52.24480415295689,55.10708206898759,47.490791211324634,49.612823486328125,528600
2020-03-23 00:00:00-04:00,49.76088560177918,49.76088560177918,41.49482176155872,43.35365676879883,323000
2020-03-24 00:00:00-04:00,45.533248588320546,47.67995749902428,45.03152696397195,46.75876235961914,455400
2020-03-25 00:00:00-04:00,47.05486987262905,49.341404786094365,45.18780855712086,47.63883972167969,399700
2020-03-26 00:00:00-04:00,48.041870103258056,53.692402497665384,48.041870103258056,53.33872985839844,275400
2020-03-27 00:00:00-04:00,50.60509529125209,53.935141219028864,48.741263827495025,52.0216064453125,301400
2020-03-30 00:00:00-04:00,52.52691172148754,54.41559639689651,51.54943542420875,53.58722686767578,281600
2020-03-31 00:00:00-04:00,52.676024542949634,53.844025586975626,52.07959740217744,53.3221549987793,243300
2020-04-01 00:00:00-04:00,50.89502815928245,53.3718547058852,50.89502815928245,53.015655517578125,490400
2020-04-02 00:00:00-04:00,52.344680933137305,56.27115475611675,52.005049477814715,55.989505767822266,359700
2020-04-03 00:00:00-04:00,55.260537942527,56.478242324884484,51.756534743476884,52.361244201660156,326600
2020-04-06 00:00:00-04:00,54.63097627934115,56.28771559116297,54.57299065622574,55.99778747558594,291400
2020-04-07 00:00:00-04:00,56.78474326591126,58.441482601809945,53.42155811646478,53.83574295043945,234200
2020-04-08 00:00:00-04:00,55.1528517613435,56.16346372625206,53.438126871362854,55.73270797729492,184800
2020-04-09 00:00:00-04:00,56.9504144322843,59.78343716798014,56.56107967879016,59.336116790771484,179000
2020-04-13 00:00:00-04:00,59.15386254503996,59.186991759846045,56.544497642047006,57.28174591064453,139400
2020-04-14 00:00:00-04:00,58.49947732972397,59.28642610876081,57.364608432834636,59.203590393066406,382100
2020-04-15 00:00:00-04:00,57.579984136955325,58.1432758299754,54.74695473737685,55.003753662109375,231700
2020-04-16 00:00:00-04:00,55.020304617496286,56.03091649113809,52.28668570352485,53.935142517089844,279100
2020-04-17 00:00:00-04:00,54.7055211842047,57.53025782290264,54.7055211842047,57.02495193481445,201500
2020-04-20 00:00:00-04:00,55.625021324856824,57.52198851570727,55.625021324856824,56.48652648925781,161600
2020-04-21 00:00:00-04:00,54.87949579269271,55.45935208817882,54.341054192621534,55.028602600097656,195100
2020-04-22 00:00:00-04:00,56.552804368845855,56.91728910905697,55.21084931617786,55.608463287353516,109600
2020-04-23 00:00:00-04:00,55.68300220951868,56.701893217708104,54.00969217791998,56.08890151977539,150600
2020-04-24 00:00:00-04:00,56.552795701751585,58.65685546330525,53.85231507483992,55.44278335571289,246200
2020-04-27 00:00:00-04:00,56.15516832232058,59.708874182489225,56.08889724652331,58.67341232299805,166700
2020-04-28 00:00:00-04:00,59.410664741273315,60.769190288623285,59.360964590991124,60.288734436035156,177600
2020-04-29 00:00:00-04:00,61.870938367230124,64.85306818961436,61.15025441283709,63.46969223022461,262000
2020-04-30 00:00:00-04:00,61.92061615708786,61.92061615708786,60.35499840801026,60.37984848022461,272300
2020-05-01 00:00:00-04:00,59.104174562235585,59.63433064428827,57.290049286444884,58.226104736328125,169600
2020-05-04 00:00:00-04:00,57.579976937570464,57.90304059994257,56.13860917626218,56.29600143432617,195900
2020-05-05 00:00:00-04:00,57.38944442848425,57.60482229239011,54.473586240044476,54.78836441040039,129900
2020-05-06 00:00:00-04:00,54.95404170767197,55.11971943616012,52.96595636550768,54.009700775146484,171800
2020-05-07 00:00:00-04:00,55.21913160103372,55.59189546751957,52.568344559495166,52.767154693603516,127800
2020-05-08 00:00:00-04:00,53.63692504731483,55.542177422538444,53.63692504731483,55.25224304199219,111300
2020-05-11 00:00:00-04:00,54.01797650134533,54.01797650134533,52.05474159246387,52.8499755859375,141700
2020-05-12 00:00:00-04:00,52.692603194552454,52.692603194552454,50.870189012553276,50.98616027832031,200200
2020-05-13 00:00:00-04:00,50.94473183287691,51.027567531215055,47.11766505803062,47.705806732177734,253100
2020-05-14 00:00:00-04:00,46.51296086667784,47.72237989492423,45.270406291361205,47.05968475341797,215200
2020-05-15 00:00:00-04:00,46.75318263538436,47.341327497613946,46.03250191347256,46.620643615722656,189900
2020-05-18 00:00:00-04:00,48.74127139912932,51.764821951793195,48.567314527217235,51.40862274169922,209000
2020-05-19 00:00:00-04:00,51.060705326824255,51.42518999953989,49.54479049250985,49.58620834350586,138600
2020-05-20 00:00:00-04:00,50.78734372374225,53.595513135430004,49.909270768480134,53.49611282348633,210800
2020-05-21 00:00:00-04:00,53.30558044094081,54.473584565491315,53.30558044094081,53.81088638305664,153000
2020-05-22 00:00:00-04:00,54.109109928675466,54.357623372985664,52.352967004763045,52.83341979980469,85500
2020-05-26 00:00:00-04:00,55.053448100700926,57.62139284127121,54.49844193263414,56.97526550292969,155400
2020-05-27 00:00:00-04:00,58.86394921587386,62.12772787601411,58.582306549749724,61.498165130615234,226800
2020-05-28 00:00:00-04:00,62.06973414892724,62.11943430235486,58.83080599144668,59.377532958984375,154400
2020-05-29 00:00:00-04:00,58.333793175075364,58.74797802804232,56.78474586975292,57.546844482421875,159300
2020-06-01 00:00:00-04:00,57.98587333252365,58.98819981316224,57.37288158402539,57.60482406616211,162100
2020-06-02 00:00:00-04:00,58.30892891093788,58.7065490538437,56.52793321243078,57.099510192871094,93900
2020-06-03 00:00:00-04:00,58.391780903975786,60.42956969554473,58.284095113512706,59.10417938232422,173300
2020-06-04 00:00:00-04:00,58.234391325325376,61.415327878968206,58.19297031313309,60.520687103271484,217600
2020-06-05 00:00:00-04:00,62.12771843529675,65.13469773238012,61.39047001546123,63.908714294433594,261500
2020-06-08 00:00:00-04:00,62.823545607111534,65.25895418281614,62.666159685251074,63.18803024291992,194900
2020-06-09 00:00:00-04:00,62.12773453890286,63.444839477546815,61.44847156074259,62.251991271972656,213700
2020-06-10 00:00:00-04:00,62.21055719831331,62.21055719831331,59.14559213228174,59.22014236450195,136700
2020-06-11 00:00:00-04:00,56.32913404765886,56.32913404765886,52.651174079786635,53.02394104003906,159400
2020-06-12 00:00:00-04:00,55.64158367262728,55.64158367262728,52.667739887240394,54.490150451660156,209600
2020-06-15 00:00:00-04:00,52.40265683035027,56.01435176754205,51.86421851382615,55.26881790161133,158200
2020-06-16 00:00:00-04:00,57.96931253242411,58.34207635751621,56.36227334344411,56.67705154418945,187500
2020-06-17 00:00:00-04:00,56.85928598414137,57.513698693685726,55.05344009399414,55.05344009399414,159900
2020-06-18 00:00:00-04:00,54.075969624624165,56.70189989269221,54.075969624624165,55.210838317871094,163300
2020-06-19 00:00:00-04:00,54.94576134397288,56.55279419497207,53.93514934244079,56.09719467163086,583000
2020-06-22 00:00:00-04:00,55.53390304716833,56.65220082986275,54.846354709082206,56.09719467163086,135300
2020-06-23 00:00:00-04:00,57.12437070625321,57.497140843343004,55.27710991297421,55.30195999145508,125700
2020-06-24 00:00:00-04:00,52.33639607129109,53.65350081471936,51.72340112430491,51.905643463134766,196400
2020-06-25 00:00:00-04:00,51.483169083820584,53.42983627319336,51.35891238663548,53.42983627319336,172000
2020-06-26 00:00:00-04:00,52.2784862638287,53.17120832709693,50.72665069734659,51.327362060546875,257800
2020-06-29 00:00:00-04:00,52.3869414664449,54.18073032528744,51.84463231860577,53.80528259277344,157600
2020-06-30 00:00:00-04:00,53.88037215775556,56.24983724406076,53.80528006863353,55.974510192871094,132300
2020-07-01 00:00:00-04:00,56.16641181684731,56.16641181684731,53.42984373853657,53.563331604003906,150500
2020-07-02 00:00:00-04:00,55.34877234115238,55.77427722041025,53.354751715939,53.51327133178711,131300
2020-07-06 00:00:00-04:00,54.89824469077158,55.48226599723208,52.612207067349665,53.171199798583984,109500
2020-07-07 00:00:00-04:00,52.56214424522295,52.97930412018504,51.61102023953776,52.036521911621094,150200
2020-07-08 00:00:00-04:00,52.069910100523394,52.637247944545194,50.543106184022214,51.58600616455078,123600
2020-07-09 00:00:00-04:00,51.385764090263436,51.385764090263436,49.733811027686436,50.701622009277344,157800
2020-07-10 00:00:00-04:00,50.793392765540425,52.47037424406381,50.793392765540425,52.36191177368164,107500
2020-07-13 00:00:00-04:00,53.20457335400385,54.07226351617835,52.028182578211734,53.171199798583984,133200
2020-07-14 00:00:00-04:00,52.979311986844486,53.38813012538889,51.76120573492662,52.45368957519531,119200
2020-07-15 00:00:00-04:00,54.00552776287708,55.94948821428067,53.84700495131785,55.290374755859375,153600
2020-07-16 00:00:00-04:00,54.931623647302885,55.749260016841816,54.164050804294874,55.023399353027344,74900
2020-07-17 00:00:00-04:00,54.83149337939155,55.206934709732174,53.6550995110434,53.972145080566406,108200
2020-07-20 00:00:00-04:00,53.58001692937199,54.19741178011654,52.89587496899163,52.90421676635742,81100
2020-07-21 00:00:00-04:00,53.61338802371957,56.441731419850925,53.61338802371957,56.19143295288086,112600
2020-07-22 00:00:00-04:00,56.032926000789416,56.032926000789416,54.59789479373634,55.240318298339844,89900
2020-07-23 00:00:00-04:00,54.91493787481362,56.70038202673639,54.91493787481362,56.38334274291992,113600
2020-07-24 00:00:00-04:00,56.73375071011307,57.8100240977211,55.51564447341506,55.699195861816406,96300
2020-07-27 00:00:00-04:00,55.540658541536125,55.540658541536125,53.68012293147576,54.68965530395508,68700
2020-07-28 00:00:00-04:00,54.28918885424852,55.257002872678356,54.14735601665774,54.164039611816406,73400
2020-07-29 00:00:00-04:00,54.29752312904528,55.76592109698013,54.05556967214208,55.624088287353516,72200
2020-07-30 00:00:00-04:00,54.53113408027467,54.798116119766,53.56332020877239,54.73136901855469,51600
2020-07-31 00:00:00-04:00,54.34759139027455,54.55617134076389,52.353567572824836,53.8303108215332,135400
2020-08-03 00:00:00-04:00,54.3225535546482,54.50610489824677,53.296340755093986,53.479888916015625,82100
2020-08-04 00:00:00-04:00,53.52995806512401,53.58001521307006,52.144984228641135,52.99599075317383,133700
2020-08-05 00:00:00-04:00,53.705166300917405,55.28203016915907,53.112796840810795,54.95664596557617,133800
2020-08-06 00:00:00-04:00,54.956651785649484,55.231972503362094,53.88871701181188,54.63126754760742,59400
2020-08-07 00:00:00-04:00,54.28919027070616,57.17593607544521,54.14735742941482,57.1675910949707,83300
2020-08-10 00:00:00-04:00,57.309427195274864,59.32013453650094,57.309427195274864,58.18545913696289,91100
2020-08-11 00:00:00-04:00,59.303447726678385,60.21285317379707,57.876761757258684,58.44409942626953,137900
2020-08-12 00:00:00-04:00,59.79569810261303,59.79569810261303,57.2343365898906,57.985225677490234,67200
2020-08-13 00:00:00-04:00,57.45126062881116,57.601438444005154,56.61694084781228,56.85889434814453,66000
2020-08-14 00:00:00-04:00,56.224821419038555,57.826714209534906,52.97931729403409,57.3594970703125,93400
2020-08-17 00:00:00-04:00,57.07582812315267,57.07582812315267,56.34996750961071,56.68369674682617,68500
2020-08-18 00:00:00-04:00,56.83386403273582,56.917294735209836,55.40717801476002,55.88274002075195,81100
2020-08-19 00:00:00-04:00,56.09965955357079,56.68368721179474,54.83984128390213,55.3237419128418,108700
2020-08-20 00:00:00-04:00,54.46439635582892,55.31540612940094,53.746880807662315,53.78025436401367,68900
2020-08-21 00:00:00-04:00,53.29634849993163,53.9721486682865,52.75403936922592,53.0877685546875,81100
2020-08-24 00:00:00-04:00,53.688471317649515,54.814801637391,52.495393894352674,54.71468734741211,103700
2020-08-25 00:00:00-04:00,55.34043901224391,55.34043901224391,54.614578427159984,54.72303771972656,68700
2020-08-26 00:00:00-04:00,55.0734566113768,55.0734566113768,53.37144330623256,53.4715576171875,54200
2020-08-27 00:00:00-04:00,53.321382639159104,55.065111290670785,53.11280267214899,54.22244644165039,101600
2020-08-28 00:00:00-04:00,54.914925761371045,54.914925761371045,53.21291270532841,53.36309051513672,65800
2020-08-31 00:00:00-04:00,53.39646547198155,53.59670043520216,52.39528110784642,52.43699645996094,123300
2020-09-01 00:00:00-04:00,52.0365332509674,52.89588494487225,51.63606006565745,52.34523391723633,90500
2020-09-02 00:00:00-04:00,52.01149176105404,53.02936284356546,51.844627179591605,52.595516204833984,70400
2020-09-03 00:00:00-04:00,52.72901394286708,54.456052555323815,51.76120306645038,52.06990051269531,146400
2020-09-04 00:00:00-04:00,53.21291785018895,53.571675632453164,51.2439225380442,52.278480529785156,197900
2020-09-08 00:00:00-04:00,51.8362933704724,52.43700150055566,49.24989991594547,49.708778381347656,159100
2020-09-09 00:00:00-04:00,50.184340713489,50.276113224386314,48.6074735089942,48.74930953979492,158600
2020-09-10 00:00:00-04:00,48.84943116887645,49.30830649293824,47.48114699559637,47.58126449584961,150300
2020-09-11 00:00:00-04:00,47.55621979663549,47.57290657146781,46.212964658063626,46.87207794189453,257200
2020-09-14 00:00:00-04:00,47.55622100830078,48.56574704130119,47.07231407386472,47.55622100830078,154100
2020-09-15 00:00:00-04:00,47.60628452099706,47.881608374484195,46.730246266057655,47.26421356201172,217600
2020-09-16 00:00:00-04:00,47.37266826342007,47.3893550381845,45.57888294238097,45.80414962768555,241600
2020-09-17 00:00:00-04:00,45.0866378597024,46.304743871580754,44.84468438013451,45.33693313598633,173100
2020-09-18 00:00:00-04:00,45.73740441402625,45.962671108616824,44.61107412375037,45.22012710571289,518800
2020-09-21 00:00:00-04:00,44.19391194636535,44.602726783939374,43.08426530759649,43.801780700683594,228400
2020-09-22 00:00:00-04:00,43.818480492455954,44.39416006406189,42.825640980726874,43.08427810668945,161600
2020-09-23 00:00:00-04:00,42.984149075334315,44.052077216962495,41.93290452607677,41.966278076171875,166300
2020-09-24 00:00:00-04:00,42.06640394946131,42.88404017678645,41.549126550332744,42.12480926513672,129300
2020-09-25 00:00:00-04:00,41.97325785807192,42.43635556360428,41.69540244669386,42.20059585571289,172700
2020-09-28 00:00:00-04:00,42.6805178281857,43.51409023758545,42.31846148199535,42.38582229614258,131800
2020-09-29 00:00:00-04:00,42.25952679018195,43.14361990254795,41.468056412914336,42.6300048828125,127700
2020-09-30 00:00:00-04:00,42.756294015629045,44.42343550073641,42.756294015629045,44.10348129272461,259100
2020-10-01 00:00:00-04:00,43.884573899077374,44.58342803257211,43.354121834794555,43.90983581542969,138500
2020-10-02 00:00:00-04:00,43.0341514967305,45.080189454492846,42.94153199224857,44.532894134521484,157000
2020-10-05 00:00:00-04:00,45.038098543128,45.9558688318517,44.12874675087743,45.72853088378906,111500
2020-10-06 00:00:00-04:00,46.49474308372783,47.83350887444544,45.720109709581074,46.61262130737305,183100
2020-10-07 00:00:00-04:00,46.89047112858864,47.74930221487595,46.20003886132754,46.59577560424805,138700
2020-10-08 00:00:00-04:00,47.09255448220476,47.513549960706904,46.57052098820547,46.91573715209961,68300
2020-10-09 00:00:00-04:00,47.521970897994784,47.63985233606048,46.28424631174222,46.34318542480469,109200
2020-10-12 00:00:00-04:00,46.30950492251323,46.637880898053254,45.94744853616377,46.30108642578125,76500
2020-10-13 00:00:00-04:00,45.27385373444462,46.065324070578065,44.541322507813646,44.802337646484375,82100
2020-10-14 00:00:00-04:00,44.709724728558896,45.290700625052416,43.37938050232625,43.429901123046875,124400
2020-10-15 00:00:00-04:00,42.78997701146944,44.23820237816659,42.78997701146944,44.095062255859375,114400
2020-10-16 00:00:00-04:00,43.92666733108018,44.99599624763192,43.57303266567003,44.57500076293945,235600
2020-10-19 00:00:00-04:00,44.86127437859704,44.86127437859704,43.17729256904681,43.21939468383789,111000
2020-10-20 00:00:00-04:00,43.69091043273596,44.482383991362106,42.77314015718097,43.733009338378906,111600
2020-10-21 00:00:00-04:00,43.85931121047926,44.389766438516496,43.606714553489404,44.06980895996094,237300
2020-10-22 00:00:00-04:00,43.71616803227913,46.94099487193933,43.71616803227913,46.747337341308594,408900
2020-10-23 00:00:00-04:00,47.36198616036733,49.70271973744994,46.957830930565024,48.93650817871094,243700
2020-10-26 00:00:00-04:00,49.357502297243755,50.01425733863597,48.8354688741393,49.677459716796875,204200
2020-10-27 00:00:00-04:00,49.59327106211654,50.11530458148197,46.74734058981201,48.978614807128906,160400
2020-10-28 00:00:00-04:00,47.92611841311797,48.30501494411603,46.688394027777946,47.02518844604492,154800
2020-10-29 00:00:00-04:00,46.688401329668224,47.968228027899414,45.49277244618694,47.580909729003906,140300
2020-10-30 00:00:00-04:00,47.496710318758836,48.4481610107875,47.37041038893586,48.23766326904297,120400
2020-11-02 00:00:00-05:00,48.84389634391737,50.38474141082775,48.24608350665366,50.29212188720703,161900
2020-11-03 00:00:00-05:00,51.378284100880215,52.523392216446005,50.847828944887766,52.09397506713867,185100
2020-11-04 00:00:00-05:00,51.092010391711334,51.61404387410082,48.95335263761751,49.096492767333984,159700
2020-11-05 00:00:00-05:00,49.10490710864102,50.05635768773607,48.64181277415874,49.81217956542969,63600
2020-11-06 00:00:00-05:00,50.38473715536044,50.654173994805646,49.079651862058896,49.248050689697266,82400
2020-11-09 00:00:00-05:00,53.69375459206838,59.116174277713405,52.60758567118615,57.22169494628906,232000
2020-11-10 00:00:00-05:00,58.147887946239294,60.353906357951985,56.92700374338019,59.93291091918945,181600
2020-11-11 00:00:00-05:00,59.932913785677435,59.932913785677435,56.07659384044015,56.96910858154297,115100
2020-11-12 00:00:00-05:00,56.03449271837603,57.331152953102766,54.48522623935819,55.72295379638672,106000
2020-11-13 00:00:00-05:00,55.697695531000214,58.13947025967726,53.89583564148026,57.76057052612305,97400
2020-11-16 00:00:00-05:00,59.87396530505051,60.59807789490494,59.0151311059767,60.143402099609375,136800
2020-11-17 00:00:00-05:00,59.24248382258995,60.00027696321911,57.903714870164926,59.629798889160156,111700
2020-11-18 00:00:00-05:00,60.05078727692485,60.5307218053638,58.19840997302585,58.206825256347656,98700
2020-11-19 00:00:00-05:00,58.122633480527824,58.602568058713224,56.514434127755386,58.425750732421875,94300
2020-11-20 00:00:00-05:00,57.59217354580088,58.712022881496495,56.969102135815426,58.45942306518555,196200
2020-11-23 00:00:00-05:00,58.804656982421875,59.44457203497599,57.18803556701592,58.804656982421875,162000
2020-11-24 00:00:00-05:00,60.09289889172844,61.751615735557195,59.45298394465801,61.4906005859375,176100
2020-11-25 00:00:00-05:00,61.20432765041564,61.852657891839755,59.4782435363688,59.86555862426758,133700
2020-11-27 00:00:00-05:00,59.705587251814684,61.541121537391426,57.99634005823948,59.7645263671875,58100
2020-11-30 00:00:00-05:00,59.02355177527225,59.21721247915184,56.78385966433841,56.95225524902344,110800
2020-12-01 00:00:00-05:00,58.063697728489544,58.67835397588672,56.9270111801143,57.583763122558594,129000
2020-12-02 00:00:00-05:00,57.4743002434222,59.368779755591184,57.4743002434222,59.35193634033203,107300
2020-12-03 00:00:00-05:00,59.6045194853764,59.87395623913806,58.37521389484639,59.259300231933594,80500
2020-12-04 00:00:00-05:00,59.655059473266974,61.019087169463845,58.98147054557131,60.850685119628906,71100
2020-12-07 00:00:00-05:00,60.40441779351506,61.05275430259672,59.570848705718596,60.79173278808594,70700
2020-12-08 00:00:00-05:00,60.13499458663535,61.74320045090466,59.68031868402332,61.4906005859375,70800
2020-12-09 00:00:00-05:00,62.23998248412541,62.61046063515982,61.34747394632343,61.96212387084961,111800
2020-12-10 00:00:00-05:00,61.28009426106415,62.197867646341656,59.36877781983636,62.155765533447266,83800
2020-12-11 00:00:00-05:00,61.23800549101522,62.94724611600531,61.23800549101522,62.78726577758789,88700
2020-12-14 00:00:00-05:00,63.149320028059435,64.15970657895598,62.41678560313678,63.241939544677734,120500
2020-12-15 00:00:00-05:00,64.05868346003682,65.11117231910467,62.40838169988431,64.68175506591797,118800
2020-12-16 00:00:00-05:00,65.21218481662318,65.21218481662318,63.85657911624742,64.12602233886719,140400
2020-12-17 00:00:00-05:00,62.467303296915816,63.69660916862006,61.978947061560866,62.73674011230469,138300
2020-12-18 00:00:00-05:00,63.090372931445316,63.662926950827504,62.07998650847921,62.677799224853516,611400
2020-12-21 00:00:00-05:00,63.267193771279395,63.267193771279395,60.67386033710216,61.52427291870117,89900
2020-12-22 00:00:00-05:00,61.709502438909816,62.26521298989521,59.882384064968164,60.278114318847656,104600
2020-12-23 00:00:00-05:00,60.99383133117248,62.49257431371094,60.99383133117248,62.475730895996094,101900
2020-12-24 00:00:00-05:00,62.92476622511729,62.92476622511729,56.62974732936266,62.670597076416016,59800
2020-12-28 00:00:00-05:00,63.017960867580214,63.52631207150446,61.93349036525609,63.060325622558594,133900
2020-12-29 00:00:00-05:00,63.12809881714252,63.517829951591985,60.83207029621769,61.16249465942383,93000
2020-12-30 00:00:00-05:00,60.6371987986197,62.306269025847016,60.21357717603218,61.85723114013672,101900
2020-12-31 00:00:00-05:00,61.84877321238557,62.42489902963447,60.13734424982674,61.88266372680664,80100
2021-01-04 00:00:00-05:00,62.14530501637173,62.43337114715928,60.4338761121203,61.50987243652344,110700
2021-01-05 00:00:00-05:00,61.51834217921434,63.6618668908171,61.26416658029258,62.77225875854492,147000
2021-01-06 00:00:00-05:00,64.42438657502903,69.31297797158204,63.88215133581201,66.77124786376953,461600
2021-01-07 00:00:00-05:00,68.0844634951067,68.70294740607888,67.33041757058015,68.30474853515625,168100
2021-01-08 00:00:00-05:00,68.12684687552527,68.83005400534562,64.4836975641239,65.29705047607422,152400
2021-01-11 00:00:00-05:00,64.50911114256046,66.68652639444844,64.50911114256046,66.3561019897461,83000
2021-01-12 00:00:00-05:00,66.82208292452977,68.3301749987486,66.44081955244802,67.59307098388672,73900
2021-01-13 00:00:00-05:00,67.1440449193871,67.1864096784197,65.77150817256017,66.46624755859375,71400
2021-01-14 00:00:00-05:00,66.92375533017845,68.2030946927066,66.87292279390391,67.7032241821289,87900
2021-01-15 00:00:00-05:00,66.98306642369808,67.81336786538836,66.1358229568101,67.45752716064453,84000
2021-01-19 00:00:00-05:00,68.20311201161508,68.20311201161508,66.43237593289435,67.17794799804688,174600
2021-01-20 00:00:00-05:00,67.1779227479492,67.9489107979025,66.94916343469959,67.77946472167969,120400
2021-01-21 00:00:00-05:00,67.73709842874608,68.20308482368176,66.31372944343285,66.66110229492188,137900
2021-01-22 00:00:00-05:00,65.27162196530098,66.53401262128901,63.84825302036471,66.15275573730469,268700
2021-01-25 00:00:00-05:00,65.67831003650294,66.69500606473086,64.00077160905651,66.45777893066406,140400
2021-01-26 00:00:00-05:00,67.05084462490724,67.6015541479523,66.14429441212393,66.601806640625,100300
2021-01-27 00:00:00-05:00,65.0513703774114,66.71196725694402,64.06009679784634,64.83108520507812,121800
2021-01-28 00:00:00-05:00,65.86470794985101,66.51708906535671,63.90757753124375,64.78871154785156,154000
2021-01-29 00:00:00-05:00,64.54299694605153,64.83953081787911,63.05184687977817,63.61103057861328,137000
2021-02-01 00:00:00-05:00,63.82285362267649,65.55969889797703,62.74685077107383,64.97510528564453,96900
2021-02-02 00:00:00-05:00,66.06803189196171,67.10166323369977,65.1614818673553,66.33914947509766,87000
2021-02-03 00:00:00-05:00,65.93247915844123,66.05109271377903,63.69575716642264,64.58536529541016,152600
2021-02-04 00:00:00-05:00,64.83953657576865,67.00847761826115,64.83953657576865,65.86470031738281,116700
2021-02-05 00:00:00-05:00,66.64415613415821,67.09319401559665,64.41590228361606,65.11064147949219,108500
2021-02-08 00:00:00-05:00,65.77150273659126,67.35585021972656,65.16149291903976,67.35585021972656,94700
2021-02-09 00:00:00-05:00,67.0508342262802,69.47395058072416,66.78819087181816,69.34686279296875,141600
2021-02-10 00:00:00-05:00,69.47396571491875,69.97383626797412,68.51658290465153,68.61824798583984,103200
2021-02-11 00:00:00-05:00,68.7453365475675,69.55868952567769,67.0593238053585,68.58435821533203,138400
2021-02-12 00:00:00-05:00,68.16072288785571,68.2878106793539,65.98330780189262,66.63568878173828,155600
2021-02-16 00:00:00-05:00,67.39820739096815,68.9147672162233,66.64416136783561,68.54198455810547,134700
2021-02-17 00:00:00-05:00,67.96586559001572,69.16047540531974,67.61002491855955,68.92324829101562,129500
2021-02-18 00:00:00-05:00,68.56740640391921,70.11786332714522,68.56740640391921,69.91452026367188,141600
2021-02-19 00:00:00-05:00,69.93993894450969,71.1345486694572,69.77896064457033,70.69398498535156,325800
2021-02-22 00:00:00-05:00,70.75329054840152,72.47319343153389,70.34661091591956,72.03262329101562,157200
2021-02-23 00:00:00-05:00,72.185131191025,74.40491110601442,70.62620652202145,72.35458374023438,149700
2021-02-24 00:00:00-05:00,72.87139261338905,75.20131151479093,71.40565896945876,74.59976959228516,165500
2021-02-25 00:00:00-05:00,75.04034531166663,75.48090902162554,73.11710569849114,73.16793823242188,95600
2021-02-26 00:00:00-05:00,72.71889439337806,73.79489054620205,71.30399962588513,72.4477767944336,157400
2021-03-01 00:00:00-05:00,73.76948157391368,74.84547783310728,73.37975039090047,74.43880462646484,72200
2021-03-02 00:00:00-05:00,74.4303314156638,74.87090160358737,72.91376495361328,72.91376495361328,72800
2021-03-03 00:00:00-05:00,73.42212352247171,76.25191366004623,73.28656146215553,74.2524185180664,168100
2021-03-04 00:00:00-05:00,73.91352193525724,77.2431891850866,73.15947572915955,74.30325317382812,159000
2021-03-05 00:00:00-05:00,75.76899616241577,77.09069412313497,74.2354872995836,77.03138732910156,167800
2021-03-08 00:00:00-05:00,78.209025110868,80.59825090198724,77.61595740043009,79.82726287841797,137300
2021-03-09 00:00:00-05:00,79.06476456451084,81.29301268202914,76.89582323448677,79.86117553710938,174300
2021-03-10 00:00:00-05:00,79.95435963821824,81.53023283307984,79.95435963821824,81.09813690185547,170000
2021-03-11 00:00:00-05:00,80.93715521638282,82.41135681771907,78.35306690838033,82.38594055175781,144300
2021-03-12 00:00:00-05:00,82.97901950119035,84.59725101124836,82.39441949492048,83.55514526367188,188200
2021-03-15 00:00:00-04:00,83.70766082592851,83.70766082592851,80.6067464969177,81.27606964111328,113300
2021-03-16 00:00:00-04:00,80.62367313122554,81.27604760867048,78.73431778431589,79.40364074707031,181600
2021-03-17 00:00:00-04:00,79.81031301082778,80.2762993923541,78.07346819522262,78.5987548828125,147200
2021-03-18 00:00:00-04:00,78.92919622131967,81.44550362502797,77.85319351111632,78.22598266601562,137100
2021-03-19 00:00:00-04:00,75.68425278106973,79.06475206157552,75.51480022648614,76.73483276367188,713700
2021-03-22 00:00:00-04:00,76.54843083292707,77.09066602760338,73.63391827753028,74.74380493164062,149900
2021-03-23 00:00:00-04:00,73.4305839228466,74.02365818118837,71.43108898183385,71.68526458740234,179600
2021-03-24 00:00:00-04:00,72.7951583490984,74.84548602213336,71.86319181262384,71.91402435302734,133800
2021-03-25 00:00:00-04:00,71.41414428238504,73.75253778856123,71.32942123835448,72.93917846679688,135300
2021-03-26 00:00:00-04:00,73.91045278755581,74.81356402109319,72.43650084017882,74.15753173828125,128100
2021-03-29 00:00:00-04:00,73.53556670579644,75.248075689095,71.84862299106864,72.23201751708984,109100
2021-03-30 00:00:00-04:00,72.7432353749945,74.08938726989552,72.29167965713215,72.30020141601562,150000
2021-03-31 00:00:00-04:00,72.63246614031488,74.12345518131842,71.38855606327265,71.72935485839844,238400
2021-04-01 00:00:00-04:00,71.40559142270826,72.77730182865,71.26075405070105,72.09571075439453,118500
2021-04-05 00:00:00-04:00,73.1095860092478,73.46742834594222,71.43115718066086,72.11275482177734,121600
2021-04-06 00:00:00-04:00,72.01050095852563,72.5046588391452,71.23519011152216,71.40558624267578,71100
2021-04-07 00:00:00-04:00,71.59302243358955,71.7974990811496,70.22131219332485,70.49394989013672,96700
2021-04-08 00:00:00-04:00,70.42578866519753,70.84326367694919,69.26707693853615,70.28094482421875,96000
2021-04-09 00:00:00-04:00,70.62177007526068,71.2011261562939,70.16169261383456,71.13296508789062,65400
2021-04-12 00:00:00-04:00,71.43115327137612,72.00199402715386,71.15000027248459,71.32039642333984,90200
2021-04-13 00:00:00-04:00,71.03071657425484,71.03071657425484,69.0881654927163,69.19892883300781,78900
2021-04-14 00:00:00-04:00,68.90073625735577,71.01367709745931,68.90073625735577,70.0253677368164,112100
2021-04-15 00:00:00-04:00,70.40877016150937,70.90292814695944,68.49178402848139,69.82089233398438,110900
2021-04-16 00:00:00-04:00,70.59619979810779,71.38855421366264,69.73568432525448,70.3065185546875,65500
2021-04-19 00:00:00-04:00,70.08499309034742,70.99662595286834,69.02000112477647,69.65047454833984,118000
2021-04-20 00:00:00-04:00,69.25005137788912,69.27561015051194,66.5321892189241,66.59183502197266,173500
2021-04-21 00:00:00-04:00,66.04656182499234,68.21914878971204,65.7057694777556,67.79315185546875,157600
2021-04-22 00:00:00-04:00,68.25320822355243,68.78996185468705,67.36713409423828,67.36713409423828,109200
2021-04-23 00:00:00-04:00,64.5981748971358,71.36300829806048,62.98790700450319,69.37786102294922,983900
2021-04-26 00:00:00-04:00,70.91994568985768,71.43114055159117,69.4460003968562,70.77510833740234,295900
2021-04-27 00:00:00-04:00,70.69844420227814,71.53339443678065,69.71865009019352,71.516357421875,317900
2021-04-28 00:00:00-04:00,71.78044921889338,72.24052646868763,71.0221755572494,71.72080993652344,297500
2021-04-29 00:00:00-04:00,71.99346690619232,72.71766024367103,70.55359548800575,70.80067443847656,229700
2021-04-30 00:00:00-04:00,70.42581456860178,70.61324775492382,69.70161459792344,69.7782974243164,342200
2021-05-03 00:00:00-04:00,70.84329915221815,70.99665832519531,69.68458684532362,70.99665832519531,374600
2021-05-04 00:00:00-04:00,70.50247799105223,71.98494519461585,70.22984026970494,70.73251342773438,270900
2021-05-05 00:00:00-04:00,70.86885032398457,71.47376519129706,69.13078205020624,69.34378051757812,184900
2021-05-06 00:00:00-04:00,69.5993799141834,69.61641693115234,68.09986891322413,69.61641693115234,205900
2021-05-07 00:00:00-04:00,68.56845202894563,69.06260340735975,67.81869345444915,68.15097045898438,228500
2021-05-10 00:00:00-04:00,68.50030120092914,69.01149616880689,67.5460658274131,67.77610778808594,239400
2021-05-11 00:00:00-04:00,66.60035000322698,67.85278185812362,66.0806332947298,66.58331298828125,187300
2021-05-12 00:00:00-04:00,66.86447220915178,67.20526450822534,64.83672292860332,64.99860382080078,150700
2021-05-13 00:00:00-04:00,64.8281917958196,67.39269442671544,64.5044365584416,67.10301971435547,280900
2021-05-14 00:00:00-04:00,67.39268900002197,68.55140075654936,66.94965521085325,68.32136535644531,148100
2021-05-17 00:00:00-04:00,67.13710928465404,68.5514155123742,67.13710928465404,68.30433654785156,112600
2021-05-18 00:00:00-04:00,68.44918965871209,68.51735073360031,66.60036437870467,66.62592315673828,165400
2021-05-19 00:00:00-04:00,65.79948029684815,66.66851106340286,64.80264266731632,66.58331298828125,231100
2021-05-20 00:00:00-04:00,66.36178449356177,67.0604190225016,65.46718856617247,66.80482482910156,141200
2021-05-21 00:00:00-04:00,67.63124808902927,68.04020786780963,67.17969253133535,67.82720947265625,126800
2021-05-24 00:00:00-04:00,67.75052929043477,67.91241015707425,67.16265811720926,67.17969512939453,142600
2021-05-25 00:00:00-04:00,67.10302019161651,67.91241154091594,65.30531311035156,65.30531311035156,148400
2021-05-26 00:00:00-04:00,65.62908251079459,67.14563046103272,65.19456384521276,67.12859344482422,164700
2021-05-27 00:00:00-04:00,67.70793215064816,69.22447971231439,67.39269217988793,69.15631866455078,249500
2021-05-28 00:00:00-04:00,69.26710346570341,69.85497480937345,68.17654586398788,69.53121948242188,199300
2021-06-01 00:00:00-04:00,69.6845702375961,70.52804223784915,67.67386444896721,69.78681182861328,206600
2021-06-02 00:00:00-04:00,69.79533117522408,69.87201399802879,68.75589768967218,68.90074157714844,187300
2021-06-03 00:00:00-04:00,68.8922169783482,69.51416879228933,68.21061936013122,69.3011703491211,173500
2021-06-04 00:00:00-04:00,68.96037159424205,69.44600773926364,68.2872957967216,69.26708984375,114400
2021-06-07 00:00:00-04:00,69.47156454282582,70.02536172765554,68.83256929114441,69.69308471679688,246600
2021-06-08 00:00:00-04:00,69.43748471945695,69.86348155822662,69.0370466509821,69.47156524658203,201200
2021-06-09 00:00:00-04:00,69.19041511190281,69.29265670707808,68.61958083095027,69.03705596923828,216900
2021-06-10 00:00:00-04:00,69.48009234965687,69.69309078543118,68.304336824057,68.31285858154297,217700
2021-06-11 00:00:00-04:00,68.73886618714819,68.83258603353961,67.45235361411842,67.74203491210938,141800
2021-06-14 00:00:00-04:00,67.97205686637874,67.97205686637874,66.64294876426551,67.20526123046875,195600
2021-06-15 00:00:00-04:00,67.47789555810152,68.86664938991665,67.09450100955382,68.1083755493164,161100
2021-06-16 00:00:00-04:00,68.13393572582638,69.79532080409365,67.32453782856608,69.44600677490234,197200
2021-06-17 00:00:00-04:00,69.69308942338344,69.84644855415162,66.72814839526406,66.97522735595703,264600
2021-06-18 00:00:00-04:00,65.62055873049157,66.8133513344365,64.25736996892451,64.29145050048828,708400
2021-06-21 00:00:00-04:00,65.10937041748673,66.98376084404558,65.0923334000605,66.1573257446289,262900
2021-06-22 00:00:00-04:00,66.038054057918,66.60888845451305,64.92193754345223,66.276611328125,200900
2021-06-23 00:00:00-04:00,66.54923373897181,66.79631271171716,66.03803877820746,66.37883758544922,371400
2021-06-24 00:00:00-04:00,66.5833030831727,67.15413725178476,66.23398257688456,67.10301971435547,229200
2021-06-25 00:00:00-04:00,67.06874424130413,68.00311539800002,66.9230187297271,67.26590728759766,629300
2021-06-28 00:00:00-04:00,66.92300842949763,67.523058408375,64.52279543387968,64.6856689453125,164400
2021-06-29 00:00:00-04:00,65.31143106518324,65.57716650985711,64.3342032247112,64.54850769042969,124900
2021-06-30 00:00:00-04:00,64.16277003064766,65.09714111028893,64.15419601889278,64.71996307373047,124000
2021-07-01 00:00:00-04:00,65.25144475746606,65.40574427856049,64.58280913935342,65.04570770263672,125000
2021-07-02 00:00:00-04:00,64.94283518214954,65.28572367786329,63.90560222415467,64.0341796875,131400
2021-07-06 00:00:00-04:00,63.811311730008406,63.811311730008406,61.44538815512513,61.78827667236328,139200
2021-07-07 00:00:00-04:00,61.39395314121407,62.362607089350846,61.02534915386042,61.616825103759766,221600
2021-07-08 00:00:00-04:00,60.390997854476076,60.948190792093925,59.59378495358987,60.090972900390625,174600
2021-07-09 00:00:00-04:00,61.37679175550031,61.95970010764972,60.79388340335089,61.95112609863281,256000
2021-07-12 00:00:00-04:00,61.325360849542356,62.33687809292233,60.84532098490531,62.06256866455078,183400
2021-07-13 00:00:00-04:00,61.83970271859562,61.83970271859562,60.36528679034756,60.905338287353516,153900
2021-07-14 00:00:00-04:00,60.96534581351544,61.53968029729942,60.60530928721341,61.16250228881836,159800
2021-07-15 00:00:00-04:00,60.85390099141902,62.17401743120305,60.553876014207646,62.165443420410156,119000
2021-07-16 00:00:00-04:00,62.59404082136947,62.59404082136947,60.913894719705986,61.02533721923828,159800
2021-07-19 00:00:00-04:00,59.67093880108403,60.47672572339704,58.81372089736503,59.396629333496094,237700
2021-07-20 00:00:00-04:00,59.310924488893725,62.06259390052305,59.07947193143543,60.09956359863281,244500
2021-07-21 00:00:00-04:00,60.63102582209563,61.65111069062221,60.33099432071063,60.41672134399414,114100
2021-07-22 00:00:00-04:00,60.29671383332328,60.6310348859895,58.41083676012693,58.89087677001953,167300
2021-07-23 00:00:00-04:00,59.77380869149377,60.91390355946462,58.68513826606905,59.29376220703125,116700
2021-07-26 00:00:00-04:00,59.34520765572889,60.51101817070333,59.34520765572889,59.936683654785156,118300
2021-07-27 00:00:00-04:00,59.61952641176736,59.773825944156556,58.70230323035812,59.10519027709961,105200
2021-07-28 00:00:00-04:00,59.56807302703521,60.605305953244475,58.93373358043903,60.55387496948242,161900
2021-07-29 00:00:00-04:00,60.96532771281452,61.393936580632264,60.11667744569773,60.52814483642578,149100
2021-07-30 00:00:00-04:00,60.305277991730044,61.402515857953574,60.305277991730044,60.58816146850586,189700
2021-08-02 00:00:00-04:00,60.699603457709514,61.87399445221125,60.288142487118364,60.836761474609375,189100
2021-08-03 00:00:00-04:00,61.25681093397668,61.848293576556074,60.19386221199762,61.70256805419922,147000
2021-08-04 00:00:00-04:00,60.98248452409739,61.17107351976672,60.33957106070863,60.733890533447266,130100
2021-08-05 00:00:00-04:00,61.008214738441936,61.53969235084976,60.88820471952009,61.342529296875,101600
2021-08-06 00:00:00-04:00,62.31115576290751,63.39981934781066,61.882546919393334,63.17694091796875,198000
2021-08-09 00:00:00-04:00,62.83406967624218,63.4769830499825,62.1997237719802,62.52547073364258,148000
2021-08-10 00:00:00-04:00,62.91980409395356,65.11428013644965,62.57691557729992,64.93426513671875,290700
2021-08-11 00:00:00-04:00,65.08856576712245,65.86006330791315,64.3599317441747,65.29429626464844,213300
2021-08-12 00:00:00-04:00,65.2599947049597,65.71432567399495,64.7028083162406,65.31999969482422,184700
2021-08-13 00:00:00-04:00,65.12285066094535,66.15150961577329,64.99426665657832,65.26000213623047,241700
2021-08-16 00:00:00-04:00,64.7885356053097,65.7571895549434,63.991322633292114,65.7143325805664,284400
2021-08-17 00:00:00-04:00,65.14855631004477,65.71432322775225,64.27419698455965,65.01139831542969,192700
2021-08-18 00:00:00-04:00,64.96856546990983,65.49146907344036,64.30850382083761,64.488525390625,146300
2021-08-19 00:00:00-04:00,63.84559953621721,64.89997401409384,63.742731021767696,64.86568450927734,253400
2021-08-20 00:00:00-04:00,64.82282893193309,66.52869095802083,64.7456759094177,66.50297546386719,143900
2021-08-23 00:00:00-04:00,66.8630059521927,67.548782988237,66.511543422705,67.20589447021484,218900
2021-08-24 00:00:00-04:00,67.37733211409805,67.67735709995156,66.34009914011637,66.5972671508789,150100
2021-08-25 00:00:00-04:00,66.52011995547737,67.29161751525558,66.34010494820491,66.46868896484375,130800
2021-08-26 00:00:00-04:00,66.52012718538315,67.24019383278997,65.63719353658331,65.65433502197266,156900
2021-08-27 00:00:00-04:00,65.98864152523704,67.05158996582031,65.98864152523704,67.05158996582031,174500
2021-08-30 00:00:00-04:00,66.9830071484423,66.9830071484423,64.9942618533741,65.16570281982422,131600
2021-08-31 00:00:00-04:00,65.46574970188718,66.11723075950123,65.09714565137033,65.74862670898438,100700
2021-09-01 00:00:00-04:00,66.79442582769448,66.79442582769448,64.8399698096029,65.21714782714844,128400
2021-09-02 00:00:00-04:00,65.35430119658075,65.69718971879837,64.73710316459997,64.82283020019531,113900
2021-09-03 00:00:00-04:00,65.08854316909957,65.12283266345807,64.11131547006555,64.36847686767578,81800
2021-09-07 00:00:00-04:00,64.36849561414685,65.00284163444542,63.622720149822385,63.725582122802734,100900
2021-09-08 00:00:00-04:00,63.399831033421044,63.96559795036464,62.87692762475007,63.23695755004883,108500
2021-09-09 00:00:00-04:00,63.10839533617156,63.73416085163659,62.3540392648541,62.559776306152344,107600
2021-09-10 00:00:00-04:00,62.6540552891297,63.1169537555795,60.69103198703767,60.77675247192383,109900
2021-09-13 00:00:00-04:00,61.23108673095703,61.676837247761924,60.36529465286994,61.23108673095703,126300
2021-09-14 00:00:00-04:00,61.26536895618422,61.26536895618422,59.233760026332156,59.51664352416992,98400
2021-09-15 00:00:00-04:00,59.525211937537314,60.442434811503304,59.088028985631006,60.22813034057617,149400
2021-09-16 00:00:00-04:00,60.373867469569305,60.6567509954316,59.55093892710555,60.28814697265625,115500
2021-09-17 00:00:00-04:00,61.09393206720047,61.411105123592904,59.98812645611223,61.316810607910156,492600
2021-09-20 00:00:00-04:00,59.80808569081094,60.4081421015549,59.190894340980215,60.20241165161133,199100
2021-09-21 00:00:00-04:00,60.37387491063428,60.75962046431341,59.739535307229865,60.11670684814453,159700
2021-09-22 00:00:00-04:00,61.43681748847676,61.728275033016054,60.57959941873922,61.08536148071289,100100
2021-09-23 00:00:00-04:00,61.50539585732258,63.8198820052696,61.50539585732258,63.32270050048828,187200
2021-09-24 00:00:00-04:00,62.96894052387231,64.7549871348915,62.96894052387231,63.779991149902344,180300
2021-09-27 00:00:00-04:00,63.9439417551604,66.94656815210153,63.9439417551604,66.02334594726562,196900
2021-09-28 00:00:00-04:00,66.40297369786629,67.39522320389376,64.72909203696479,65.00519561767578,121600
2021-09-29 00:00:00-04:00,65.1346158206087,66.9379223423327,64.87577243557064,66.7049560546875,146100
2021-09-30 00:00:00-04:00,66.94656464171264,67.43838103529617,65.56604645212639,65.7041015625,143400
2021-10-01 00:00:00-04:00,66.1872712835777,68.9914511067941,65.70409163592876,68.3702163696289,267300
2021-10-04 00:00:00-04:00,68.39608516306765,69.39696459567757,67.49875360788106,68.41334533691406,134500
2021-10-05 00:00:00-04:00,68.81026525918301,68.81026525918301,66.86890981299916,66.9206771850586,187100
2021-10-06 00:00:00-04:00,66.71360371857857,67.49014724393531,65.60055909603888,67.4211196899414,126700
2021-10-07 00:00:00-04:00,68.06823714395243,69.4746389749582,67.5764273493086,69.39698791503906,207700
2021-10-08 00:00:00-04:00,69.4228540695832,70.39784332282325,68.93967448678502,70.13899993896484,119200
2021-10-11 00:00:00-04:00,70.5963150500144,71.01047379283449,69.85428529863292,70.50140380859375,134100
2021-10-12 00:00:00-04:00,70.28568037627771,70.83788750919452,69.81113086855484,69.95780944824219,147700
2021-10-13 00:00:00-04:00,69.85427222523349,70.03546458417235,67.81800583502262,68.77574157714844,101600
2021-10-14 00:00:00-04:00,69.02595459235344,69.33657191464528,68.44786380252121,69.19851684570312,148200
2021-10-15 00:00:00-04:00,70.717102089251,70.717102089251,69.26755652533949,69.38835144042969,175600
2021-10-18 00:00:00-04:00,69.17266180297392,70.12176775497629,69.17266180297392,69.8974380493164,134400
2021-10-19 00:00:00-04:00,70.18214283030517,70.83789130433622,68.98281728210742,70.79475402832031,236800
2021-10-20 00:00:00-04:00,70.59630286892146,72.9000427870023,70.3460829649714,72.71022033691406,289400
2021-10-21 00:00:00-04:00,72.57217525063818,73.2106635904893,71.64032313334471,71.96820068359375,248900
2021-10-22 00:00:00-04:00,72.03720936988638,73.3314460068443,71.13987117832286,73.19339752197266,301000
2021-10-25 00:00:00-04:00,70.68256988448921,72.83100727727776,69.76797817077635,72.19251251220703,291200
2021-10-26 00:00:00-04:00,72.20115924753277,72.20115924753277,71.05360100597825,71.24342346191406,208800
2021-10-27 00:00:00-04:00,70.70846865858252,71.04496970369225,69.69896552325332,70.05272674560547,205000
2021-10-28 00:00:00-04:00,70.19079088476298,72.8655462470429,70.19079088476298,72.6584701538086,220000
2021-10-29 00:00:00-04:00,72.73612147797114,73.38323997303199,71.97683156408871,72.90868377685547,134400
2021-11-01 00:00:00-04:00,74.05623590372818,75.66971366887896,73.18478122741136,75.47126770019531,205400
2021-11-02 00:00:00-04:00,75.96306983003676,76.26505708870997,74.8931692923823,75.6006851196289,195300
2021-11-03 00:00:00-04:00,74.72058275903235,78.7844844055373,74.72058275903235,78.40484619140625,253600
2021-11-04 00:00:00-04:00,78.29268185668327,78.29268185668327,76.04070971382747,77.16238403320312,205400
2021-11-05 00:00:00-04:00,77.9044291619537,79.04335730102241,75.93719024745582,78.1460189819336,194800
2021-11-08 00:00:00-05:00,78.43938015328867,80.69134609085063,78.28407147661247,79.10375213623047,362200
2021-11-09 00:00:00-05:00,78.5256553159638,79.6041858822858,77.65420077518374,79.13825988769531,382900
2021-11-10 00:00:00-05:00,79.17277492346801,79.77674941714787,76.27368418814811,76.38584899902344,478600
2021-11-11 00:00:00-05:00,76.43762236937864,78.3962377495334,75.99758659631802,77.55066680908203,622000
2021-11-12 00:00:00-05:00,77.49889283226304,78.35308720555545,74.90178936117441,75.74736022949219,4261700
2021-11-15 00:00:00-05:00,76.10976179843084,77.22280638996884,74.95357992397057,75.52304077148438,363000
2021-11-16 00:00:00-05:00,75.41086836575217,76.29094652640316,73.84915142536633,75.65245819091797,354900
2021-11-17 00:00:00-05:00,75.12613191194625,75.12613191194625,73.96995019614592,74.55667114257812,278900
2021-11-18 00:00:00-05:00,74.48764245399458,74.85002717281985,73.41773530865999,73.96131896972656,314400
2021-11-19 00:00:00-05:00,73.16752941727589,73.46951671361627,71.9854573340814,73.10713195800781,174200
2021-11-22 00:00:00-05:00,74.89317527389612,76.24780958484564,73.52991087405853,74.2374267578125,296800
2021-11-23 00:00:00-05:00,73.84052010493905,75.35908644036816,73.84052010493905,74.5394058227539,247700
2021-11-24 00:00:00-05:00,74.22880905355336,74.93632505535211,73.49540936360091,74.0821304321289,126200
2021-11-26 00:00:00-05:00,71.51952529937307,72.96907078391531,69.23303896122572,70.48413848876953,181700
2021-11-29 00:00:00-05:00,71.54541285346853,71.75249549305732,69.11224779234803,69.25892639160156,274300
2021-11-30 00:00:00-05:00,68.29257769157482,69.17265600678473,67.57643159632909,68.21492004394531,286800
2021-12-01 00:00:00-05:00,69.80251417273804,70.70847608829348,67.9474398939871,68.08549499511719,248600
2021-12-02 00:00:00-05:00,68.64630864827689,70.81199978250065,68.57728769772706,70.4064712524414,229700
2021-12-03 00:00:00-05:00,70.67395824844523,70.67395824844523,68.32707454544013,68.9137954711914,166200
2021-12-06 00:00:00-05:00,69.91466542729086,72.12349395376361,69.20714962847829,71.37284088134766,234400
2021-12-07 00:00:00-05:00,71.63169345031868,72.67571698085685,70.72573159461862,71.14851379394531,178900
2021-12-08 00:00:00-05:00,71.13124793528858,71.85601729489285,70.59629442022735,71.43323516845703,1396100
2021-12-09 00:00:00-05:00,70.70846828913383,71.04496933248537,69.99232892520783,70.00958251953125,185800
2021-12-10 00:00:00-05:00,70.37195440613266,71.11398390040071,69.37971163426904,70.5962905883789,124000
2021-12-13 00:00:00-05:00,70.09589011470753,70.62221380842314,68.85342678675688,69.86293029785156,204100
2021-12-14 00:00:00-05:00,69.96643983294878,71.55404043331147,69.94918623833598,70.73435974121094,175300
2021-12-15 00:00:00-05:00,71.04498744691004,71.55405747743798,69.28483073266456,69.65584564208984,608900
2021-12-16 00:00:00-05:00,70.51864931506195,71.19165137213022,68.92241872303818,69.12950134277344,270700
2021-12-17 00:00:00-05:00,68.58592787720123,69.18990906685711,66.67908623812995,67.91292572021484,864500
2021-12-20 00:00:00-05:00,66.88614428897654,67.1967615981976,65.97155253561884,66.68769836425781,344900
2021-12-21 00:00:00-05:00,67.55916237555022,68.9914476519993,67.55053228718036,68.64631652832031,326100
2021-12-22 00:00:00-05:00,68.39610593998516,69.17264942827792,68.05960485886322,69.0691146850586,162600
2021-12-23 00:00:00-05:00,69.47708521348025,70.50136033612992,69.05175259296382,69.2947998046875,157100
2021-12-27 00:00:00-05:00,69.4423597857163,72.02040845236735,68.77397998669616,70.57080078125,135800
2021-12-28 00:00:00-05:00,70.22358045538974,71.46486277414989,69.98053328067398,70.51870727539062,111500
2021-12-29 00:00:00-05:00,70.51872498525974,71.3780790835132,69.8416629363622,71.15238952636719,136300
2021-12-30 00:00:00-05:00,71.49957532177554,71.9335899687202,69.62462886815644,71.00479888916016,171600
2021-12-31 00:00:00-05:00,70.84855760341328,71.36937388649663,70.37982096187675,70.77043151855469,126300
2022-01-03 00:00:00-05:00,71.22182418253331,72.74087583010986,71.22182418253331,72.32421875,211100
2022-01-04 00:00:00-05:00,73.24430552121271,74.58975350387618,72.3676007494495,73.41791534423828,381900
2022-01-05 00:00:00-05:00,73.4960560481952,74.12972049601422,72.13325000045901,72.39366149902344,153300
2022-01-06 00:00:00-05:00,73.10546073439684,75.18873329162287,72.12458295723269,74.91963958740234,152600
2022-01-07 00:00:00-05:00,75.21475209497628,75.6227269902677,74.54636571938083,75.20606994628906,128300
2022-01-10 00:00:00-05:00,75.535912090113,76.72511469895129,74.97169830342048,76.6209487915039,221900
2022-01-11 00:00:00-05:00,76.61228277159157,76.61228277159157,74.66789199322609,75.09323120117188,123200
2022-01-12 00:00:00-05:00,75.09323620535669,75.49252899291386,74.12104075138721,74.45088958740234,199600
2022-01-13 00:00:00-05:00,74.75470402828458,75.99598649652062,74.00819811745508,74.90226745605469,133600
2022-01-14 00:00:00-05:00,74.18179606588576,75.57932401138689,73.60890007211502,75.50988006591797,120900
2022-01-18 00:00:00-05:00,76.01332933275836,76.0914554173803,73.60889096557989,73.74777221679688,169100
2022-01-19 00:00:00-05:00,74.12972574281142,74.56374052277806,71.99437382008031,72.14193725585938,147300
2022-01-20 00:00:00-05:00,72.51518786963544,73.17489216800867,68.95626811433472,69.32083892822266,157300
2022-01-21 00:00:00-05:00,65.16295938622277,73.45264186297524,65.16295938622277,72.46308898925781,341400
2022-01-24 00:00:00-05:00,71.94227299161618,72.95787240444636,70.865918409321,72.4891357421875,262700
2022-01-25 00:00:00-05:00,72.00303589377287,74.10367206944056,70.96140326549668,73.16619873046875,160400
2022-01-26 00:00:00-05:00,73.16621087667176,74.82414385787163,71.54299324931054,72.94920349121094,186500
2022-01-27 00:00:00-05:00,73.23564817272633,74.46824842069783,71.21313793465664,71.81208038330078,184200
2022-01-28 00:00:00-05:00,71.71660923425556,73.70439784894131,70.04131181102942,71.9336166381836,152000
2022-01-31 00:00:00-05:00,71.01348895430522,73.63494166723017,69.90241229023343,73.2182846069336,311200
2022-02-01 00:00:00-05:00,72.72350456362716,73.48737470021928,71.5950702784945,73.05335998535156,173700
2022-02-02 00:00:00-05:00,72.90579743772282,73.03600319006509,71.43883205411639,72.28081512451172,178500
2022-02-03 00:00:00-05:00,72.15929423181083,73.20093366713088,71.42147043754657,71.78604125976562,103300
2022-02-04 00:00:00-05:00,72.15928004333307,73.98214704108292,71.8381134108549,73.5915298461914,129500
2022-02-07 00:00:00-05:00,73.57417650647069,74.16443678509887,72.90579013524665,73.73909759521484,117800
2022-02-08 00:00:00-05:00,74.19916717680726,75.95258391439934,74.14708090165323,75.91786193847656,192800
2022-02-09 00:00:00-05:00,75.76160181481507,76.36922634301385,73.89533735808917,74.3901138305664,142000
2022-02-10 00:00:00-05:00,74.2165153893218,75.327591987006,73.61757297047622,74.19915771484375,212600
2022-02-11 00:00:00-05:00,74.02554590525226,75.59667699437,72.99258880376757,73.91270446777344,211500
2022-02-14 00:00:00-05:00,74.55506494938945,75.34497509742611,73.33114660564212,73.66099548339844,190200
2022-02-15 00:00:00-05:00,74.65053516353717,75.85709560905165,74.48560744338188,75.7529296875,187500
2022-02-16 00:00:00-05:00,75.10190850201843,75.77897706662088,74.49429050851046,74.60713195800781,156600
2022-02-17 00:00:00-05:00,74.0168623884817,74.24255188180533,72.7929444052476,73.5915298461914,176800
2022-02-18 00:00:00-05:00,73.0533560420166,74.58976513579756,72.54121526239719,73.98214721679688,130200
2022-02-22 00:00:00-05:00,73.45266271864564,74.06028075308717,72.85372021145336,73.28773498535156,160500
2022-02-23 00:00:00-05:00,73.13147919745694,73.86930288562378,72.3936555092901,72.65406036376953,182700
2022-02-24 00:00:00-05:00,70.4926700848392,71.72527030122902,69.06910233188833,71.53430938720703,219500
2022-02-25 00:00:00-05:00,71.985686589445,75.1192736094399,70.67496019214514,74.58977508544922,179800
2022-02-28 00:00:00-05:00,73.28771468073128,75.18001883555948,73.28771468073128,74.6592025756836,204700
2022-03-01 00:00:00-05:00,74.11235444205766,74.44220988209851,70.32774538845375,70.9874496459961,249000
2022-03-02 00:00:00-05:00,71.664511702359,74.4161701852755,71.62978972847715,73.94743347167969,151600
2022-03-03 00:00:00-05:00,74.16442414313073,74.16442414313073,73.09674520990906,73.99949645996094,150400
2022-03-04 00:00:00-05:00,72.74952913739958,73.66964464337408,71.42144544789909,72.30683898925781,142900
2022-03-07 00:00:00-05:00,71.99436915499918,72.39366193199038,70.57080129875592,70.90933227539062,202000
2022-03-08 00:00:00-05:00,71.35201492018582,72.80162906938062,70.06733510079762,70.53607177734375,239600
2022-03-09 00:00:00-05:00,71.17840875799422,72.8189837471254,71.17840875799422,72.13323974609375,177100
2022-03-10 00:00:00-05:00,71.11764120213773,72.87105748379304,70.79646797527074,72.77557373046875,110900
2022-03-11 00:00:00-05:00,72.91446565124974,74.09498610112067,72.38496721612212,73.35716247558594,149800
2022-03-14 00:00:00-04:00,74.20782432697102,74.81544882133723,72.67141535246962,73.14015197753906,182800
2022-03-15 00:00:00-04:00,73.69570556213505,73.95611043750756,71.70791722085592,72.75823211669922,169700
2022-03-16 00:00:00-04:00,73.49604464543546,74.75469119650107,72.61933975620252,74.3901138305664,207900
2022-03-17 00:00:00-04:00,73.69570367052174,73.69570367052174,72.29817568751386,73.23564910888672,124300
2022-03-18 00:00:00-04:00,73.12278486063089,75.2755003938858,71.12632148557377,75.10189056396484,668500
2022-03-21 00:00:00-04:00,75.00643712394738,75.67481696824932,72.53254759094706,73.2616958618164,239900
2022-03-22 00:00:00-04:00,73.990827470029,75.42307736780242,72.84502887631807,74.07762908935547,153500
2022-03-23 00:00:00-04:00,73.6436240767882,73.6436240767882,71.31731123304712,71.41278839111328,107600
2022-03-24 00:00:00-04:00,71.73395792152405,72.46310615105193,70.83988858900953,72.36762237548828,104900
2022-03-25 00:00:00-04:00,72.7693637062385,74.46370772648278,72.21914167748407,74.43750762939453,111600
2022-03-28 00:00:00-04:00,73.87852642469109,73.88726200948594,72.70821126753701,73.84359741210938,136500
2022-03-29 00:00:00-04:00,74.69078680487681,75.38948722264557,73.37199959470726,74.11436462402344,228000
2022-03-30 00:00:00-04:00,74.27155030088517,74.52482896213878,71.86977747482042,72.69947814941406,249500
2022-03-31 00:00:00-04:00,72.44622362836101,73.17112417660402,71.17110097541016,71.34577941894531,225300
2022-04-01 00:00:00-04:00,71.89599036390455,72.53355492306738,70.49859634903424,71.14488983154297,241000
2022-04-04 00:00:00-04:00,71.3719788727999,71.3719788727999,69.74750601080274,70.36759948730469,205500
2022-04-05 00:00:00-04:00,70.3501386123903,70.55974609026978,69.44183065717708,69.57283782958984,204300
2022-04-06 00:00:00-04:00,69.79989739335208,70.20164776413354,68.34136756965194,68.44617462158203,253300
2022-04-07 00:00:00-04:00,68.76058137840353,69.10992485226808,67.79986683537709,68.43743133544922,284100
2022-04-08 00:00:00-04:00,69.08372624536533,69.10992634013927,67.04003889340056,67.38938903808594,323900
2022-04-11 00:00:00-04:00,67.17105662092226,68.74312252491248,67.17105662092226,67.91342163085938,209400
2022-04-12 00:00:00-04:00,68.07062516554761,68.68198298423184,67.27585333795764,68.05315399169922,219800
2022-04-13 00:00:00-04:00,67.92213933884389,69.31080432118816,67.59026036868666,69.05752563476562,188100
2022-04-14 00:00:00-04:00,69.52915270738303,69.66888877704662,68.13175869424595,68.50730895996094,147500
2022-04-18 00:00:00-04:00,68.14050210526814,69.41563149312378,68.12303759158458,68.5422592163086,207500
2022-04-19 00:00:00-04:00,68.86539657303844,70.0444477092773,68.57718214811528,69.76496887207031,202000
2022-04-20 00:00:00-04:00,70.55100388116095,71.28463997984475,69.38941727850383,70.48113250732422,121400
2022-04-21 00:00:00-04:00,71.06629187814549,71.13615658371083,69.73002693596366,70.07064819335938,258400
2022-04-22 00:00:00-04:00,69.43307902018526,69.43307902018526,68.29769267277416,68.59464263916016,192100
2022-04-25 00:00:00-04:00,68.56844229202282,69.29333603766935,67.28458429777537,68.93525695800781,241400
2022-04-26 00:00:00-04:00,68.12301983523214,68.52477017825419,66.89156204751897,66.96143341064453,226300
2022-04-27 00:00:00-04:00,67.09245262541378,68.07936081980291,66.45488798292446,67.42433166503906,236900
2022-04-28 00:00:00-04:00,68.00949033776702,68.6819839477539,67.38066133641273,68.6819839477539,138500
2022-04-29 00:00:00-04:00,68.51603309316408,68.79551187625242,67.09243908294845,67.38938903808594,224600
2022-05-02 00:00:00-04:00,67.55533455287095,68.07062758692065,66.52475514807226,67.61647033691406,206700
2022-05-03 00:00:00-04:00,67.63393220221067,68.64704029309472,67.26711088514078,68.0182113647461,168800
2022-05-04 00:00:00-04:00,68.24529786958229,69.93964193812123,67.90468327112558,69.68636322021484,147900
2022-05-05 00:00:00-04:00,68.9178094712525,68.9789452640171,67.2671297400047,67.8872299194336,171100
2022-05-06 00:00:00-04:00,67.86973094707518,67.97453797602108,66.78675163449658,67.7474594116211,195700
2022-05-09 00:00:00-04:00,67.17980232694443,68.26278888308191,66.86538773494355,67.49421691894531,194000
2022-05-10 00:00:00-04:00,67.82607730146724,68.61210682394048,66.16666905667927,66.93523406982422,251700
2022-05-11 00:00:00-04:00,67.17977819538487,68.42870052518059,66.48981345874107,66.56842041015625,185600
2022-05-12 00:00:00-04:00,66.4112249351828,67.47674011816287,65.81733155433987,67.38066864013672,207800
2022-05-13 00:00:00-04:00,67.79987458131842,68.50731052230584,66.69069493214863,67.08370971679688,164300
2022-05-16 00:00:00-04:00,67.6251967539322,67.6251967539322,66.18413156741443,66.6732177734375,154300
2022-05-17 00:00:00-04:00,67.79987258718907,69.46801646859798,67.53786495956321,69.19727325439453,150400
2022-05-18 00:00:00-04:00,68.25403169628193,69.51168300303183,68.25403169628193,69.07499694824219,313000
2022-05-19 00:00:00-04:00,68.47236278847024,69.86975658756162,68.40249143269085,68.62957000732422,288300
2022-05-20 00:00:00-04:00,68.79552066163836,69.66016387939453,67.85228381282353,69.66016387939453,246400
2022-05-23 00:00:00-04:00,70.50732804276907,71.56410741639506,69.96583497671035,71.0051498413086,181900
2022-05-24 00:00:00-04:00,71.00515463468247,71.16236187974444,69.24967484204056,70.13178253173828,177000
2022-05-25 00:00:00-04:00,70.11430604994865,71.50297105341167,69.71255571260647,70.68199920654297,157300
2022-05-26 00:00:00-04:00,71.1885699562704,72.2890141317532,71.1885699562704,72.07067108154297,144500
2022-05-27 00:00:00-04:00,72.28899437489453,73.03136587335725,72.13178715517645,72.97023010253906,97000
2022-05-31 00:00:00-04:00,72.32393500153545,73.35451425391304,71.83484880152565,72.75189208984375,179900
2022-06-01 00:00:00-04:00,72.74317287155101,72.74317287155101,71.43311454392546,72.00953674316406,117600
2022-06-02 00:00:00-04:00,72.23660426738176,73.17984771728516,71.69511117651865,73.17984771728516,98000
2022-06-03 00:00:00-04:00,72.82176490669511,73.16237950014988,72.51608599760755,73.06631469726562,119800
2022-06-06 00:00:00-04:00,73.27592138163989,73.95715056149758,72.76936395850967,73.09251403808594,115000
2022-06-07 00:00:00-04:00,72.56848578289232,73.49426475514679,72.30647814656781,73.38945770263672,91500
2022-06-08 00:00:00-04:00,72.97025151406378,72.97025151406378,71.56412170934826,72.00953674316406,139400
2022-06-09 00:00:00-04:00,71.81740096303308,71.91346577750502,69.82610669370762,70.03572082519531,128300
2022-06-10 00:00:00-04:00,68.93527671557491,70.28900646180303,68.93527671557491,70.06192779541016,230500
2022-06-13 00:00:00-04:00,68.6470324624007,69.44180411820795,68.19288199001014,68.3675537109375,249500
2022-06-14 00:00:00-04:00,68.12302333270902,69.67762459391716,67.94835157922732,69.16233825683594,209600
2022-06-15 00:00:00-04:00,69.68636459623784,70.70820841178524,67.4243272645048,69.61649322509766,176900
2022-06-16 00:00:00-04:00,68.72563774326426,69.14485252869684,67.4941801515459,67.79113006591797,267200
2022-06-17 00:00:00-04:00,68.87413169764432,69.78243957828488,68.17543127767435,68.81299591064453,559800
2022-06-21 00:00:00-04:00,69.93965116471412,70.62088045149682,69.4156291489814,70.28026580810547,189200
2022-06-22 00:00:00-04:00,69.57281863523355,70.33264803165642,68.8915828592927,70.05316925048828,193800
2022-06-23 00:00:00-04:00,69.80864376948006,70.30646568231344,68.02696359110227,68.97020721435547,179000
2022-06-24 00:00:00-04:00,69.15479961806227,70.20087032221717,69.15479961806227,69.51521301269531,510600
2022-06-27 00:00:00-04:00,70.07780934385951,70.72830393013703,69.63828470593427,70.4030532836914,179200
2022-06-28 00:00:00-04:00,70.76344028141109,71.44909738747752,70.27996067758926,70.39424133300781,173000
2022-06-29 00:00:00-04:00,70.57006866810767,70.57006866810767,69.47125716865006,69.89320373535156,177000
2022-06-30 00:00:00-04:00,68.78559768568951,70.35909650782982,68.68890174027324,69.8228759765625,252600
2022-07-01 00:00:00-04:00,69.39213836637788,71.82710143181153,69.39213836637788,71.66007995605469,201500
2022-07-05 00:00:00-04:00,70.60522678933081,71.79194178924027,69.92836190116735,71.61613464355469,289700
2022-07-06 00:00:00-04:00,71.09750551050794,71.87107319262594,70.26241135180037,70.86895751953125,215800
2022-07-07 00:00:00-04:00,71.3524192730305,71.67766987918851,70.42942167168411,70.48216247558594,127500
2022-07-08 00:00:00-04:00,70.83377271977767,70.94804667973749,70.06899764635214,70.640380859375,131700
2022-07-11 00:00:00-04:00,70.08659493273512,70.71950471655018,69.96352187594023,70.27119445800781,139400
2022-07-12 00:00:00-04:00,70.01626517371595,70.86894391052064,69.99868043525518,70.27997589111328,169500
2022-07-13 00:00:00-04:00,69.9986868600693,70.10417518067807,69.02294169093143,69.15480041503906,126700
2022-07-14 00:00:00-04:00,68.17026719955844,68.24937840728968,66.98354543068537,67.97687530517578,119700
2022-07-15 00:00:00-04:00,69.12843269062112,70.34151824487539,68.84713719804274,69.6558609008789,190600
2022-07-18 00:00:00-04:00,70.15691335990074,70.7458814113062,69.55037398230525,69.85803985595703,227300
2022-07-19 00:00:00-04:00,70.6404010764526,71.4930799559285,70.1305508815846,71.22936248779297,257500
2022-07-20 00:00:00-04:00,70.82500384877493,72.69737649669115,70.35031640846924,72.42487335205078,208500
2022-07-21 00:00:00-04:00,71.87985652354493,72.30180312796774,71.42275384981616,71.75679016113281,163800
2022-07-22 00:00:00-04:00,71.52824674136862,72.31060011231176,70.6316126647414,72.04688262939453,217500
2022-07-25 00:00:00-04:00,72.62705105361704,73.87529937222774,72.56551787471689,73.532470703125,276000
2022-07-26 00:00:00-04:00,73.23359596467047,74.52579952509946,73.15448474584291,73.47972869873047,173700
2022-07-27 00:00:00-04:00,73.04898754695007,73.92803675138177,72.96987633772557,73.4094009399414,311500
2022-07-28 00:00:00-04:00,73.52368638880671,74.14781061649732,73.02262853240077,73.96321105957031,158400
2022-07-29 00:00:00-04:00,73.8225586614205,74.63128235849759,73.5148860598987,73.6643295288086,239700
2022-08-01 00:00:00-04:00,73.1105226866174,75.01805790188007,72.846811942173,74.1741714477539,175500
2022-08-02 00:00:00-04:00,74.12142720970584,74.70160289253596,72.96987492038392,72.9786605834961,111200
2022-08-03 00:00:00-04:00,73.11930581954763,74.07746613789344,72.62704046014886,73.69068908691406,137400
2022-08-04 00:00:00-04:00,73.62036764749531,73.69947885325574,73.08414711974272,73.4357681274414,152100
2022-08-05 00:00:00-04:00,73.43576466335317,74.24448824828225,73.22479475133093,74.13899993896484,160400
2022-08-08 00:00:00-04:00,74.58732667023538,74.73676343144325,73.78739534930057,74.07747650146484,96000
2022-08-09 00:00:00-04:00,74.26207231963177,74.71917490934412,73.94561410113377,74.5169906616211,210400
2022-08-10 00:00:00-04:00,75.19387294347055,75.8267894705835,75.19387294347055,75.41363525390625,143500
2022-08-11 00:00:00-04:00,76.03776118150911,76.33663471148732,75.77404372019946,76.02896881103516,150800
2022-08-12 00:00:00-04:00,76.4333254187094,76.67946482878406,75.61580939271906,76.24872589111328,366900
2022-08-15 00:00:00-04:00,75.72129405924385,77.15414177478091,75.72129405924385,76.91680145263672,178000
2022-08-16 00:00:00-04:00,76.94317886596559,77.78706533115327,76.94317886596559,77.4266586303711,140200
2022-08-17 00:00:00-04:00,76.7322042278526,76.87284861013188,75.65976314819432,76.04654693603516,140300
2022-08-18 00:00:00-04:00,76.01137984312554,76.530015614056,75.28176745084906,76.03775024414062,124600
2022-08-19 00:00:00-04:00,75.8267903927545,75.85316079726933,74.84225281564824,75.29936218261719,272100
2022-08-22 00:00:00-04:00,74.71038765847219,74.71038765847219,73.06656999008646,73.32149505615234,162400
2022-08-23 00:00:00-04:00,73.4093847229174,73.67309540202208,71.73919026214078,71.77435302734375,189800
2022-08-24 00:00:00-04:00,71.6864532832079,71.6864532832079,70.61401236057685,71.2557144165039,177800
2022-08-25 00:00:00-04:00,71.3524242297644,71.7743708101296,70.50853777564734,70.93927001953125,265400
2022-08-26 00:00:00-04:00,71.37877833701826,71.51942940056567,69.85802727543005,70.22722625732422,204400
2022-08-29 00:00:00-04:00,69.81408175213001,70.1744951221264,69.04052091596526,69.09326171875,145000
2022-08-30 00:00:00-04:00,68.99656062024677,69.60310663339911,68.40759934445053,69.42729949951172,210500
2022-08-31 00:00:00-04:00,69.2778717456441,69.33940492709944,68.66253993109089,68.76802825927734,185800
2022-09-01 00:00:00-04:00,68.66252420725952,68.75922014263347,67.78347512685073,68.2405776977539,241200
2022-09-02 00:00:00-04:00,68.38122573986568,69.58552534104442,67.09781494412942,67.59008026123047,175800
2022-09-06 00:00:00-04:00,67.56370653938897,67.63403206883302,66.0869039541221,66.67586517333984,236500
2022-09-07 00:00:00-04:00,66.39460029834909,67.93293675273758,66.07814197691714,66.93961334228516,257200
2022-09-08 00:00:00-04:00,66.41216407924028,67.98565611123861,66.14844665908394,67.53734588623047,221700
2022-09-09 00:00:00-04:00,67.81865052900854,69.07569121643563,67.54614070281878,68.96141052246094,168300
2022-09-12 00:00:00-04:00,69.08446637261909,69.79650071259582,68.77680052527728,69.38334655761719,173200
2022-09-13 00:00:00-04:00,68.33727250632509,68.4779235760452,66.89563257475464,67.37911224365234,162200
2022-09-14 00:00:00-04:00,67.51097879127853,67.85380743030116,67.1241950112067,67.52855682373047,164100
2022-09-15 00:00:00-04:00,67.4933959613499,68.7592289453086,67.38791435042876,68.27574920654297,153200
2022-09-16 00:00:00-04:00,68.16147839966328,69.87562172307925,67.64283586423652,69.32182312011719,625000
2022-09-19 00:00:00-04:00,68.97019533011891,70.41183539595104,68.57462589626248,70.03384399414062,202200
2022-09-20 00:00:00-04:00,69.65584951434344,70.37666951540757,69.57673831371307,70.19207000732422,156500
2022-09-21 00:00:00-04:00,70.42942965162776,71.01839105063952,69.56795841948332,69.69102478027344,163000
2022-09-22 00:00:00-04:00,69.90199294545789,69.90199294545789,68.4955154961092,68.96141052246094,134900
2022-09-23 00:00:00-04:00,68.32436150347824,68.83754790792284,67.82002500269611,68.70482635498047,167600
2022-09-26 00:00:00-04:00,68.2270187155271,69.17375569680758,68.04121128000443,68.47476196289062,167300
2022-09-27 00:00:00-04:00,68.6517198058183,69.12067009815131,66.8378814505951,67.1652603149414,150100
2022-09-28 00:00:00-04:00,67.30682200381919,68.28895180275155,66.82017867984479,67.62535095214844,191600
2022-09-29 00:00:00-04:00,67.05909748374462,67.34223365567716,66.3866465439678,67.06794738769531,159900
2022-09-30 00:00:00-04:00,67.14755923907734,67.88194581922652,65.84690045870393,65.94422912597656,189800
2022-10-03 00:00:00-04:00,66.67861042706923,67.29796848749852,65.72302363340981,66.9352035522461,158800
2022-10-04 00:00:00-04:00,67.68730551371144,69.66925871312358,67.09449020972413,69.61617279052734,177600
2022-10-05 00:00:00-04:00,68.65172178515611,69.509980028203,67.93503497417764,69.46574401855469,99000
2022-10-06 00:00:00-04:00,69.20916536585649,69.68695892347861,68.81985059657207,69.55423736572266,103600
2022-10-07 00:00:00-04:00,69.31532233910448,69.31532233910448,67.97042749364039,68.08544921875,139600
2022-10-10 00:00:00-04:00,68.39514042056055,69.18261300563226,68.26241888083543,68.58094787597656,130500
2022-10-11 00:00:00-04:00,68.15623022902945,69.695782311081,68.12968727510567,68.9437026977539,199700
2022-10-12 00:00:00-04:00,68.94371013118266,69.72233953288136,68.34204502555076,69.01449584960938,107700
2022-10-13 00:00:00-04:00,68.34205448996738,71.98743848780664,68.34205448996738,71.33268737792969,219600
2022-10-14 00:00:00-04:00,71.96089392981055,72.93417404461509,71.18226443756818,71.50079345703125,170100
2022-10-17 00:00:00-04:00,72.38559038887306,73.04919134733504,71.17341695840126,72.26171875,200100
2022-10-18 00:00:00-04:00,72.77491016726701,73.41196821172892,71.96089455512056,72.78376007080078,188500
2022-10-19 00:00:00-04:00,72.40329394553356,73.21730954329713,71.8635645979842,72.92532348632812,185300
2022-10-20 00:00:00-04:00,72.81029794028639,72.95186263443667,70.27091584351638,71.04954528808594,257500
2022-10-21 00:00:00-04:00,72.93416846255025,74.97805722225922,72.54485374622551,73.8189697265625,322800
2022-10-24 00:00:00-04:00,74.19058585289751,74.95151549245529,73.96053563034567,74.92497253417969,203100
2022-10-25 00:00:00-04:00,75.01344526538608,76.42912584678865,74.96035935311394,75.92478942871094,211400
2022-10-26 00:00:00-04:00,76.25217665521293,76.96886355135433,74.85418897465468,75.91595458984375,148700
2022-10-27 00:00:00-04:00,76.04866135081922,77.27853449351257,75.80091809193098,75.89824676513672,156800
2022-10-28 00:00:00-04:00,76.80074232542995,77.15465738413477,75.89824137444037,76.84497833251953,221800
2022-10-31 00:00:00-04:00,76.65917052420419,77.28737852595911,76.18137709670813,76.9865493774414,242800
2022-11-01 00:00:00-04:00,77.25199342431885,77.60591526730342,76.7388138400138,76.95116424560547,198100
2022-11-02 00:00:00-04:00,76.69458677184382,77.23431617397549,75.31429872730986,75.55319213867188,190900
2022-11-03 00:00:00-04:00,75.26120143675251,75.615123330454,74.13750668103637,75.12848663330078,90500
2022-11-04 00:00:00-04:00,75.72129233088438,76.87152990157186,75.54432803120322,76.65032958984375,111700
2022-11-07 00:00:00-05:00,76.73881286608326,77.4643495972695,76.50876265848832,77.14582061767578,150500
2022-11-08 00:00:00-05:00,77.48204422757586,78.28721659528777,76.49106440973756,76.81844329833984,159900
2022-11-09 00:00:00-05:00,76.58838886934367,77.14581793953013,75.83630920771628,76.2964096069336,126100
2022-11-10 00:00:00-05:00,77.59707223627049,79.11893157052043,77.59707223627049,78.36685180664062,212900
2022-11-11 00:00:00-05:00,78.33144601018867,79.15431136316292,76.50875777154563,76.63262939453125,108200
2022-11-14 00:00:00-05:00,76.7476627230766,77.88020730480132,75.97788991388774,76.0132827758789,202900
2022-11-15 00:00:00-05:00,76.83613290435494,76.99539739024341,75.27888765399815,76.09290313720703,181500
2022-11-16 00:00:00-05:00,76.04866262361581,76.49106323631979,75.46469732510532,75.75668334960938,141900
2022-11-17 00:00:00-05:00,75.34966934144336,75.54431992445777,74.85417610600584,75.42044830322266,126700
2022-11-18 00:00:00-05:00,76.46451578179882,76.68571607513924,75.73897908966211,76.42912292480469,153500
2022-11-21 00:00:00-05:00,76.69456673296688,77.94213288944519,76.69456673296688,77.74748229980469,156400
2022-11-22 00:00:00-05:00,78.26067411488275,78.64113895279964,77.70325171302709,78.20758819580078,152500
2022-11-23 00:00:00-05:00,78.1014046408869,78.4641763995416,77.7563326877996,77.8094253540039,74500
2022-11-25 00:00:00-05:00,78.18987778642035,78.86232178054652,77.48203418676485,78.66767120361328,62800
2022-11-28 00:00:00-05:00,78.26951805174818,78.5791971402834,77.46435242155663,78.00408172607422,184100
2022-11-29 00:00:00-05:00,77.82711586204746,78.37569505821921,77.73863708859982,78.25182342529297,175800
2022-11-30 00:00:00-05:00,78.29604842813023,80.39302949153652,77.11041817953965,80.09219360351562,258300
2022-12-01 00:00:00-05:00,79.71173519865921,80.55230037135689,77.36701746815375,80.39303588867188,166100
2022-12-02 00:00:00-05:00,79.72943195048391,81.09202652785112,79.72943195048391,80.96815490722656,147600
2022-12-05 00:00:00-05:00,80.4018822612667,80.59653284222856,77.19889969475526,78.30490112304688,198300
2022-12-06 00:00:00-05:00,78.14564671740577,78.92426939307951,77.3493242363202,77.81826782226562,232200
2022-12-07 00:00:00-05:00,77.89790841014327,78.72077390129084,76.63264226247546,77.08389282226562,138500
2022-12-08 00:00:00-05:00,77.17236874197168,77.67670520168437,76.56185369845177,77.47319793701172,142900
2022-12-09 00:00:00-05:00,77.56167983262579,78.8446389286731,77.52628697301442,78.22528076171875,179100
2022-12-12 00:00:00-05:00,77.83596972482681,79.25165042351196,77.39356908458157,78.76500701904297,177400
2022-12-13 00:00:00-05:00,78.17218253752516,79.90639203215981,74.95150679741832,75.15501403808594,284600
2022-12-14 00:00:00-05:00,75.7743779981773,75.95133554678299,74.04016836994995,74.10210418701172,329000
2022-12-15 00:00:00-05:00,73.35887500052245,73.7747259183003,71.96088740306311,72.64218139648438,229000
2022-12-16 00:00:00-05:00,72.08475913640812,72.7660531307573,71.70429432773324,72.6067886352539,628000
2022-12-19 00:00:00-05:00,72.88992765084764,73.66855710434564,72.88992765084764,73.50929260253906,163600
2022-12-20 00:00:00-05:00,73.71279747636036,74.4648840157706,73.59777573233808,73.96054077148438,217900
2022-12-21 00:00:00-05:00,74.68607106817072,75.8097655999241,73.95168446644749,74.94265747070312,174200
2022-12-22 00:00:00-05:00,74.5091090110974,74.70376635718642,73.44735026033584,74.68607330322266,124900
2022-12-23 00:00:00-05:00,74.5791940600751,75.87057423134631,74.49904294329146,75.52323913574219,58600
2022-12-27 00:00:00-05:00,75.71027129460677,76.57415852822719,75.10466011602132,75.93292236328125,122800
2022-12-28 00:00:00-05:00,76.06651085332454,76.49399708038108,75.25605773925781,75.25605773925781,91700
2022-12-29 00:00:00-05:00,75.40745378705218,76.2980579611138,75.23824361442449,75.86166381835938,85800
2022-12-30 00:00:00-05:00,75.58557833618256,75.98634749467976,74.65044123999498,75.19371032714844,202700
2023-01-03 00:00:00-05:00,75.74590044592851,75.80824247679445,72.96721250996445,73.4837646484375,259000
2023-01-04 00:00:00-05:00,73.59953174483442,74.36545191290833,71.34630416924738,71.8005142211914,269200
2023-01-05 00:00:00-05:00,71.62239228932584,71.77379338136627,70.90100501979218,71.21271514892578,217700
2023-01-06 00:00:00-05:00,71.89848684932569,73.09189332859965,71.89848684932569,72.64659118652344,138900
2023-01-09 00:00:00-05:00,72.70892676908463,72.70892676908463,70.46460716167554,70.69615936279297,244000
2023-01-10 00:00:00-05:00,70.92773363542275,71.60459487969737,70.40228030266921,71.5244369506836,267600
2023-01-11 00:00:00-05:00,71.73817368818135,72.08550879547994,71.34630565132301,71.5066146850586,124800
2023-01-12 00:00:00-05:00,71.96972967111915,73.07408387022691,71.66692747749929,72.85143280029297,171300
2023-01-13 00:00:00-05:00,72.44174916287363,73.13642621165455,71.56896077006175,72.76236724853516,129500
2023-01-17 00:00:00-05:00,72.91377544544144,73.2343935324427,71.39974408020858,72.3705062866211,109200
2023-01-18 00:00:00-05:00,72.15673948004643,72.28143030227601,70.74959019946284,70.9188003540039,218600
2023-01-19 00:00:00-05:00,70.3844613269468,71.7381837562055,70.0905602580558,70.57148742675781,266000
2023-01-20 00:00:00-05:00,72.55752923785221,72.55752923785221,66.80422660590119,68.49637603759766,555800
2023-01-23 00:00:00-05:00,68.28263394760666,69.70759954998478,67.70373976061094,68.33607482910156,312200
2023-01-24 00:00:00-05:00,68.43402513120289,68.84370905256698,67.8551378229378,68.5141830444336,230300
2023-01-25 00:00:00-05:00,68.46966058511798,69.57401488108344,67.96201637293639,68.08670043945312,225800
2023-01-26 00:00:00-05:00,68.78136253940667,69.62743377685547,68.05106739709986,69.62743377685547,325900
2023-01-27 00:00:00-05:00,69.67198168838226,70.32211906252556,68.94168638899943,69.07527160644531,210300
2023-01-30 00:00:00-05:00,68.95057686243183,69.98368101583722,67.7037295994419,68.71902465820312,240900
2023-01-31 00:00:00-05:00,68.90604298291107,71.1770794045474,68.53198408972129,70.97224426269531,335700
2023-02-01 00:00:00-05:00,70.4646125042626,72.22800515918972,70.35773754541769,71.5155258178711,242500
2023-02-02 00:00:00-05:00,71.54222544716885,72.7979736328125,70.56256234455094,72.7979736328125,194600
2023-02-03 00:00:00-05:00,72.682203159245,74.06264227041714,72.10330911924474,73.68858337402344,251400
2023-02-06 00:00:00-05:00,73.57280612164149,73.99139114079465,72.4595509833704,72.67329406738281,160400
2023-02-07 00:00:00-05:00,72.26362270613319,73.51937786289176,71.96082054606897,73.40359497070312,196300
2023-02-08 00:00:00-05:00,72.94049285278658,73.61735401704803,71.62239551130601,72.16566467285156,183200
2023-02-09 00:00:00-05:00,72.58425457938822,72.74456363429921,71.5689661632092,71.76490020751953,121700
2023-02-10 00:00:00-05:00,71.6936347703457,72.51298896554758,71.37301672965444,72.04096984863281,83400
2023-02-13 00:00:00-05:00,71.8450397809975,72.67330196567937,71.8450397809975,72.28144073486328,78100
2023-02-14 00:00:00-05:00,72.32595239645914,72.39720234954031,71.26613142737757,71.4798812866211,103800
2023-02-15 00:00:00-05:00,71.24834230253364,72.34378855513452,71.1058423564383,72.0231704711914,135300
2023-02-16 00:00:00-05:00,71.45318661030956,72.37940911109791,71.2661537262573,72.03207397460938,189100
2023-02-17 00:00:00-05:00,72.16565924359617,72.5753363716045,71.7203571312257,72.2190933227539,151900
2023-02-21 00:00:00-05:00,71.66691938401434,71.80051136984218,71.21270935010793,71.58676147460938,171400
2023-02-22 00:00:00-05:00,71.69364956390956,71.69364956390956,71.09694628524092,71.41756439208984,234600
2023-02-23 00:00:00-05:00,71.41755224827374,71.96972249802235,71.10583534561736,71.65801239013672,144700
2023-02-24 00:00:00-05:00,71.301773228981,72.0142593383789,71.12365509901709,72.0142593383789,166200
2023-02-27 00:00:00-05:00,72.31705777935184,72.87814276979422,71.23942752081196,71.4977035522461,122900
2023-02-28 00:00:00-05:00,71.6402018331295,72.15674708931898,70.91880783272987,70.96334075927734,178400
2023-03-01 00:00:00-05:00,70.58039061181769,70.74960760275336,69.93915443013678,70.02821350097656,300100
2023-03-02 00:00:00-05:00,69.64524793969618,69.64524793969618,68.62105851290117,69.0218276977539,242800
2023-03-03 00:00:00-05:00,69.11087432338779,69.91241934360602,68.67448023256834,69.46711730957031,320300
2023-03-06 00:00:00-05:00,69.4938391990559,69.8144572295405,68.60323506876986,68.90604400634766,242600
2023-03-07 00:00:00-05:00,68.77245593658206,68.77245593658206,66.90218851563748,67.40092468261719,230800
2023-03-08 00:00:00-05:00,67.54343101434684,67.78389799524294,66.96454361947754,67.41874694824219,255200
2023-03-09 00:00:00-05:00,67.12485107785956,67.63249527628354,63.232907693427904,63.45555877685547,427300
2023-03-10 00:00:00-05:00,62.199802647740185,63.54461707780976,60.21375881281259,62.86775588989258,658800
2023-03-13 00:00:00-04:00,60.89951391346042,62.057302113490046,57.91599114540983,58.726444244384766,888900
2023-03-14 00:00:00-04:00,61.54965738436062,64.0166280518595,60.16031699362269,60.66796112060547,460400
2023-03-15 00:00:00-04:00,57.907083377422026,60.792645941596106,57.49740625171678,60.02672576904297,432700
2023-03-16 00:00:00-04:00,59.41219922773681,64.74691593198014,59.41219922773681,63.740535736083984,430900
2023-03-17 00:00:00-04:00,62.39572241547353,62.68071546182055,60.24046207780108,60.846073150634766,1072600
2023-03-20 00:00:00-04:00,62.05729810294637,63.20617828402191,60.329523859267894,60.418582916259766,460700
2023-03-21 00:00:00-04:00,62.74306555284799,64.51537287033234,61.977145368203836,62.03058624267578,444300
2023-03-22 00:00:00-04:00,61.763405511523224,62.05730655491808,59.34986872604512,59.46564483642578,327100
2023-03-23 00:00:00-04:00,59.982191788147766,59.982191788147766,57.96942438431348,58.138641357421875,363200
2023-03-24 00:00:00-04:00,57.50093040253319,61.35408655694324,57.23148309220976,60.98583984375,439900
2023-03-27 00:00:00-04:00,61.42595444368034,61.8301289178609,60.572694174852316,60.6445426940918,260600
2023-03-28 00:00:00-04:00,60.71638619143424,61.201399577099295,59.800254364625175,60.5187873840332,191300
2023-03-29 00:00:00-04:00,60.70740946573348,60.994830929203665,59.234408727973,59.97989273071289,212900
2023-03-30 00:00:00-04:00,59.98887706086555,60.608617606783014,58.14762269104103,58.677547454833984,182300
2023-03-31 00:00:00-04:00,59.15357804927732,59.52182481660699,58.35420592854425,58.938018798828125,242100
2023-04-03 00:00:00-04:00,59.13561148590615,59.34219395723979,57.77039374678353,57.905120849609375,186600
2023-04-04 00:00:00-04:00,58.26439228719814,58.26439228719814,56.144703404838516,57.41112518310547,214700
2023-04-05 00:00:00-04:00,56.782402394404194,57.50093547110773,56.782402394404194,57.195560455322266,199800
2023-04-06 00:00:00-04:00,57.303346807090655,57.86919586863851,57.105751386968905,57.37520217895508,203200
2023-04-10 00:00:00-04:00,57.150650907263135,58.25540139090985,56.74647306537965,56.97101593017578,283300
2023-04-11 00:00:00-04:00,57.07879430889556,57.66260368896167,56.710544155660834,56.72850799560547,185200
2023-04-12 00:00:00-04:00,56.99796707780117,57.249457447552565,55.524966249446805,55.84830856323242,136300
2023-04-13 00:00:00-04:00,56.018958043936955,56.94407706087198,55.41718475616358,56.62971496582031,164300
2023-04-14 00:00:00-04:00,57.393160037991514,57.91410115093606,55.01300420005943,55.45310974121094,167100
2023-04-17 00:00:00-04:00,55.63273898981935,56.81832504272461,54.842350572050655,56.81832504272461,152400
2023-04-18 00:00:00-04:00,56.67462031304002,56.67462031304002,54.15974079680215,54.572898864746094,200500
2023-04-19 00:00:00-04:00,54.86031742981718,56.710548546078265,54.510027663156215,55.99201202392578,169000
2023-04-20 00:00:00-04:00,55.27347563933083,55.524962566146975,54.563919322953986,55.408199310302734,193500
2023-04-21 00:00:00-04:00,52.641834040959644,53.78251229779846,49.10303601192752,53.5130615234375,440100
2023-04-24 00:00:00-04:00,53.08193775455651,53.69269468864046,52.102930618414824,52.309513092041016,252000
2023-04-25 00:00:00-04:00,51.86042568528891,52.201728400021004,49.97426341524491,50.360477447509766,227000
2023-04-26 00:00:00-04:00,50.59399889159277,51.00715693195187,49.8485149513233,50.11796569824219,252800
2023-04-27 00:00:00-04:00,50.306584855114295,50.37844022064052,49.30961735533096,49.39943313598633,272900
2023-04-28 00:00:00-04:00,49.65091527017648,51.02511988007245,49.65091527017648,50.29759979248047,341000
2023-05-01 00:00:00-04:00,50.34251719494798,50.47724430464675,48.1958876319321,48.366539001464844,279600
2023-05-02 00:00:00-04:00,48.743768466272776,48.743768466272776,44.70199665407357,44.95348358154297,349800
2023-05-03 00:00:00-04:00,45.58220350616433,47.15400362706655,44.52236086482722,44.701995849609375,330800
2023-05-04 00:00:00-04:00,43.148161656524444,44.34272802453004,41.45959819991435,42.896671295166016,392300
2023-05-05 00:00:00-04:00,44.980432435771114,45.57322551601678,43.76789879918734,44.477455139160156,286900
2023-05-08 00:00:00-04:00,45.106175401334525,46.30972539040795,42.76194715628274,43.05834197998047,188500
2023-05-09 00:00:00-04:00,43.39964989988319,43.40863353426636,42.11526428329961,42.717041015625,251700
2023-05-10 00:00:00-04:00,43.56131779811446,43.65113357771271,41.18116194998458,41.82784652709961,244100
2023-05-11 00:00:00-04:00,41.073385530163435,41.315892265480706,40.30994106532408,40.71411895751953,211800
2023-05-12 00:00:00-04:00,41.03745776712013,41.2260764006217,40.02252636073147,41.00153350830078,185100
2023-05-15 00:00:00-04:00,41.2530181757881,42.223041635456724,40.776988366726336,41.657196044921875,250500
2023-05-16 00:00:00-04:00,41.84580795966633,42.34878520472186,40.66920212764016,40.77698516845703,203900
2023-05-17 00:00:00-04:00,41.50450970706739,44.73792959241711,41.30691428066609,44.3337516784668,261900
2023-05-18 00:00:00-04:00,44.36967397906578,44.62116090554756,41.38774483898712,43.81280517578125,422500
2023-05-19 00:00:00-04:00,44.22596788189251,44.899596533004534,41.45061770226087,42.339805603027344,242800
2023-05-22 00:00:00-04:00,42.23202781901366,43.534377286514335,41.9176657123741,43.27390670776367,215400
2023-05-23 00:00:00-04:00,43.43557150383039,44.28883505938372,42.57332774140375,43.220008850097656,223800
2023-05-24 00:00:00-04:00,43.06732543758528,43.33677621063928,41.908683344575365,41.9266471862793,216900
2023-05-25 00:00:00-04:00,41.53145768364787,42.079339499960064,40.0584533322218,40.32790756225586,228000
2023-05-26 00:00:00-04:00,40.327899484093834,40.72309368872726,39.923721646257285,40.62429428100586,235700
2023-05-30 00:00:00-04:00,40.78596455642193,41.34282988445193,39.64528642757272,40.794944763183594,211500
2023-05-31 00:00:00-04:00,40.57939348314391,40.57939348314391,38.87286605914163,39.645294189453125,250200
2023-06-01 00:00:00-04:00,39.90575568350253,41.459591798534284,39.564449591233384,40.857818603515625,251400
2023-06-02 00:00:00-04:00,41.73803145570882,44.58523351756357,41.208110124081756,44.37865447998047,345500
2023-06-05 00:00:00-04:00,44.136152081133176,44.136152081133176,42.133229814965354,42.654170989990234,258800
2023-06-06 00:00:00-04:00,42.48350700045321,46.68694947263144,42.48350700045321,45.878597259521484,279500
2023-06-07 00:00:00-04:00,46.408525173091896,48.456358761785275,46.219909958394,47.92643737792969,309700
2023-06-08 00:00:00-04:00,47.56716746721416,47.56716746721416,45.56424519547896,46.34565353393555,237300
2023-06-09 00:00:00-04:00,46.543248999416186,48.016249779053815,45.59118593211875,46.192962646484375,172400
2023-06-12 00:00:00-04:00,45.94146901814387,47.432433422542225,44.93551457146997,45.72590637207031,260100
2023-06-13 00:00:00-04:00,46.05823513555624,47.1899331863221,45.456461852789815,46.201942443847656,224600
2023-06-14 00:00:00-04:00,46.24685251137585,46.63306310813886,43.8936406906186,44.1002197265625,267600
2023-06-15 00:00:00-04:00,43.758919809992406,44.953486211614376,43.758919809992406,44.576255798339844,267600
2023-06-16 00:00:00-04:00,44.98941053763741,44.98941053763741,43.18408733156936,44.2708740234375,979400
2023-06-20 00:00:00-04:00,44.163099238254254,44.30680999423071,43.10325982295186,43.6780891418457,220700
2023-06-21 00:00:00-04:00,43.606232399959076,43.606232399959076,42.663152864005326,42.735008239746094,200500
2023-06-22 00:00:00-04:00,42.49249419294382,42.70805343066355,40.92069409404057,41.27996063232422,215800
2023-06-23 00:00:00-04:00,40.76180240634216,41.707215244809646,40.07092592761627,41.27996063232422,651900
2023-06-26 00:00:00-04:00,41.27996435353202,42.33446231680395,41.20724214972925,41.625404357910156,282800
2023-06-27 00:00:00-04:00,41.75267458405715,43.12533881489853,41.14360916694787,42.18901824951172,201100
2023-06-28 00:00:00-04:00,42.11629003459497,42.11629003459497,40.8254371740474,40.898162841796875,217400
2023-06-29 00:00:00-04:00,41.58904699322788,42.47991578044993,41.27088080770263,41.35269546508789,200600
2023-06-30 00:00:00-04:00,41.77084912904853,41.77084912904853,40.443636931584464,40.461814880371094,188000
2023-07-03 00:00:00-04:00,40.761803692540795,42.08901591087369,40.761803692540795,41.97993087768555,135400
2023-07-05 00:00:00-04:00,41.52540754959126,42.08901762303316,40.77089432561591,41.361778259277344,227600
2023-07-06 00:00:00-04:00,40.80726325993574,41.561776596683245,40.24365310225472,41.35269546508789,279200
2023-07-07 00:00:00-04:00,41.27996681050107,42.652630999143554,41.27996681050107,41.943572998046875,205900
2023-07-10 00:00:00-04:00,41.83448329674587,42.8980701800378,41.27087324237965,41.46177291870117,245100
2023-07-11 00:00:00-04:00,41.63449596228665,42.33446499031622,41.08906726219272,42.225379943847656,212500
2023-07-12 00:00:00-04:00,43.16170096409593,44.2343804249336,43.16170096409593,43.85258102416992,339800
2023-07-13 00:00:00-04:00,44.25255846590423,45.80703328077442,43.90711846223834,45.30705642700195,362600
2023-07-14 00:00:00-04:00,45.45250806820551,45.661589189189115,44.19801787455271,44.57072830200195,301500
2023-07-17 00:00:00-04:00,44.4707258196261,45.4615904914048,44.4707258196261,45.052520751953125,161000
2023-07-18 00:00:00-04:00,45.17979054163835,47.20697184303815,45.17979054163835,46.93425750732422,208400
2023-07-19 00:00:00-04:00,47.24333378939169,48.77053820192654,46.98879740880198,48.597816467285156,221300
2023-07-20 00:00:00-04:00,48.37055888353547,48.670547105210964,47.29787940174329,48.561458587646484,283800
2023-07-21 00:00:00-04:00,49.997754627259205,50.75226786160917,48.270558080308085,50.52500534057617,505300
2023-07-24 00:00:00-04:00,50.31592496111703,53.39760791595135,50.106843840479506,53.38851547241211,408800
2023-07-25 00:00:00-04:00,53.41578332287819,54.106663353399476,52.3158335141086,52.44309997558594,407000
2023-07-26 00:00:00-04:00,53.32487922703204,55.64295631020606,53.15216095480372,55.515689849853516,483500
2023-07-27 00:00:00-04:00,56.115662005023395,56.39746878314898,54.161206379445524,54.579368591308594,361200
2023-07-28 00:00:00-04:00,54.97025740451923,55.5156860451501,53.779400595582594,54.49755096435547,176700
2023-07-31 00:00:00-04:00,54.45210513724227,55.29752205051598,51.234066787861764,54.77027130126953,216300
2023-08-01 00:00:00-04:00,54.28847055427776,54.67026991398262,53.1157951476115,53.679405212402344,182700
2023-08-02 00:00:00-04:00,52.879435927669086,53.91575582278847,52.81580270618156,53.80666732788086,147500
2023-08-03 00:00:00-04:00,53.67940374085277,54.5884537736115,52.81580551618185,54.124839782714844,155900
2023-08-04 00:00:00-04:00,53.988492452096196,54.533924669203714,53.31579722574042,53.77941131591797,137900
2023-08-07 00:00:00-04:00,53.770311957312266,54.415736661905015,53.13397622742825,54.088478088378906,148700
2023-08-08 00:00:00-04:00,53.00670598122187,53.22487603612397,51.52495353169718,53.07033920288086,221100
2023-08-09 00:00:00-04:00,52.72491022502327,53.124891054201974,51.75222681380932,52.179481506347656,229500
2023-08-10 00:00:00-04:00,52.51582591577305,53.143069250985825,51.90676053136266,52.37946701049805,148400
2023-08-11 00:00:00-04:00,51.979485700523014,52.31583327111532,51.015891333061504,51.94312286376953,149500
2023-08-14 00:00:00-04:00,51.51587117012896,51.670411501361876,50.252291996009156,51.35224533081055,190200
2023-08-15 00:00:00-04:00,50.66136166661268,51.2249717577508,49.61595613206219,49.98866653442383,221100
2023-08-16 00:00:00-04:00,49.98866809144096,50.67954466328242,49.515961608496355,49.65231704711914,198700
2023-08-17 00:00:00-04:00,49.87957140462886,50.5613588892598,49.634127494031674,50.234100341796875,233200
2023-08-18 00:00:00-04:00,49.69775877896268,50.79771184680366,49.28868907832177,50.35227584838867,323000
2023-08-21 00:00:00-04:00,50.42500817597631,50.943166435202876,49.352328822691284,49.6977653503418,191300
2023-08-22 00:00:00-04:00,49.67049525666075,50.20683493652718,48.60690833956592,48.615997314453125,213800
2023-08-23 00:00:00-04:00,48.65235710772272,48.97052322514523,48.23419493403868,48.42509460449219,143300
2023-08-24 00:00:00-04:00,48.20692133315151,48.84325703914708,47.897844188396554,48.3614616394043,229100
2023-08-25 00:00:00-04:00,48.58872833906263,48.68872440449223,47.24333461271643,47.952392578125,168000
2023-08-28 00:00:00-04:00,48.170564631426664,48.63417864031841,46.37064244508015,48.3978271484375,184000
2023-08-29 00:00:00-04:00,48.597818646694385,49.07052512584464,47.96148286830938,48.87053298950195,135400
2023-08-30 00:00:00-04:00,48.788717891411174,49.13415790525929,48.29783346597024,49.06143569946289,114000
2023-08-31 00:00:00-04:00,49.02506555132441,49.36141307194235,48.6614441733182,49.10688018798828,204300
2023-09-01 00:00:00-04:00,49.48868639366527,51.097705493234734,49.48868639366527,50.94316864013672,160700
2023-09-05 00:00:00-04:00,50.55227294259308,50.91589087552118,48.84325790780387,49.861392974853516,269000
2023-09-06 00:00:00-04:00,50.02502114213089,50.40682395109918,48.261465364017134,48.988704681396484,245000
2023-09-07 00:00:00-04:00,48.9068905588345,50.63408699016395,48.51599877140468,48.8614387512207,303200
2023-09-08 00:00:00-04:00,49.106880300898915,50.915887817875536,48.68871814265563,49.325050354003906,200200
2023-09-11 00:00:00-04:00,49.679591638391265,52.024939201095385,48.006939238704554,48.052391052246094,247800
2023-09-12 00:00:00-04:00,46.9888020551593,48.179659026661554,46.961531659730255,47.49787139892578,218500
2023-09-13 00:00:00-04:00,47.37968686125777,47.70694542875333,46.35246281831421,46.4615478515625,310700
2023-09-14 00:00:00-04:00,46.816087087393555,47.397878682765594,46.67972816508698,47.06153106689453,247000
2023-09-15 00:00:00-04:00,46.98879595755654,47.3251469737064,46.197923382982665,46.48881912231445,1036600
2023-09-18 00:00:00-04:00,46.47063942745437,46.47063942745437,45.279786034101,45.30705642700195,261200
2023-09-19 00:00:00-04:00,45.507047100391354,45.77066898142255,44.77071530585404,45.29796600341797,256200
2023-09-20 00:00:00-04:00,45.62521789952236,46.46154569629875,44.90707104055468,44.93434143066406,173400
2023-09-21 00:00:00-04:00,44.479822230330925,45.02525091009639,44.25255970247015,44.36164474487305,177100
2023-09-22 00:00:00-04:00,44.48891269800547,45.44341812124018,43.59804397503736,43.807125091552734,189500
2023-09-25 00:00:00-04:00,43.54350411644135,44.61618358427109,42.99807193897218,44.57072830200195,114900
2023-09-26 00:00:00-04:00,44.04347388003212,45.06160892493109,43.870752157979645,44.225284576416016,215900
2023-09-27 00:00:00-04:00,44.55254094198884,44.85252911975899,43.49804303412373,43.95256805419922,164100
2023-09-28 00:00:00-04:00,44.061662963955676,44.84344666702522,43.798037581711064,44.44346237182617,279100
2023-09-29 00:00:00-04:00,44.93992774511449,45.62947244790341,44.86637462669159,45.132999420166016,197100
2023-10-02 00:00:00-04:00,45.105427993362596,45.13300866481771,44.32394173247222,44.54459762573242,215200
2023-10-03 00:00:00-04:00,44.158444091719375,44.682497814307474,43.37696145479492,43.772300720214844,185200
2023-10-04 00:00:00-04:00,43.910208600832185,44.176833415379065,43.37696247894443,43.781494140625,181600
2023-10-05 00:00:00-04:00,43.71713262277443,44.93992688922382,43.2850203354896,44.645721435546875,362700
2023-10-06 00:00:00-04:00,44.121671354852,45.06864501700185,43.257439695299986,44.31474304199219,341900
2023-10-09 00:00:00-04:00,44.149251532905616,45.44559550065523,44.09408669124605,44.91234588623047,142900
2023-10-10 00:00:00-04:00,45.23413611404049,45.794966402869974,44.958318916624364,45.21574783325195,255900
2023-10-11 00:00:00-04:00,45.34446518205143,45.88690722467038,44.48942936051297,45.17897415161133,166500
2023-10-12 00:00:00-04:00,45.11461984673081,45.73980744515058,44.17683844910114,44.3607177734375,150600
2023-10-13 00:00:00-04:00,44.68249329946488,44.811211250832955,43.229854348937934,43.468894958496094,146500
2023-10-16 00:00:00-04:00,43.87343679013461,44.700888418020625,43.855048508554106,44.4802360534668,170200
2023-10-17 00:00:00-04:00,44.24119129712067,46.55806213659365,43.76310650416218,45.76738357543945,161000
2023-10-18 00:00:00-04:00,45.3260692427172,45.620274689973016,44.351515013884395,44.48942184448242,118200
2023-10-19 00:00:00-04:00,44.728465584989166,45.14218958049807,43.76310024292026,43.94697952270508,213300
2023-10-20 00:00:00-04:00,46.06158189468225,46.06158189468225,41.87834499125472,41.933509826660156,321600
2023-10-23 00:00:00-04:00,41.565756017013335,43.4505109351347,41.28993882290878,42.63225173950195,260500
2023-10-24 00:00:00-04:00,42.92645522857441,43.54245032388025,41.47381620297365,41.77721405029297,209600
2023-10-25 00:00:00-04:00,41.36348987896188,42.65983378298273,41.03250785968749,42.374820709228516,247600
2023-10-26 00:00:00-04:00,42.55870332107866,44.83879756750247,41.8323820006565,44.682498931884766,274200
2023-10-27 00:00:00-04:00,44.673304316785426,45.022674625558956,42.98162112062655,43.52406311035156,246200
2023-10-30 00:00:00-04:00,44.07569880937096,45.335269734613306,42.852907952773585,44.884765625,194300
2023-10-31 00:00:00-04:00,44.88475943296794,45.66624196610609,44.61813466012581,44.866371154785156,166600
2023-11-01 00:00:00-04:00,45.09622388164975,46.2270767989543,44.59975084267532,45.95125961303711,228200
2023-11-02 00:00:00-04:00,46.300630728738994,48.48878698873231,46.300630728738994,48.17619323730469,232300
2023-11-03 00:00:00-04:00,49.380596211037094,50.72290912274352,48.71863564903724,49.6196403503418,224000
2023-11-06 00:00:00-05:00,49.509309202854205,49.85867950762354,49.068001005506204,49.51850509643555,274500
2023-11-07 00:00:00-05:00,49.17832927484156,49.46333883798498,48.73701758294433,48.847347259521484,188000
2023-11-08 00:00:00-05:00,48.81057234783904,48.920898520933605,47.31196084221419,47.54180908203125,197200
2023-11-09 00:00:00-05:00,47.65213819985875,48.13941534021337,47.045335486986666,47.35792922973633,170000
2023-11-10 00:00:00-05:00,47.578591324911585,47.96473473046637,46.84307757108849,47.6153678894043,191300
2023-11-13 00:00:00-05:00,47.22002675629049,48.00150943179331,46.56725854430991,47.66133499145508,170900
2023-11-14 00:00:00-05:00,49.77593365091651,52.40539804373767,49.30704479053781,51.82617950439453,301200
2023-11-15 00:00:00-05:00,51.71585496969349,53.196078224201216,51.430841884155285,52.258296966552734,259600
2023-11-16 00:00:00-05:00,52.33184881786426,52.36862538025522,50.8056565507,52.06522750854492,184000
2023-11-17 00:00:00-05:00,52.37781443986037,53.48108310997911,52.29506893888091,52.43297576904297,245900
2023-11-20 00:00:00-05:00,52.27668642060611,52.524922950898414,51.642303007457144,51.9365119934082,219200
2023-11-21 00:00:00-05:00,51.62391903958477,52.08361554569966,50.63097290291772,50.71371841430664,140000
2023-11-22 00:00:00-05:00,51.33890082340338,51.57794143957404,50.686132691547286,51.06308364868164,148700
2023-11-24 00:00:00-05:00,51.17341191778586,51.504393943920945,50.658550598552864,51.200992584228516,62100
2023-11-27 00:00:00-05:00,50.87920866760812,51.06308796871436,50.55742252107666,51.0079231262207,155600
2023-11-28 00:00:00-05:00,50.943565491233166,51.136637177614546,50.41031938019803,51.03550338745117,165200
2023-11-29 00:00:00-05:00,51.46762555554046,53.15011661979304,51.46762555554046,52.285884857177734,207800
2023-11-30 00:00:00-05:00,52.45137064608822,52.80993335970364,51.82618311719763,52.423789978027344,321100
2023-12-01 00:00:00-05:00,52.03764039813216,55.91747983139706,51.292934341351284,54.952117919921875,322200
2023-12-04 00:00:00-05:00,54.20740746087692,55.64166172469328,52.49733601365127,55.03486251831055,403600
2023-12-05 00:00:00-05:00,54.58435968132154,55.338261636620736,53.84884600629864,54.68549346923828,247200
2023-12-06 00:00:00-05:00,55.31987633166931,56.68058108765314,54.93373294671615,55.007286071777344,228500
2023-12-07 00:00:00-05:00,55.209545172166685,56.156522282292485,54.56596941474676,56.13813400268555,131600
2023-12-08 00:00:00-05:00,56.202496883385486,57.07592096297653,54.74066182598331,56.63460922241211,137600
2023-12-11 00:00:00-05:00,56.55186465772866,57.02994946201833,56.266855058375725,56.79090881347656,150600
2023-12-12 00:00:00-05:00,56.781711135752836,56.781711135752836,55.9542595255196,56.027809143066406,200400
2023-12-13 00:00:00-05:00,56.248465353911975,60.01797534038352,55.954259867514494,59.84328842163086,354900
2023-12-14 00:00:00-05:00,61.7556212168629,63.208263724834175,59.52149612390321,61.020111083984375,513000
2023-12-15 00:00:00-05:00,62.00386671123408,62.00386671123408,59.79732208889894,60.045555114746094,1090100
2023-12-18 00:00:00-05:00,60.62477554544762,60.8546237912045,59.429561861747096,59.61343765258789,298100
2023-12-19 00:00:00-05:00,59.83409845439508,61.01092037859806,59.83409845439508,60.64316177368164,247800
2023-12-20 00:00:00-05:00,60.753495671926856,61.89354111324398,59.56747777140312,59.59505844116211,330300
2023-12-21 00:00:00-05:00,60.51445234484665,60.707524050235634,59.6410317231709,60.5604248046875,160400
2023-12-22 00:00:00-05:00,60.9590807204064,61.904754601763486,60.9590807204064,61.153778076171875,201300
2023-12-26 00:00:00-05:00,61.589535548501004,62.76699306822528,61.079608823340614,62.4517707824707,131400
2023-12-27 00:00:00-05:00,62.46104179683682,63.00804765135026,62.12727287516052,62.720638275146484,160400
2023-12-28 00:00:00-05:00,62.247802269732475,63.1378504337572,61.88622042414349,62.87825393676758,145800
2023-12-29 00:00:00-05:00,62.5908342894654,62.5908342894654,60.83855114828045,61.01470184326172,173400
2024-01-02 00:00:00-05:00,60.374996468767456,61.79351101116919,60.22665156509114,60.514060974121094,191700
2024-01-03 00:00:00-05:00,60.245197049249725,60.245197049249725,57.9459006010706,58.07569885253906,204500
2024-01-04 00:00:00-05:00,58.344568594096444,59.17899097621606,58.17768411767252,58.76177978515625,162700
2024-01-05 00:00:00-05:00,58.205494644101954,60.01341091053294,57.20419136313625,59.0399169921875,193000
2024-01-08 00:00:00-05:00,59.049188175662316,59.484946008560556,58.74323566528947,59.355140686035156,345400
2024-01-09 00:00:00-05:00,58.539261087408114,59.66109277898527,58.01079480173171,59.29951095581055,220200
2024-01-10 00:00:00-05:00,59.00282642960026,59.66109093538417,58.428004152488725,59.61473846435547,135600
2024-01-11 00:00:00-05:00,59.216073078508764,59.225346403072244,57.50087585491846,58.659793853759766,340300
2024-01-12 00:00:00-05:00,59.33659852738685,59.96705016967928,57.41743070170563,58.08496856689453,125900
2024-01-16 00:00:00-05:00,56.833338980696766,57.84391563537943,56.499570025133735,56.71281051635742,204000
2024-01-17 00:00:00-05:00,55.66514864961025,57.07439332214003,54.06120660740688,56.1936149597168,172100
2024-01-18 00:00:00-05:00,56.65718025756184,57.00021897413075,56.07308463127878,56.5830078125,209500
2024-01-19 00:00:00-05:00,58.40019380372653,58.40019380372653,54.68238310887028,55.83203125,380000
2024-01-22 00:00:00-05:00,56.13798023780515,57.35252742412943,55.655869985296356,57.30617141723633,297700
2024-01-23 00:00:00-05:00,57.92735584971299,57.92735584971299,56.100899982681554,56.29560089111328,320600
2024-01-24 00:00:00-05:00,56.80552391039716,57.51014448332301,55.46117835149626,55.53535079956055,350400
2024-01-25 00:00:00-05:00,56.434668148716064,56.54592681963981,54.49695717267265,54.7194709777832,322600
2024-01-26 00:00:00-05:00,55.15522700612388,55.75786224401564,54.71947270641574,55.0625114440918,224900
2024-01-29 00:00:00-05:00,55.31283467263735,55.934016520547935,55.006882179044304,55.84130096435547,510200
2024-01-30 00:00:00-05:00,55.81348584397343,55.98037030173949,55.39627469955829,55.414817810058594,371200
2024-01-31 00:00:00-05:00,54.6082167314694,55.33138042054691,51.85462647423274,52.002967834472656,436400
2024-02-01 00:00:00-05:00,52.5592433097997,53.25459404956454,48.91560515049301,50.62153244018555,861600
2024-02-02 00:00:00-05:00,49.70367337077451,52.308918646560784,49.70367337077451,51.687740325927734,545200
2024-02-05 00:00:00-05:00,50.86259000884632,51.400326082191626,50.16723925999057,50.71424865722656,415900
2024-02-06 00:00:00-05:00,50.89967962400904,51.67847265611283,49.508978033590616,49.91691589355469,236300
2024-02-07 00:00:00-05:00,50.1023406014572,50.1023406014572,48.498398617056075,49.3977165222168,289500
2024-02-08 00:00:00-05:00,49.24937945789558,49.722219993223135,48.452043289882155,48.767269134521484,304500
2024-02-09 00:00:00-05:00,48.48912362217132,49.58314238902674,47.6732444404897,49.082489013671875,377000
2024-02-12 00:00:00-05:00,49.27719290869995,50.98312028157055,49.212293786096474,50.33412551879883,329100
2024-02-13 00:00:00-05:00,48.38714101595248,48.526212584764444,46.44943006045001,47.432193756103516,365700
2024-02-14 00:00:00-05:00,48.136811972165134,48.17389819360891,46.912994958414274,47.7010612487793,247900
2024-02-15 00:00:00-05:00,48.21098928118854,50.278498589415676,48.034835016655705,50.05598831176758,280500
2024-02-16 00:00:00-05:00,49.610959323957935,50.222867875833266,48.739454276358835,49.842742919921875,274900
2024-02-20 00:00:00-05:00,49.240104926789144,50.028167694108625,49.2215618157451,49.314273834228516,137400
2024-02-21 00:00:00-05:00,49.00832037316438,49.53678664887382,48.61892212242563,49.11957550048828,190700
2024-02-22 00:00:00-05:00,48.832168391760725,49.4997063084865,48.266619364242665,48.78581237792969,224700
2024-02-23 00:00:00-05:00,48.720905509672804,49.323544203930965,48.35932370781255,48.73017883300781,136400
2024-02-26 00:00:00-05:00,48.39641291186626,49.07322055085437,47.40437945804591,47.86794662475586,148800
2024-02-27 00:00:00-05:00,48.285157475610845,48.702365093611775,48.08118679179756,48.55402374267578,141000
2024-02-28 00:00:00-05:00,48.02556703632393,48.68383169132946,47.422931725289466,47.45074462890625,131800
2024-02-29 00:00:00-05:00,48.39641919127834,49.24938119106239,48.09973644902848,48.36860275268555,159400
2024-03-01 00:00:00-05:00,47.99774529970526,48.146086652924744,46.85737048369229,47.23749542236328,236500
2024-03-04 00:00:00-05:00,47.00571045415876,48.025556785450114,45.373952080008515,45.55010986328125,402200
2024-03-05 00:00:00-05:00,45.559383279701706,47.73815121446496,45.559383279701706,47.71033477783203,346700
2024-03-06 00:00:00-05:00,47.80305060148307,48.618926321302126,46.60704638506625,47.74742126464844,270700
2024-03-07 00:00:00-05:00,48.442765922017934,48.7765348272628,47.79377122145698,48.044097900390625,230500
2024-03-08 00:00:00-05:00,48.971240086035856,49.091768551671876,47.793778940904225,48.06264877319336,174500
2024-03-11 00:00:00-04:00,48.43349785127838,48.943421013806855,48.26661339274372,48.35932540893555,214100
2024-03-12 00:00:00-04:00,48.09046001734867,48.09046001734867,47.02425758649364,47.03352737426758,281100
2024-03-13 00:00:00-04:00,46.764653362275816,47.79377301311416,46.746110251651906,46.9778938293457,286700
2024-03-14 00:00:00-04:00,46.644131405694445,46.71830031615588,44.95674713603762,45.37395477294922,605200
2024-03-15 00:00:00-04:00,45.12362921035279,46.77393083489872,45.12362921035279,46.29182052612305,1303700
2024-03-18 00:00:00-04:00,46.328900422976766,46.8851795681127,45.70771862539631,45.8282470703125,176100
2024-03-19 00:00:00-04:00,45.82825417651981,46.3567205073648,45.62428347453153,45.75408172607422,153200
2024-03-20 00:00:00-04:00,45.38323162043914,47.99775046262618,45.373958295450954,47.49709701538086,186800
2024-03-21 00:00:00-04:00,47.636165808052425,48.48912774670408,47.599079583744874,47.68252182006836,211900
2024-03-22 00:00:00-04:00,48.146085523671005,48.146085523671005,46.8017400522362,47.024253845214844,178000
2024-03-25 00:00:00-04:00,46.9129980636537,48.21098760620794,46.9129980636537,47.60834884643555,310800
2024-03-26 00:00:00-04:00,47.747417483106126,48.56329667504549,46.86663917170148,47.024253845214844,185700
2024-03-27 00:00:00-04:00,47.441463360455174,48.87852444350969,47.441463360455174,48.8507080078125,211700
2024-03-28 00:00:00-04:00,48.91631571727028,49.34746435951493,48.49454539017244,48.756980895996094,292200
2024-04-01 00:00:00-04:00,49.178755356351076,49.30997311075133,47.27608719130052,47.61350631713867,180200
2024-04-02 00:00:00-04:00,46.9386687395756,47.41667675468997,46.366931208957624,46.88243103027344,241800
2024-04-03 00:00:00-04:00,46.451296550726205,47.17299789488822,46.38568766265841,46.48878479003906,275400
2024-04-04 00:00:00-04:00,47.18236499467612,47.70723962940093,46.20759934822259,46.35756301879883,706600
2024-04-05 00:00:00-04:00,46.207596690178164,46.52626991874832,45.663979756391264,46.104496002197266,140900
2024-04-08 00:00:00-04:00,46.23571826499815,47.05114546978999,46.23571826499815,46.56376266479492,120400
2024-04-09 00:00:00-04:00,46.807453974099026,47.322957443035826,46.73247392660926,46.85432052612305,409700
2024-04-10 00:00:00-04:00,45.35467550359737,45.42965911866134,43.86441012064883,44.511131286621094,321000
2024-04-11 00:00:00-04:00,44.60486153522528,45.37342578673375,44.304934196852024,45.185970306396484,357300
2024-04-12 00:00:00-04:00,44.829807400349544,45.59837162740436,44.61423128080041,45.58899688720703,306100
2024-04-15 00:00:00-04:00,45.6827249630654,46.06700706440355,44.829805978367766,45.645233154296875,256600
2024-04-16 00:00:00-04:00,45.120358736676046,45.5983703618307,44.69858482489715,45.42966079711914,210800
2024-04-17 00:00:00-04:00,45.926416901066574,46.43254561889242,45.476525899248884,45.485897064208984,229100
2024-04-18 00:00:00-04:00,45.87955718189755,46.49815780023122,45.54213801273081,46.34819412231445,224700
2024-04-19 00:00:00-04:00,44.83917554974852,47.58538787469741,44.83917554974852,47.3885612487793,419400
2024-04-22 00:00:00-04:00,47.21985151966431,47.7915890670447,46.82619469383866,47.60413360595703,249000
2024-04-23 00:00:00-04:00,47.72598013513388,49.38495518863115,47.454173450704275,48.94443893432617,358600
2024-04-24 00:00:00-04:00,48.44767862427329,49.82547217447692,47.60413439845898,49.60052490234375,459400
2024-04-25 00:00:00-04:00,48.96318325377461,49.24436466932274,47.7822163028905,49.066280364990234,317700
2024-04-26 00:00:00-04:00,48.878830258050115,49.81610406107761,48.878830258050115,49.422447204589844,257400
2024-04-29 00:00:00-04:00,49.56303737481578,50.08790839156625,47.885316488181196,47.89468765258789,170500
2024-04-30 00:00:00-04:00,47.37918706345944,47.89468690778678,46.957413163404134,47.0886344909668,205600
2024-05-01 00:00:00-04:00,47.46354275909339,48.710118579369585,47.11675246809823,47.679115295410156,360100
2024-05-02 00:00:00-04:00,47.988424844599535,48.344589931052326,47.6135138509212,48.11027145385742,306700
2024-05-03 00:00:00-04:00,49.03816473283891,49.03816473283891,48.10089093660664,48.66325378417969,264600
2024-05-06 00:00:00-04:00,48.69137383277078,49.02879296734678,48.18524513090678,48.26959991455078,210200
2024-05-07 00:00:00-04:00,48.51328609655673,48.60701561365637,47.49165760037133,47.55727005004883,161400
2024-05-08 00:00:00-04:00,47.172990912011926,48.07277287982076,46.88243475399595,48.007164001464844,235800
2024-05-09 00:00:00-04:00,48.15713089666607,48.79447739385103,47.96967541359709,48.65388488769531,218300
2024-05-10 00:00:00-04:00,48.56015599006391,48.93506335805836,47.894688886740056,48.55078125,177900
2024-05-13 00:00:00-04:00,48.963187553186565,49.24436899342498,48.55078477044863,48.700748443603516,165200
2024-05-14 00:00:00-04:00,49.09440116770237,49.450562626684906,48.653881350826026,49.34746551513672,160300
2024-05-15 00:00:00-04:00,49.87233666477361,49.90045730928099,48.747607420702536,48.916316986083984,191000
2024-05-16 00:00:00-04:00,48.71949080326307,49.534917993222315,48.41019231414022,49.39432907104492,159800
2024-05-17 00:00:00-04:00,49.6098971328744,49.90982443027191,49.41307051434768,49.62864303588867,156000
2024-05-20 00:00:00-04:00,49.713000326118134,50.05041944661009,49.43181891751336,49.60052490234375,165500
2024-05-21 00:00:00-04:00,49.40369714567108,49.919196978910385,49.30997120341503,49.85358810424805,216200
2024-05-22 00:00:00-04:00,49.71300566880978,50.875223236057984,49.5068042784784,50.66902542114258,469100
2024-05-23 00:00:00-04:00,50.80961069803042,50.875219576522696,47.80096272574506,48.07277297973633,298900
2024-05-24 00:00:00-04:00,48.4195575768899,49.21623876503428,47.3416914278331,47.71660232543945,142100
2024-05-28 00:00:00-04:00,47.71660785195816,48.0821440529822,46.97616070990572,47.16361618041992,134100
2024-05-29 00:00:00-04:00,46.441914086620386,46.60125248501492,45.729587602299844,46.42316818237305,193700
2024-05-30 00:00:00-04:00,46.90117980907995,47.697861074923544,46.56376068340927,47.26671600341797,143200
2024-05-31 00:00:00-04:00,47.54789589500607,48.16649641380449,47.369815173451336,47.60413360595703,205300
2024-06-03 00:00:00-04:00,48.18524691108121,48.18524691108121,46.76059027658044,46.87306213378906,115600
2024-06-04 00:00:00-04:00,46.41379737875786,46.99490611327999,46.22634191024295,46.8355712890625,178900
2024-06-05 00:00:00-04:00,47.06051624683551,47.21985465072088,46.11387128992515,46.64811706542969,169300
2024-06-06 00:00:00-04:00,46.676236209429995,47.13550196118753,46.273208174851725,46.85432052612305,94200
2024-06-07 00:00:00-04:00,46.170104038715465,46.88243410154593,46.095123996816056,46.554386138916016,162900
2024-06-10 00:00:00-04:00,46.00139868104812,46.00139868104812,44.642350989619615,44.78293991088867,424600
2024-06-11 00:00:00-04:00,44.34242775189664,44.55800031136694,43.67696059175715,44.286190032958984,310500
2024-06-12 00:00:00-04:00,45.41091293544146,46.32944076182918,45.04537675279299,45.63585662841797,353000
2024-06-13 00:00:00-04:00,45.62648946003142,45.682727175908326,44.192461671621004,44.726707458496094,379800
2024-06-14 00:00:00-04:00,44.314301930449005,44.539249204518086,43.48012886172917,43.564483642578125,233500
2024-06-17 00:00:00-04:00,43.20831387998019,43.864406150748756,42.4491245109527,43.60197067260742,661800
2024-06-18 00:00:00-04:00,43.58323061154004,44.05186749983616,42.908392348260584,43.59260177612305,376200
2024-06-20 00:00:00-04:00,43.50825264547936,44.023756149908024,43.14271639718716,44.014381408691406,300300
2024-06-21 00:00:00-04:00,42.52410490631582,43.78942649117339,42.28041532816655,43.517616271972656,1119400
2024-06-24 00:00:00-04:00,43.67696125255873,44.67984401524896,43.48013459642314,44.39866256713867,302100
2024-06-25 00:00:00-04:00,44.17371658582351,44.286188444248005,43.64884195414936,43.71445083618164,204300
2024-06-26 00:00:00-04:00,43.56448468171014,44.342423632030396,43.17083141196908,44.089359283447266,257600
2024-06-27 00:00:00-04:00,44.19245953014534,44.86729421088781,43.87378630645018,44.80168533325195,155100
2024-06-28 00:00:00-04:00,45.41091283610287,47.79158896329218,45.41091283610287,47.53852462768555,558800
2024-07-01 00:00:00-04:00,47.500608759533044,48.01249005879121,46.66643222919235,46.91289520263672,246000
2024-07-02 00:00:00-04:00,46.81810253629622,47.50061096702527,46.81810253629622,47.055084228515625,134200
2024-07-03 00:00:00-04:00,47.17831597676478,47.17831597676478,46.2683071415611,46.41997528076172,95900
2024-07-05 00:00:00-04:00,46.41997261808103,46.922372622355,45.206623958020955,45.4720458984375,653400
2024-07-08 00:00:00-04:00,46.17351321235499,46.17351321235499,44.96016807463146,45.39621353149414,293000
2024-07-09 00:00:00-04:00,45.329855196671076,46.15455042576501,44.96964203267751,46.0502815246582,248900
2024-07-10 00:00:00-04:00,46.05028413870335,47.23519259905219,45.879657031128815,46.99821090698242,174300
2024-07-11 00:00:00-04:00,48.14520042785213,50.334908902780406,47.25414696991965,50.07897186279297,537400
2024-07-12 00:00:00-04:00,50.66669165471871,50.89419207731615,49.54813766479492,49.54813766479492,243900
2024-07-15 00:00:00-04:00,50.230638210963754,52.32555538292937,50.230638210963754,51.510337829589844,372400
2024-07-16 00:00:00-04:00,52.145449207961946,53.974948134623425,51.301794974475754,53.69057083129883,503100
2024-07-17 00:00:00-04:00,53.06493911496063,55.766532526363555,53.06493911496063,54.97975158691406,432000
2024-07-18 00:00:00-04:00,54.42047478921881,55.52006967894835,53.178689440002515,53.67161178588867,425800
2024-07-19 00:00:00-04:00,55.74757171810171,57.520193672424,54.8849585473408,55.02714538574219,490500
2024-07-22 00:00:00-04:00,55.804445651673774,58.866248559436926,55.50110938698262,58.63874816894531,480600
2024-07-23 00:00:00-04:00,57.88040468917655,59.453962841669686,57.17893735119736,59.017913818359375,352300
2024-07-24 00:00:00-04:00,58.657709698114104,60.70523138218781,58.657709698114104,58.875732421875,290400
2024-07-25 00:00:00-04:00,58.98947923288945,61.01804544708954,58.98947923288945,59.719383239746094,366100
2024-07-26 00:00:00-04:00,59.728862129875914,60.83793829293283,59.21698443990318,60.80950164794922,252900
2024-07-29 00:00:00-04:00,61.12232174325015,61.283467559582085,58.86625138617364,58.98948287963867,204400
2024-07-30 00:00:00-04:00,59.32125533043845,61.07491829996875,59.32125533043845,60.989601135253906,265800
2024-07-31 00:00:00-04:00,60.83793829293283,62.36410091864808,60.03220201259978,60.80950164794922,343600
2024-08-01 00:00:00-04:00,60.40189418072473,60.63887587023975,58.107909545871486,58.553436279296875,418000
2024-08-02 00:00:00-04:00,55.99403229914755,57.861449135973366,54.72381032162072,57.50123596191406,278100
2024-08-05 00:00:00-04:00,54.903913558648206,55.690694467252925,53.719005165727935,54.89443588256836,329900
2024-08-06 00:00:00-04:00,54.84703934457689,55.69069352753181,54.410993931192856,55.207252502441406,202900
2024-08-07 00:00:00-04:00,56.10778192357706,56.25945005594213,54.11713723427878,54.543704986572266,178400
2024-08-08 00:00:00-04:00,55.25464856822199,55.48214895270348,54.66693140686238,55.415794372558594,150100
2024-08-09 00:00:00-04:00,55.15038281907481,55.368405554310456,54.35412414357971,55.05559158325195,162300
2024-08-12 00:00:00-04:00,55.4916325200859,56.126741703529426,53.67161128934025,54.192970275878906,132100
2024-08-13 00:00:00-04:00,54.47734786295008,55.11245700758021,53.57681678702456,54.99870681762695,156500
2024-08-14 00:00:00-04:00,55.12193903906058,55.12193903906058,54.183490015207525,54.59109878540039,115700
2024-08-15 00:00:00-04:00,56.06038530721912,56.904039504408956,55.74757137183627,56.221534729003906,167000
2024-08-16 00:00:00-04:00,56.145704382086045,58.051039290415446,56.145704382086045,56.90404510498047,198300
2024-08-19 00:00:00-04:00,56.87560640476648,57.577073808155546,56.75237491172779,57.49176025390625,173500
2024-08-20 00:00:00-04:00,57.169463940237904,57.169463940237904,55.709655868551074,55.78548812866211,143900
2024-08-21 00:00:00-04:00,56.2784095273111,56.629145024582435,55.55798679615379,56.098304748535156,92500
2024-08-22 00:00:00-04:00,55.73809712438958,56.57227375093039,55.4537197973575,56.088829040527344,114200
2024-08-23 00:00:00-04:00,56.600705334999766,60.733666540673305,56.27841009558338,59.70990753173828,262600
2024-08-26 00:00:00-04:00,60.26918228295762,60.6862651197772,59.25489737101136,59.62459182739258,244800
2024-08-27 00:00:00-04:00,59.17906713701637,59.50136237581563,58.87573086709396,59.0368766784668,168400
2024-08-28 00:00:00-04:00,58.638750956190904,60.07011879723543,58.506041786087216,59.68146896362305,114000
2024-08-29 00:00:00-04:00,60.0606360038218,60.250222066127336,59.01791446916801,59.861572265625,167300
2024-08-30 00:00:00-04:00,59.890009330435944,60.335536037578436,59.47292288327394,60.013240814208984,179700
2024-09-03 00:00:00-04:00,59.198026488989164,60.10803530464547,58.71458181963491,59.13167190551758,194100
2024-09-04 00:00:00-04:00,58.468121899472635,59.70990723674716,57.80457245500492,58.250099182128906,111700
2024-09-05 00:00:00-04:00,58.67666575738695,58.87572950189765,57.37800353983776,57.81405258178711,117300
2024-09-06 00:00:00-04:00,58.09843098097195,58.29749472926782,56.524872731295645,56.84716796875,126500
2024-09-09 00:00:00-04:00,56.90403701458147,57.25477248709762,55.93715137433902,56.69549560546875,168800
2024-09-10 00:00:00-04:00,56.733415329952365,56.856646821660895,55.1882973095262,56.59122848510742,145400
2024-09-11 00:00:00-04:00,56.08882079979823,56.08882079979823,54.041299283519486,55.84236145019531,201500
2024-09-12 00:00:00-04:00,56.174138750040406,56.54383322750237,55.11246178106333,56.031951904296875,126000
2024-09-13 00:00:00-04:00,56.771328512796295,57.681337261368775,56.041424532362115,57.633941650390625,192700
2024-09-16 00:00:00-04:00,57.83301085755299,58.828336862525866,56.74289723770955,58.24061965942383,522900
2024-09-17 00:00:00-04:00,58.99896576441132,60.52512487858247,58.23114375279244,58.88521194458008,239100
2024-09-18 00:00:00-04:00,58.894691391252515,60.8095039057373,57.87092874118883,58.875732421875,328400
2024-09-19 00:00:00-04:00,60.45876726910341,60.48720753066626,58.117390643466486,59.150630950927734,448300
2024-09-20 00:00:00-04:00,58.62926925636993,59.04635934928984,57.15050580999181,57.43488311767578,1126400
2024-09-23 00:00:00-04:00,57.709784603328856,57.747698927132475,56.89456697666371,57.44436264038086,221600
2024-09-24 00:00:00-04:00,57.49176302387063,58.0131220511561,56.401645735502406,56.42060470581055,215100
2024-09-25 00:00:00-04:00,56.31633047761624,56.32580815445737,55.63382203133536,55.79497146606445,163800
2024-09-26 00:00:00-04:00,56.458517735840665,56.458517735840665,55.69069577738595,56.00351333618164,412900
2024-09-27 00:00:00-04:00,56.79976641633656,56.79976641633656,55.00818552281966,55.39683532714844,257900
2024-09-30 00:00:00-04:00,55.43512661148896,57.234782931905265,55.39683519683386,56.602989196777344,199900
2024-10-01 00:00:00-04:00,56.45940283044953,56.45940283044953,54.477867606033406,54.82248306274414,322800
2024-10-02 00:00:00-04:00,54.698038890090956,55.44470329365994,54.45872300159622,54.60231399536133,204700
2024-10-03 00:00:00-04:00,54.23854718171804,54.812903793705615,53.82692360418118,54.76504135131836,185300
2024-10-04 00:00:00-04:00,55.75103056553135,56.229662338872664,54.851200494580475,55.49256896972656,258400
2024-10-07 00:00:00-04:00,55.49256278359739,55.76059537825453,54.6597409616209,55.004356384277344,203800
2024-10-08 00:00:00-04:00,55.22452733120601,55.52128031646428,54.4108548562018,54.44914627075195,318300
2024-10-09 00:00:00-04:00,54.44914730863308,55.84675110132153,54.12367758209341,55.45427322387695,283500
2024-10-10 00:00:00-04:00,55.033080491640355,55.636153870395354,54.43957448952683,55.60743713378906,222500
2024-10-11 00:00:00-04:00,55.92333227625814,57.914442121844026,55.92333227625814,57.770851135253906,230200
2024-10-14 00:00:00-04:00,57.72298267667379,58.46007593781609,57.21563423980666,58.20161437988281,180000
2024-10-15 00:00:00-04:00,58.38350435199787,61.188283137790016,58.12504276047356,60.34589385986328,409300
2024-10-16 00:00:00-04:00,60.80537500003577,61.87750904540901,60.80537500003577,61.49460220336914,376200
2024-10-17 00:00:00-04:00,61.55204916749603,62.6720457678513,61.26486718124742,62.30828094482422,374200
2024-10-18 00:00:00-04:00,60.470333204509146,61.14999306098322,58.31649034153701,58.93871307373047,588900
2024-10-21 00:00:00-04:00,61.772214060517605,62.57631921874473,59.350338512338986,59.704524993896484,522800
2024-10-22 00:00:00-04:00,59.59922301261136,59.886404979656064,58.78555051043911,59.51306915283203,630500
2024-10-23 00:00:00-04:00,59.2641815688627,60.11614547702457,59.18760238976013,60.058712005615234,209100
2024-10-24 00:00:00-04:00,60.049141746319954,60.39375720682554,58.68982926507086,60.11614990234375,354400
2024-10-25 00:00:00-04:00,60.52776978083657,60.81494809629897,58.64195954490519,59.20674514770508,214300
2024-10-28 00:00:00-04:00,59.943845010621274,61.303161207908914,59.60880421463707,60.968116760253906,331900
2024-10-29 00:00:00-04:00,60.81494854110883,60.92982278947032,60.38418289059976,60.470333099365234,124600
2024-10-30 00:00:00-04:00,60.13528996515501,62.317849474535485,59.64708720972475,61.48503494262695,132000
2024-10-31 00:00:00-04:00,61.59990507621872,61.59990507621872,60.135293082337775,60.211875915527344,133000
2024-11-01 00:00:00-04:00,60.71922452467564,61.09255670803711,59.45563698791198,59.9246940612793,232700
2024-11-04 00:00:00-05:00,59.66623094183615,60.9393893962713,58.48879371741642,59.19717025756836,188100
2024-11-05 00:00:00-05:00,59.27375419144107,60.61392455265738,58.90042201055565,60.499053955078125,241200
2024-11-06 00:00:00-05:00,65.4193816905257,70.14826554455225,65.4193816905257,69.81322479248047,769300
2024-11-07 00:00:00-05:00,69.04741402390367,70.11955177928802,67.23818658273949,67.59237670898438,590100
2024-11-08 00:00:00-05:00,68.49220887372498,69.66006425201293,67.14246378331524,69.00912475585938,313500
2024-11-11 00:00:00-05:00,69.88024661168903,72.39784738781113,69.48776500867672,70.93323516845703,268800
2024-11-12 00:00:00-05:00,70.64604856382314,71.85219530419191,70.13869277873881,70.58860778808594,274300
2024-11-13 00:00:00-05:00,71.22997687969671,71.67988456676707,69.65049072520715,69.73664093017578,322700
2024-11-14 00:00:00-05:00,69.73664481708083,70.23442592911276,68.4634826037518,68.81767272949219,144500
2024-11-15 00:00:00-05:00,69.21015063917329,70.20569820430207,67.66895589410774,69.1335678100586,213900
2024-11-18 00:00:00-05:00,69.04741093361176,69.73664179527293,68.45391226089069,68.57835388183594,208000
2024-11-19 00:00:00-05:00,67.2764801362158,68.14759345951056,67.0563136128243,67.76468658447266,133800
2024-11-20 00:00:00-05:00,67.56365460704221,67.83168719876826,66.9318572379676,67.78382110595703,186600
2024-11-21 00:00:00-05:00,68.16672865680161,69.83236499675284,67.7359630303223,69.0569839477539,306300
2024-11-22 00:00:00-05:00,69.52604027278471,71.22040063329442,69.48774885919428,70.81835174560547,268600
2024-11-25 00:00:00-05:00,71.98621112831,73.92946213706284,71.58416221753664,71.76604461669922,502800
2024-11-26 00:00:00-05:00,71.30655093411652,71.31612561336235,70.16741241743628,70.22484588623047,264800
2024-11-27 00:00:00-05:00,70.97151332952653,71.92877680287148,69.8228000828489,69.87065887451172,193400
2024-11-29 00:00:00-05:00,70.56946497775982,71.17253834150088,68.80809637523458,69.29630279541016,111800
2024-12-02 00:00:00-05:00,69.43031476000813,70.35886144695822,68.36775177837869,69.5643310546875,253800
2024-12-03 00:00:00-05:00,69.57390813868538,70.09083128031929,68.31032067136044,68.52091979980469,168100
2024-12-04 00:00:00-05:00,68.76025201361904,69.4111916093495,68.14760384156006,69.24845123291016,191500
2024-12-05 00:00:00-05:00,69.43988995485266,69.7653560148224,68.33903555180494,68.37732696533203,189900
2024-12-06 00:00:00-05:00,69.08570378976172,69.4494685873053,67.61151715008594,68.70279693603516,117000
2024-12-09 00:00:00-05:00,68.96125708762787,69.18142358255164,67.4487791436305,67.66895294189453,327000
2024-12-10 00:00:00-05:00,67.65939208053128,69.11442955068237,67.13289417498946,67.57323455810547,322200
2024-12-11 00:00:00-05:00,68.24331015275719,69.20057357366274,67.67852093668596,68.33903503417969,551500
2024-12-12 00:00:00-05:00,68.27202935168765,69.12399324278498,68.0327134878212,68.5400619506836,215800
2024-12-13 00:00:00-05:00,68.35819281759836,68.42520097318689,67.28605502484093,67.77426147460938,217200
2024-12-16 00:00:00-05:00,68.10929734248745,68.66451190781845,67.72639049386812,68.61664581298828,223600
2024-12-17 00:00:00-05:00,68.08058513366674,68.74109200552861,66.42451600719434,66.51067352294922,211100
2024-12-18 00:00:00-05:00,67.19989433599255,67.58280119413838,62.42315154739422,62.93050003051758,488300
2024-12-19 00:00:00-05:00,63.906910066818554,64.60570829654004,62.07853336885744,62.70075607299805,249200
2024-12-20 00:00:00-05:00,62.01152368425994,64.17494107602012,62.01152368425994,63.19852828979492,607500
2024-12-23 00:00:00-05:00,62.73905655290178,63.504863042749136,62.60504023459495,63.428287506103516,225800
2024-12-24 00:00:00-05:00,63.36126987076997,64.15579298094991,62.62417292697952,63.28468704223633,213000
2024-12-26 00:00:00-05:00,62.75819824610719,63.36127897832085,62.643331290136246,63.102813720703125,163700
2024-12-27 00:00:00-05:00,62.53802854136671,63.32298434852318,61.42759933432814,62.222129821777344,248000
2024-12-30 00:00:00-05:00,62.144867237990375,62.47322002599896,61.4591982420324,61.91309356689453,136900
2024-12-31 00:00:00-05:00,62.019327234388804,63.05266046317433,61.65234794219193,61.9903564453125,144200
2025-01-02 00:00:00-05:00,62.366987090688426,62.82088240244272,60.81215766308206,61.02461624145508,170800
2025-01-03 00:00:00-05:00,61.29502246645917,61.806859341508755,60.136143117010704,61.72959899902344,177000
2025-01-06 00:00:00-05:00,61.7296032812347,62.7532844702989,61.13085032134132,61.26605224609375,185100
2025-01-07 00:00:00-05:00,61.507483505784144,61.60405893776188,59.94299834750524,60.55141067504883,246700
2025-01-08 00:00:00-05:00,60.290662139509394,60.657641410667416,59.50841772350899,60.213401794433594,377400
2025-01-10 00:00:00-05:00,59.07383946919414,60.10717635729358,57.49969856734718,58.24331283569336,249200
2025-01-13 00:00:00-05:00,57.81838698018827,59.276644695422476,57.42243691734525,58.94829559326172,190100
2025-01-14 00:00:00-05:00,59.62430665436312,61.430224806725526,59.44081518167929,61.38193893432617,230500
2025-01-15 00:00:00-05:00,61.80686377033828,64.04736228729494,61.80686377033828,62.57945251464844,270700
2025-01-16 00:00:00-05:00,62.50218768797301,62.81122168996249,61.47851025389795,61.72959899902344,227200
2025-01-17 00:00:00-05:00,62.48287373965893,65.83396583202952,62.386301988076546,64.74269104003906,468700
2025-01-21 00:00:00-05:00,64.5591933567675,66.59688880173175,64.5591933567675,65.86293029785156,402900
2025-01-22 00:00:00-05:00,65.39938441112794,65.47664475383952,64.45296363279071,65.04206085205078,369300
2025-01-23 00:00:00-05:00,64.81994201799745,65.05171566188002,63.042991100360865,63.62242889404297,263400
2025-01-24 00:00:00-05:00,63.313403274164614,64.68474865412121,63.09128898509679,64.29845428466797,185600
2025-01-27 00:00:00-05:00,64.4626230065988,65.97882223428313,64.1246182172332,65.15795135498047,391700
2025-01-28 00:00:00-05:00,64.99377979685609,65.66978938748768,64.30810345327725,64.68474578857422,164000
2025-01-29 00:00:00-05:00,64.6847517723679,65.53459353177138,63.62244036317279,64.36605834960938,138900
2025-01-30 00:00:00-05:00,64.28879540510651,66.09471735993786,62.92711676781091,64.9744644165039,217500
2025-01-31 00:00:00-05:00,64.95515329452175,66.19128939748573,64.64611926878075,64.85858154296875,231800
2025-02-03 00:00:00-05:00,63.51620969468723,64.79097602725047,62.60842634910379,63.960453033447266,216400
2025-02-04 00:00:00-05:00,62.86915856298248,65.91121616737463,61.874455673687706,65.80498504638672,155300
2025-02-05 00:00:00-05:00,66.17195670902949,66.7514018323825,63.197507599844634,66.66448211669922,162100
2025-02-06 00:00:00-05:00,66.963867129029,67.99720765499207,66.42305945543873,67.88131713867188,226300
2025-02-07 00:00:00-05:00,67.6591966433075,67.6591966433075,65.9498538641978,67.40811157226562,333300
2025-02-10 00:00:00-05:00,67.30187565274879,67.68816261701865,66.67414828388293,66.90592193603516,311000
2025-02-11 00:00:00-05:00,66.43271442329942,68.05514470414575,66.43271442329942,67.83302307128906,214500
2025-02-12 00:00:00-05:00,66.69346336935054,67.14735868218948,66.17196709723466,66.39408874511719,285300
2025-02-13 00:00:00-05:00,66.61621658810994,66.67415816774944,65.47665219149955,66.64518737792969,138700
2025-02-14 00:00:00-05:00,67.1570169347173,67.54331128176504,65.91122153366308,66.18162536621094,199100
2025-02-18 00:00:00-05:00,66.30717048971752,67.90062258359733,66.0271072924786,67.51433563232422,238000
2025-02-19 00:00:00-05:00,67.03147659775075,67.71714558643045,64.00873004850045,67.40811157226562,264200
2025-02-20 00:00:00-05:00,67.070102811744,67.37913684161705,65.55390345143671,67.1280517578125,306500
2025-02-21 00:00:00-05:00,67.40810415047869,67.95857115785061,65.57321166992188,65.57321166992188,398100
2025-02-24 00:00:00-05:00,66.09471502196544,66.22991694236256,65.13863482607591,65.46698760986328,337200
2025-02-25 00:00:00-05:00,66.04642715862686,66.79004510784152,65.56356103969087,65.66979217529297,231700
2025-02-26 00:00:00-05:00,65.48629728573373,66.12368406618923,65.05172074847907,66.06574249267578,266500
2025-02-27 00:00:00-05:00,65.85329217906298,66.52930188586207,65.42836758167313,65.54425811767578,265600
2025-02-28 00:00:00-05:00,65.71807608320911,67.04112441983409,65.71807608320911,66.2105941772461,293000
2025-03-03 00:00:00-05:00,66.42306014293403,67.4563933116404,65.28349584182266,65.69876098632812,282200
2025-03-04 00:00:00-05:00,65.06138232754859,65.06138232754859,62.57945081634458,62.830535888671875,269100
2025-03-05 00:00:00-05:00,63.15888398457292,64.8778860300057,61.4978235103048,62.386295318603516,361900
2025-03-06 00:00:00-05:00,61.739262657220785,61.990355103702,60.91839172336361,61.323997497558594,190000
2025-03-07 00:00:00-05:00,61.25639699576703,64.00873243843053,59.70156748171017,60.918392181396484,236200
2025-03-10 00:00:00-04:00,59.904366140531444,60.53209353315474,58.43645278010042,58.639259338378906,542500
2025-03-11 00:00:00-04:00,59.03521164042122,59.89471272678953,58.27228230246298,58.94829559326172,306300
2025-03-12 00:00:00-04:00,59.11246476057873,60.45483187652046,58.44611089493181,59.28629684448242,360400
2025-03-13 00:00:00-04:00,59.53739054853838,60.377576516136315,59.247667946491724,59.26698303222656,246500
2025-03-14 00:00:00-04:00,59.87539650290653,61.488167511369895,59.87539650290653,61.478511810302734,262200
2025-03-17 00:00:00-04:00,61.285364756349104,62.618072544855416,60.96667504482838,61.932403564453125,466400
2025-03-18 00:00:00-04:00,61.497830149986285,61.835834964859124,60.85078762497461,61.43022918701172,315200
2025-03-19 00:00:00-04:00,61.44953945672475,62.63738959240987,61.101875283553326,61.845489501953125,380500
2025-03-20 00:00:00-04:00,60.94735590825639,62.46355507242833,60.8507804839289,60.90872573852539,351400
2025-03-21 00:00:00-04:00,60.2230568036911,61.768226753173415,60.203741718825604,60.90872573852539,1456400
2025-03-24 00:00:00-04:00,61.323997893982686,63.12991985450455,61.323997893982686,62.917457580566406,317800
2025-03-25 00:00:00-04:00,63.11060292533247,63.59346906457443,62.45390468124532,62.94643020629883,287600
2025-03-26 00:00:00-04:00,63.24580300905092,64.41433814775836,62.53116320685636,62.917457580566406,237700
2025-03-27 00:00:00-04:00,62.95608226085713,63.30374643006195,62.086921837845075,62.48286819458008,219300
2025-03-28 00:00:00-04:00,62.164184213342196,62.70499188626547,60.63832557279216,61.02461624145508,167700
2025-03-31 00:00:00-04:00,60.3519815422888,61.36580994178109,59.91330543494145,61.073360443115234,224000
2025-04-01 00:00:00-04:00,60.16676621616917,61.239082316648876,59.581863482427956,60.90763854980469,237400
2025-04-02 00:00:00-04:00,60.079030388256484,61.434049277158486,60.079030388256484,61.29757308959961,207400
2025-04-03 00:00:00-04:00,58.09036862295614,58.47055335612268,55.419321347875,55.89699172973633,412800
2025-04-04 00:00:00-04:00,53.37216996842183,54.32750699375905,51.84168064307884,53.996063232421875,479900
2025-04-07 00:00:00-04:00,52.78727264560291,56.60862086875094,51.14955091605453,53.51839828491211,570000
2025-04-08 00:00:00-04:00,55.29259536911691,56.23818198627302,52.377839561599394,53.255191802978516,471600
2025-04-09 00:00:00-04:00,54.86366705082643,58.002634334189224,51.63696826026891,57.144779205322266,586300
2025-04-10 00:00:00-04:00,55.65328234332904,55.819002365554915,51.364010551836195,52.97248840332031,363000
2025-04-11 00:00:00-04:00,52.25110986504475,53.45990586838215,51.06181470998873,52.270606994628906,420400
2025-04-14 00:00:00-04:00,53.29418211040078,53.46965255790877,51.82218415485846,52.94324493408203,295500
2025-04-15 00:00:00-04:00,53.00173740685832,54.71744777825014,53.00173740685832,53.84984588623047,281000
2025-04-16 00:00:00-04:00,53.68411696392647,54.5517187724698,53.53789035225631,53.966819763183594,485800
2025-04-17 00:00:00-04:00,53.56714012932045,54.863667683911245,53.56714012932045,54.43474197387695,518400
2025-04-21 00:00:00-04:00,50.83760720268063,54.16179181881936,50.83760720268063,53.245445251464844,503100
2025-04-22 00:00:00-04:00,53.762102924941956,55.75076169315514,52.913994567505604,55.52655029296875,325500
2025-04-23 00:00:00-04:00,56.901072659365255,58.07087447284469,55.770265107364544,56.30642318725586,291100
2025-04-24 00:00:00-04:00,55.84825081908252,57.03754598473819,55.2243575416178,56.89132308959961,334000
2025-04-25 00:00:00-04:00,56.28692671291837,56.81333433945203,55.63378588412508,56.579376220703125,225600
2025-04-28 00:00:00-04:00,56.618368903097405,57.12527938583372,55.81900148332749,56.715850830078125,299300
2025-04-29 00:00:00-04:00,56.90106749570833,57.905149184831004,56.130951354226085,57.7589225769043,309100
2025-04-30 00:00:00-04:00,56.628116883261164,58.070871003501914,55.594791327994024,57.60295104980469,353400
2025-05-01 00:00:00-04:00,57.68093924615937,58.98721725500055,57.07654306854552,58.30483627319336,299400
2025-05-02 00:00:00-04:00,58.19759900908695,60.790657677522056,58.080619953306375,60.7321662902832,365100
2025-05-05 00:00:00-04:00,59.93280357887827,61.33656342746308,59.87431219067579,60.644432067871094,275700
2025-05-06 00:00:00-04:00,59.80607705468643,60.77116455491888,59.211431312691815,59.71834182739258,273400
2025-05-07 00:00:00-04:00,60.39097768537923,60.60543867445623,59.1041968761282,59.24067306518555,374700
2025-05-08 00:00:00-04:00,59.79633009610913,60.9758785879763,59.484383448982236,60.41047668457031,337500
2025-05-09 00:00:00-04:00,60.371483701002695,60.78091228950561,59.835325622330934,60.293495178222656,171700
2025-05-12 00:00:00-04:00,62.88655843546227,64.00761929057326,62.88655843546227,63.21799850463867,346200
2025-05-13 00:00:00-04:00,62.82806311214301,63.929630551337596,62.82806311214301,63.568939208984375,187000
2025-05-14 00:00:00-04:00,63.27648908142473,63.793149997759315,62.61360155318171,62.95479202270508,296600
2025-05-15 00:00:00-04:00,63.04252116414727,64.19282573070078,62.64284303980098,63.15950393676758,312000
2025-05-16 00:00:00-04:00,62.79881353036937,63.14000399198041,62.0481945148251,63.0717658996582,356100
2025-05-19 00:00:00-04:00,62.340652283298006,63.071774266784416,60.683433281274674,63.01328659057617,311000
2025-05-20 00:00:00-04:00,63.11076272599697,63.19850166963557,61.63876475053416,62.51611328125,181900
2025-05-21 00:00:00-04:00,61.82397749237341,62.18466879065864,59.81582160505258,59.90355682373047,237100
2025-05-22 00:00:00-04:00,59.51362467456475,60.849146431414326,59.12369324210868,59.64035415649414,465300
2025-05-23 00:00:00-04:00,58.1098691649232,59.52337954507271,58.1098691649232,59.250423431396484,230800
2025-05-27 00:00:00-04:00,60.108279165547586,60.917393370744016,59.40639732187815,60.85890197753906,192400
2025-05-28 00:00:00-04:00,60.615188553736246,61.170843729158726,59.85481909656806,59.952301025390625,266600
2025-05-29 00:00:00-04:00,60.12777209006639,61.80448805766335,59.63060457934996,60.56644821166992,223900
2025-05-30 00:00:00-04:00,60.166765731236914,60.65418281274416,58.275585075022605,59.952301025390625,244500
2025-06-02 00:00:00-04:00,59.97179645848672,60.28374308433162,58.5972804762648,59.435638427734375,191000
2025-06-03 00:00:00-04:00,59.328412887365026,60.810161389547076,59.02621293196228,60.166770935058594,258900
2025-06-04 00:00:00-04:00,59.991300752322935,60.53720555340148,58.73376367492834,59.80607986450195,237600
2025-06-05 00:00:00-04:00,59.95230741767412,60.5372064903675,59.61111691171925,60.39098358154297,349500
2025-06-06 00:00:00-04:00,61.42430295078092,62.30165524175628,61.278080048083325,62.26266098022461,303800
2025-06-09 00:00:00-04:00,62.58435628322715,63.705417165517915,61.87273144102708,63.09127426147461,272000
2025-06-10 00:00:00-04:00,63.07177073437759,64.2903135031051,63.07177073437759,63.97836685180664,213400
2025-06-11 00:00:00-04:00,64.37805346369879,64.4072973006256,63.17900408793505,63.55918884277344,196800
2025-06-12 00:00:00-04:00,63.10101495238406,63.71515776168812,62.652584718727645,63.60792541503906,276700
2025-06-13 00:00:00-04:00,63.198501733601034,68.23839266394947,61.74599716781302,61.85322952270508,290700
2025-06-16 00:00:00-04:00,62.69158441367446,62.97428722141848,61.0928569361801,61.13185119628906,286800
2025-06-17 00:00:00-04:00,60.4884617426723,61.29757591868204,59.6208598942649,59.71834182739258,301200
2025-06-18 00:00:00-04:00,59.396648473113345,60.56645026413234,59.396648473113345,59.71834182739258,337000
2025-06-20 00:00:00-04:00,60.15701259633441,60.644429655877616,59.045702295567445,59.523372650146484,920500
2025-06-23 00:00:00-04:00,59.308913219515794,61.09285788210324,57.81741807487906,61.05386734008789,354200
2025-06-24 00:00:00-04:00,61.62901871593507,62.525864386257346,55.575295566470416,61.13185119628906,326600
2025-06-25 00:00:00-04:00,61.053865337668704,61.18059110278271,60.137518834460444,60.22525405883789,329700
2025-06-26 00:00:00-04:00,60.615190661367,62.19442101912613,60.0790325968059,62.09693908691406,293600
2025-06-27 00:00:00-04:00,62.16517797654409,62.62334752622474,61.45354944996169,62.02870178222656,562500
2025-06-30 00:00:00-04:00,62.51083588746678,62.79618454142666,61.58591693551179,61.881103515625,335300
2025-07-01 00:00:00-04:00,61.2415301460578,65.08880468122565,60.20837153722817,64.29179382324219,693200
2025-07-02 00:00:00-04:00,64.68538745676038,65.4233558499615,63.80966556405528,65.08881378173828,671400
2025-07-03 00:00:00-04:00,65.30527902244921,66.71233891497725,65.19704306863922,65.86613464355469,483200
2025-07-07 00:00:00-04:00,65.36431794751357,66.82057881672294,64.15404653204207,64.2229232788086,1546400
2025-07-08 00:00:00-04:00,64.45907003347662,66.15147845245988,64.39019329582038,65.27574920654297,650000
2025-07-09 00:00:00-04:00,65.61030756824714,66.06292726343662,65.019934379174,65.69886016845703,314900
2025-07-10 00:00:00-04:00,65.52174543043013,66.66314006666694,64.82313630252746,66.32859802246094,427500
2025-07-11 00:00:00-04:00,65.76772838404793,65.78741174176507,64.83297158152178,64.9215316772461,439800
2025-07-14 00:00:00-04:00,64.75425956366898,66.05308354229788,64.07533379536439,65.96453094482422,365500
2025-07-15 00:00:00-04:00,65.7874159403299,66.07276458942817,63.07169044115482,63.11104965209961,461600
2025-07-16 00:00:00-04:00,63.41607858309541,64.46891315165797,62.12709623936995,63.14057159423828,369000
2025-07-17 00:00:00-04:00,63.061853786547424,64.67555153585835,63.061853786547424,64.63619232177734,425500
2025-07-18 00:00:00-04:00,66.90912620706777,70.04795379461049,66.13179869293957,68.36538696289062,934100
2025-07-21 00:00:00-04:00,68.69992884725806,69.61500984228478,67.55854177680641,67.6274185180664,584600
2025-07-22 00:00:00-04:00,67.76517510890254,68.00132287448271,66.8796116042243,67.41094970703125,409400
2025-07-23 00:00:00-04:00,67.63725471498601,68.00132179083042,66.44666671928123,67.36174774169922,385200
2025-07-24 00:00:00-04:00,66.73201621832092,67.07639993929605,65.4233505716133,65.5709457397461,296900
2025-07-25 00:00:00-04:00,65.55126929147292,65.82677626574898,64.58698737450472,65.17736053466797,319900
2025-07-28 00:00:00-04:00,65.23640322828896,65.26592076030235,64.65586423968504,64.81330108642578,269100
2025-07-29 00:00:00-04:00,65.33479970356413,65.33479970356413,63.60303186612445,63.81950378417969,628600
2025-07-30 00:00:00-04:00,64.1048516252386,64.52795377591393,62.93393945097383,63.229129791259766,461400
2025-07-31 00:00:00-04:00,62.540359258107486,63.179929577426726,62.19597177524223,62.530517578125,389800
2025-08-01 00:00:00-04:00,61.77286967322409,62.12709508287577,60.562602025914956,61.064422607421875,546800
2025-08-04 00:00:00-04:00,61.41864495293407,62.963462174254246,61.074261219408,62.93394088745117,353400
2025-08-05 00:00:00-04:00,63.08153557827467,63.64239122772624,61.58591926190341,63.09137725830078,530500
2025-08-06 00:00:00-04:00,63.09137397250534,63.455433537485966,62.500997067223366,62.56987380981445,336600
2025-08-07 00:00:00-04:00,63.219284378516065,63.219284378516065,61.723668173148965,62.136932373046875,298800
2025-08-08 00:00:00-04:00,62.66826880103878,62.983138739559365,61.890945018115985,62.786346435546875,141000
2025-08-11 00:00:00-04:00,62.865060452386466,63.386556862129545,62.44195831687761,63.307838439941406,274200
2025-08-12 00:00:00-04:00,63.947411702134204,66.11212324386429,62.23532732895816,65.82677459716797,362600
2025-08-13 00:00:00-04:00,66.08260254882684,67.23383125289686,65.73821134919777,66.77136993408203,335200
2025-08-14 00:00:00-04:00,65.6890207867965,67.07639729576219,65.6890207867965,66.90912628173828,410700
2025-08-15 00:00:00-04:00,67.09607936952857,67.45030474950246,65.01008629934923,65.01992797851562,452400
2025-08-18 00:00:00-04:00,64.5968268313999,66.03340422426568,64.04580539480625,65.79725646972656,310500
2025-08-19 00:00:00-04:00,65.68901717124423,66.55489723177003,65.43318607111108,65.63981628417969,187600
2025-08-20 00:00:00-04:00,65.73822137276417,66.41715468960992,65.16753152667914,66.16132354736328,265900
2025-08-21 00:00:00-04:00,65.71853983416746,66.81073355070296,65.3938319709808,65.88581085205078,313800
2025-08-22 00:00:00-04:00,66.36794592155582,69.8413230162138,65.7677311053714,69.80196380615234,333100
2025-08-25 00:00:00-04:00,69.3001430075907,70.09714636415922,66.84024869027881,69.42805480957031,264200
2025-08-26 00:00:00-04:00,69.29030147612414,70.5497661681534,69.29030147612414,70.16602325439453,252800
2025-08-27 00:00:00-04:00,69.80196901489148,71.30742325382406,69.79212733489128,70.78592681884766,252600
2025-08-28 00:00:00-04:00,71.00240126582295,71.39597839582214,70.0676368145685,70.5399398803711,205000
2025-08-29 00:00:00-04:00,70.67768967804912,71.18934442446994,70.28410506164734,70.36282348632812,210700
2025-09-02 00:00:00-04:00,69.63469514632091,70.15619912322464,69.06400528712906,69.91020965576172,217500
2025-09-03 00:00:00-04:00,69.42806184520212,70.32346707080215,66.97800895883894,69.39854431152344,242500
2025-09-04 00:00:00-04:00,69.72325281276686,70.99255932119601,69.447745819992,70.8941650390625,279100
2025-09-05 00:00:00-04:00,71.13030827455546,71.93715334772186,69.7232483596065,69.94955444335938,358900
2025-09-08 00:00:00-04:00,69.99876118954074,70.53994101247895,68.92625073117571,69.86100769042969,202000
2025-09-09 00:00:00-04:00,69.59534174947424,70.16603159482253,68.4933062594521,68.72945404052734,251400
2025-09-10 00:00:00-04:00,68.58185542795005,69.28047206977676,68.03084146403265,68.19811248779297,254800
2025-09-11 00:00:00-04:00,68.35555002445845,69.05415916629228,67.9226061873211,68.9655990600586,189700
2025-09-12 00:00:00-04:00,68.88688961826735,70.16603029005785,67.29287523489491,70.13651275634766,433400
2025-09-15 00:00:00-04:00,69.66420889288244,70.49072976618368,66.75168746419787,69.73308563232422,672300
2025-09-16 00:00:00-04:00,69.67404554197705,69.67404554197705,67.9718028465407,68.75896453857422,301100
2025-09-17 00:00:00-04:00,68.92624710315069,71.13031047991643,68.73929271833941,69.31982421875,294300
2025-09-18 00:00:00-04:00,69.73308782704403,71.84859096519487,69.39853829136784,71.67147827148438,300000
2025-09-19 00:00:00-04:00,71.67148139993883,72.18314365165952,69.77245008309733,69.9889144897461,1012900
2025-09-22 00:00:00-04:00,69.516614173199,69.78227945357739,68.6704099364358,69.0246353149414,227100
2025-09-23 00:00:00-04:00,69.1525477302779,70.66784352802125,69.1525477302779,69.41822052001953,218800
2025-09-24 00:00:00-04:00,69.23127150341082,69.78228546992503,67.43062692526331,69.30998992919922,144700
2025-09-25 00:00:00-04:00,68.98528146108562,69.49693621031493,68.64089773496953,69.28047180175781,175800
2025-09-26 00:00:00-04:00,69.5854928543002,70.22506688927758,69.06399645111922,69.85115814208984,175700
2025-09-29 00:00:00-04:00,69.81147702522756,69.92062007547916,68.41246569195657,68.89865112304688,238200
2025-09-30 00:00:00-04:00,68.69028995422927,69.09708967980585,67.55917036892197,68.63075256347656,211200
2025-10-01 00:00:00-04:00,68.04534918931789,68.68035911621844,67.32103696992935,68.59105682373047,156000
2025-10-02 00:00:00-04:00,68.3926248610526,68.93834011166578,67.88659868047637,68.35293579101562,238900
2025-10-03 00:00:00-04:00,68.83910773242935,70.00990870314132,68.35292991363406,68.90856170654297,350900
2025-10-06 00:00:00-04:00,68.76965640834439,71.02196371409262,68.76965640834439,69.74201965332031,278400
2025-10-07 00:00:00-04:00,69.96030723547366,70.32741787637325,69.22607081384272,69.52373504638672,215300
2025-10-08 00:00:00-04:00,69.68248788535548,70.0694468266267,68.84903261729134,68.95817565917969,286400
2025-10-09 00:00:00-04:00,68.759743380165,69.0970891220706,67.6087830538412,68.26364135742188,316400
2025-10-10 00:00:00-04:00,68.70020561427667,69.79162854436102,64.77107852402335,64.98936462402344,389300
2025-10-13 00:00:00-04:00,65.98156439609757,67.39049222506908,65.4755382488218,67.2813491821289,263800
2025-10-14 00:00:00-04:00,66.74556058792322,69.71225603554036,66.62650095117328,69.29552459716797,281000
2025-10-15 00:00:00-04:00,69.49397055031834,69.50389471010638,67.10275522576714,67.39049530029297,394300
2025-10-16 00:00:00-04:00,67.02338405953064,67.32104072127423,62.83628191639442,63.88801574707031,524000
2025-10-17 00:00:00-04:00,65.0687423170437,66.41814040785137,63.917782004918806,65.71367645263672,432700
2025-10-20 00:00:00-04:00,66.12047423636649,68.511689520123,65.7235911206909,68.06519317626953,420200
2025-10-21 00:00:00-04:00,68.59106167885146,68.77958286640269,67.97590002670063,68.39262390136719,308700
2025-10-22 00:00:00-04:00,68.56129708369886,68.97802096027685,67.14244501542197,67.44010925292969,276400
2025-10-23 00:00:00-04:00,67.23174343908204,67.98581300944566,66.11054810302791,67.5988540649414,268900
2025-10-24 00:00:00-04:00,68.23386680216268,69.06732211138004,68.0751180960692,68.66051483154297,166500
2025-10-27 00:00:00-04:00,68.75974403293307,69.13677884862742,67.688161836855,67.76753997802734,189900
2025-10-28 00:00:00-04:00,67.46987405857305,68.16441385179785,67.18213398140392,67.75761413574219,171300
2025-10-29 00:00:00-04:00,67.3706529156397,68.38269766189723,65.88234692002136,66.5173568725586,256700
2025-10-30 00:00:00-04:00,66.5768854408082,67.5393245111027,64.939747362363,66.6463394165039,289100
2025-10-31 00:00:00-04:00,66.82494119753008,66.91424349831166,65.6045344562056,66.76541137695312,294600
2025-11-03 00:00:00-05:00,65.92203975787105,67.27143787665334,65.16796255739479,67.2218246459961,399800
2025-11-04 00:00:00-05:00,65.98156431149835,67.8568292179161,65.98156431149835,67.5988540649414,402600
2025-11-05 00:00:00-05:00,67.38057676804726,70.10913774757665,67.38057676804726,69.19630432128906,337700
2025-11-06 00:00:00-05:00,69.1466997180506,69.69240738032872,67.42025929433656,68.839111328125,306800
2025-11-07 00:00:00-05:00,68.78950586610674,69.99999597012724,68.2041015635439,69.9305419921875,257400
2025-11-10 00:00:00-05:00,70.29764897084151,70.6449188424574,68.9680992995362,69.13677215576172,387400
2025-11-11 00:00:00-05:00,69.18638573594741,69.99999268357746,68.83910829263777,69.59318542480469,185700
2025-11-12 00:00:00-05:00,69.5138076651238,70.78382753461096,69.11693213334571,69.18638610839844,218000
2025-11-13 00:00:00-05:00,68.88872398506226,69.72217171104616,68.07511700830456,68.47200012207031,292700
2025-11-14 00:00:00-05:00,67.35080683341529,68.85896119821719,66.97377202717281,68.62083435058594,311500
2025-11-17 00:00:00-05:00,68.58114563971102,68.58114563971102,65.72359317352554,65.94187927246094,322000
2025-11-18 00:00:00-05:00,65.72359030988264,67.01345852743674,65.72359030988264,66.06094360351562,326400
2025-11-19 00:00:00-05:00,66.08078678786966,66.87455303868113,65.65413875279378,66.66619110107422,210500
2025-11-20 00:00:00-05:00,67.47979723197518,68.54145522605057,66.25938296181724,66.38837432861328,261600
2025-11-21 00:00:00-05:00,66.61658002561732,69.99999950595144,66.47767206272135,69.31537628173828,315700
2025-11-24 00:00:00-05:00,69.39475450414105,70.74415263377215,67.76754044839463,70.40679931640625,306600
2025-11-25 00:00:00-05:00,70.8235224999361,73.75052899501081,70.8235224999361,73.175048828125,427400
2025-11-26 00:00:00-05:00,72.57972559119786,73.41317333460144,72.0836235811007,72.2522964477539,533300
2025-11-28 00:00:00-05:00,72.23245716847731,72.23245716847731,71.27001803811086,71.4883041381836,111800
2025-12-01 00:00:00-05:00,70.83344307646703,72.93691828526143,70.26788709828911,72.69878387451172,177300
2025-12-02 00:00:00-05:00,73.14528021723059,73.57192824076242,72.13322789633378,72.69878387451172,195700
2025-12-03 00:00:00-05:00,72.86746126816293,74.07795131093796,72.01416525669578,73.4528579711914,271200
2025-12-04 00:00:00-05:00,73.30402931807892,73.78029057224144,72.86746470250543,73.15520477294922,170900
2025-12-05 00:00:00-05:00,72.7781626385956,73.70091267093413,72.32174970226586,73.06590270996094,267300
2025-12-08 00:00:00-05:00,73.33380308533391,74.08787269362449,72.52018851811373,73.57192993164062,196700
2025-12-09 00:00:00-05:00,73.26434196229562,74.55421022962567,73.26434196229562,73.7108383178711,288000
2025-12-10 00:00:00-05:00,73.48262991221756,76.95534410572374,73.48262991221756,75.90361022949219,428000
2025-12-11 00:00:00-05:00,75.65555815184818,77.10417514380839,75.3975829815244,76.26080322265625,269800
2025-12-12 00:00:00-05:00,76.44931897402704,76.60806767299047,75.45711500327997,76.09212493896484,200400
2025-12-15 00:00:00-05:00,76.28064185736041,77.05456734686983,76.1417339010188,76.97518920898438,291900
2025-12-16 00:00:00-05:00,77.0644836032321,77.39191274315603,75.20906695016156,76.5187759399414,438700
2025-12-17 00:00:00-05:00,76.29056866782628,77.55067204831425,75.81431496379761,76.08220672607422,327100
2025-12-18 00:00:00-05:00,76.74697620711487,77.09424608553492,75.95321756642845,76.45923614501953,335200
2025-12-19 00:00:00-05:00,76.32033145172666,76.99503048856626,75.1991436335603,76.79659271240234,1182400
2025-12-22 00:00:00-05:00,76.75689917527207,77.56058196284535,75.70516539697466,76.58822631835938,443500
2025-12-23 00:00:00-05:00,76.2608031179762,76.72714022795043,74.99078315799636,75.16938018798828,317800
2025-12-24 00:00:00-05:00,75.45711954205358,75.45711954205358,74.82210956817262,75.11976623535156,217300
2025-12-26 00:00:00-05:00,74.94116422922909,75.34797148824292,74.67327248957072,75.08999633789062,161000
2025-12-29 00:00:00-05:00,75.12999725341797,75.12999725341797,74.47000122070312,74.69000244140625,281200
2025-12-30 00:00:00-05:00,74.69000244140625,74.69000244140625,73.62000274658203,73.75,169900
2025-12-31 00:00:00-05:00,74.06999969482422,74.47000122070312,73.02999877929688,73.08000183105469,163200
2026-01-02 00:00:00-05:00,72.98999786376953,74.02999877929688,72.0,73.19000244140625,390000
2026-01-05 00:00:00-05:00,72.88999938964844,75.33000183105469,72.88999938964844,74.5999984741211,339600
2026-01-06 00:00:00-05:00,74.19999694824219,75.19000244140625,73.54000091552734,75.12000274658203,305000
2026-01-07 00:00:00-05:00,75.06999969482422,75.44000244140625,73.94999694824219,74.2699966430664,298900
2026-01-08 00:00:00-05:00,74.3499984741211,77.43000030517578,73.87000274658203,76.19999694824219,407400
2026-01-09 00:00:00-05:00,76.16000366210938,76.91999816894531,75.25,75.5,184100
2026-01-12 00:00:00-05:00,75.0,75.06999969482422,74.05000305175781,74.45999908447266,298200
2026-01-13 00:00:00-05:00,74.4000015258789,74.80999755859375,73.31999969482422,73.48999786376953,262900
2026-01-14 00:00:00-05:00,73.37999725341797,75.0199966430664,73.1500015258789,74.80999755859375,310600
2026-01-15 00:00:00-05:00,74.69999694824219,76.91000366210938,74.69999694824219,76.62000274658203,298600
2026-01-16 00:00:00-05:00,76.43000030517578,76.94999694824219,75.91000366210938,76.44999694824219,260300
2026-01-20 00:00:00-05:00,75.12000274658203,76.06999969482422,73.95999908447266,75.41999816894531,210100
2026-01-21 00:00:00-05:00,75.8499984741211,79.68000030517578,75.77999877929688,79.37999725341797,307600
2026-01-22 00:00:00-05:00,79.66000366210938,80.91999816894531,79.66000366210938,80.54000091552734,495200
2026-01-23 00:00:00-05:00,80.54000091552734,80.54000091552734,77.62999725341797,78.31999969482422,526900
2026-01-26 00:00:00-05:00,78.52999877929688,79.0,77.62999725341797,78.6500015258789,477400
2026-01-27 00:00:00-05:00,78.47000122070312,79.56999969482422,77.87000274658203,79.55000305175781,403900
2026-01-28 00:00:00-05:00,79.69999694824219,80.9800033569336,79.18000030517578,79.55000305175781,427900
2026-01-29 00:00:00-05:00,79.9800033569336,80.94000244140625,79.62000274658203,80.52999877929688,429800
2026-01-30 00:00:00-05:00,80.02999877929688,81.47000122070312,80.01000213623047,80.77999877929688,539100
2026-02-02 00:00:00-05:00,78.4000015258789,82.69000244140625,78.4000015258789,82.08999633789062,359800
2026-02-03 00:00:00-05:00,82.08999633789062,84.61000061035156,80.81999969482422,84.5199966430664,407400
2026-02-04 00:00:00-05:00,85.0,86.55999755859375,84.95999908447266,85.22000122070312,478300
2026-02-05 00:00:00-05:00,85.22000122070312,86.30000305175781,84.47000122070312,85.16999816894531,383100
2026-02-06 00:00:00-05:00,85.69999694824219,87.0,85.22000122070312,86.01000213623047,300900
